NUMBER OF AREAS : 1
---area label--- : 1
area size : 570
mean x : 132.56
mean y : 154.13
mean E_x^2 : 170.95
mean E_y^2 : 50.27
mean E_xy^2 : 69.31
theta : 0.78
average greyscal : 53.14
average RGB [55.96,50.81,53.66]
(0 6)(1 4)(2 4)(3 1)(4 4)(5 1)(6 3)(7 3)(8 6)(9 5)(10 6)(11 3)(12 1)(13 2)(14 5)(15 3)(16 3)(17 3)(18 7)(19 5)(20 5)(21 5)(22 7)(23 12)(24 9)(25 8)(26 10)(27 7)(28 1)(29 8)(30 7)(31 10)(32 6)(33 7)(34 4)(35 9)(36 5)(37 4)(38 3)(39 7)(40 2)(41 7)(42 5)(43 4)(44 4)(45 8)(46 3)(47 9)(48 6)(49 9)(50 5)(51 8)(52 6)(53 9)(54 5)(55 3)(56 7)(57 3)(58 6)(59 11)(60 12)(61 8)(62 9)(63 16)(64 8)(65 5)(66 6)(67 9)(68 8)(69 12)(70 3)(71 11)(72 5)(73 11)(74 9)(75 9)(76 5)(77 4)(78 2)(79 2)(80 1)(82 5)(83 1)(84 2)(85 3)(86 2)(87 3)(88 1)(89 4)(90 3)(91 2)(93 2)(94 4)(95 4)(96 1)(97 2)(98 2)(99 1)(100 2)(101 3)(102 2)(103 2)(104 2)(106 3)(107 2)(108 2)(109 1)(110 1)(111 1)(112 1)(115 1)(117 2)(118 2)(121 1)(124 2)(125 1)(127 1)(128 1)(130 1)(137 1)(138 1)(139 1)(140 1)(153 1)(158 1)(166 1)(168 1)(176 1)(188 1)
