NUMBER OF AREAS : 3
---area label--- : 1
area size : 16
mean x : 74.19
mean y : 91.56
mean E_x^2 : 1.15
mean E_y^2 : 2.25
mean E_xy^2 : -0.61
theta : -0.68
average greyscal : 45.69
average RGB [55.44,39.56,42.81]
(19 1)(21 1)(25 1)(27 1)(41 1)(46 1)(47 1)(48 1)(49 1)(51 1)(54 2)(58 1)(59 1)(60 1)(72 1)
---area label--- : 2
area size : 94
mean x : 84.98
mean y : 101.53
mean E_x^2 : 12.55
mean E_y^2 : 12.29
mean E_xy^2 : 5.94
theta : 0.78
average greyscal : 39.55
average RGB [41.82,37.80,40.10]
(0 2)(1 1)(2 1)(3 1)(4 3)(5 3)(6 4)(8 2)(9 2)(10 3)(12 1)(13 5)(14 2)(16 1)(19 2)(21 4)(23 1)(25 3)(26 1)(27 2)(28 2)(29 1)(30 2)(31 1)(32 1)(34 1)(35 1)(36 1)(37 1)(40 2)(42 2)(44 1)(45 1)(46 1)(47 1)(48 1)(49 3)(57 1)(58 1)(60 1)(61 1)(62 2)(64 1)(69 1)(75 1)(77 1)(79 2)(80 1)(82 1)(88 2)(89 1)(90 1)(92 1)(96 1)(98 1)(100 1)(105 1)(110 1)(117 1)(118 1)(129 1)
---area label--- : 3
area size : 905
mean x : 214.24
mean y : 202.03
mean E_x^2 : 162.47
mean E_y^2 : 63.32
mean E_xy^2 : 41.13
theta : 0.78
average greyscal : 49.62
average RGB [39.61,49.78,60.47]
(0 2)(2 2)(3 4)(4 2)(5 2)(6 1)(7 3)(8 2)(9 3)(10 4)(11 3)(12 5)(13 4)(14 2)(15 2)(16 2)(17 6)(18 6)(19 3)(20 6)(21 6)(22 9)(23 11)(24 14)(25 16)(26 18)(27 17)(28 12)(29 16)(30 14)(31 29)(32 11)(33 21)(34 19)(35 15)(36 9)(37 12)(38 8)(39 11)(40 15)(41 17)(42 9)(43 10)(44 9)(45 12)(46 12)(47 17)(48 10)(49 17)(50 15)(51 15)(52 15)(53 25)(54 25)(55 23)(56 26)(57 16)(58 22)(59 11)(60 14)(61 16)(62 13)(63 15)(64 11)(65 12)(66 7)(67 6)(68 11)(69 7)(70 7)(71 7)(72 3)(73 12)(74 3)(75 5)(76 4)(77 4)(78 3)(79 2)(80 4)(81 7)(82 7)(83 4)(84 5)(85 1)(86 1)(87 1)(88 4)(89 3)(90 3)(91 2)(92 1)(93 3)(94 5)(95 3)(96 4)(97 2)(98 2)(100 2)(101 2)(102 1)(103 1)(104 1)(105 2)(107 1)(110 3)(115 1)(116 1)(121 1)(124 2)(140 2)(145 1)(150 1)(166 1)(167 2)(169 1)(171 1)(189 1)
