NUMBER OF AREAS : 2
---area label--- : 1
area size : 486
mean x : 168.74
mean y : 132.52
mean E_x^2 : 107.27
mean E_y^2 : 43.83
mean E_xy^2 : 49.26
theta : 0.78
average greyscal : 49.72
average RGB [44.78,48.00,57.28]
(0 3)(1 2)(2 3)(4 1)(5 2)(6 2)(7 1)(9 2)(10 1)(11 3)(12 1)(13 2)(14 3)(15 4)(16 2)(17 5)(18 3)(19 4)(20 2)(21 3)(22 3)(23 6)(24 5)(25 13)(26 4)(27 12)(28 9)(29 11)(30 13)(31 6)(32 9)(33 7)(34 13)(35 1)(36 6)(37 4)(38 5)(39 6)(40 10)(41 9)(42 7)(43 11)(44 7)(45 8)(46 6)(47 8)(48 6)(49 11)(50 13)(51 12)(52 7)(53 5)(54 11)(55 11)(56 8)(57 9)(58 7)(59 7)(60 2)(61 5)(62 3)(63 3)(64 5)(65 1)(66 3)(67 2)(68 5)(69 6)(70 3)(71 2)(72 3)(73 2)(74 6)(75 2)(76 3)(77 3)(78 2)(79 1)(80 1)(81 5)(82 4)(83 3)(84 2)(85 1)(86 4)(87 1)(88 3)(89 4)(90 7)(91 1)(92 1)(93 2)(96 1)(97 1)(99 1)(102 1)(103 2)(104 1)(105 2)(106 3)(107 1)(111 1)(112 3)(113 2)(114 1)(116 1)(117 1)(118 1)(119 1)(120 2)(121 1)(127 1)(128 1)(159 1)
---area label--- : 2
area size : 8
mean x : 105.50
mean y : 264.00
mean E_x^2 : 0.75
mean E_y^2 : 0.75
mean E_xy^2 : 0.38
theta : 0.79
average greyscal : 131.88
average RGB [168.25,119.50,109.12]
(45 1)(95 1)(111 1)(113 1)(126 1)(183 1)(187 1)(195 1)
