NUMBER OF AREAS : 1
---area label--- : 1
area size : 246
mean x : 93.13
mean y : 110.43
mean E_x^2 : 54.18
mean E_y^2 : 32.12
mean E_xy^2 : 28.43
theta : 0.78
average greyscal : 56.39
average RGB [64.26,50.99,54.91]
(0 1)(2 2)(3 2)(4 2)(5 3)(7 2)(8 1)(10 3)(11 1)(12 1)(14 1)(17 1)(19 1)(21 2)(23 2)(24 2)(25 3)(26 4)(27 1)(28 2)(29 4)(30 4)(31 3)(32 2)(33 2)(34 4)(35 3)(36 1)(37 4)(38 5)(39 5)(40 3)(41 4)(42 3)(43 1)(44 4)(45 2)(46 2)(47 4)(48 1)(49 4)(51 3)(52 1)(53 5)(54 2)(55 1)(56 2)(57 4)(58 4)(59 7)(60 7)(61 4)(62 5)(63 1)(64 5)(65 7)(66 3)(67 6)(68 5)(69 6)(70 4)(71 4)(72 3)(73 1)(75 2)(76 4)(77 3)(78 2)(79 1)(80 2)(81 2)(84 1)(85 4)(86 2)(87 1)(88 2)(90 2)(92 1)(93 1)(95 2)(100 2)(102 2)(104 1)(105 3)(107 1)(108 1)(110 1)(113 1)(114 1)(115 1)(116 1)(118 1)(123 1)(129 1)(130 1)(131 1)(133 1)(142 1)
