NUMBER OF AREAS : 1
---area label--- : 1
area size : 452
mean x : 146.66
mean y : 123.00
mean E_x^2 : 160.19
mean E_y^2 : 46.54
mean E_xy^2 : 75.88
theta : 0.78
average greyscal : 55.75
average RGB [50.07,54.19,64.08]
(0 2)(1 3)(3 2)(5 4)(6 2)(7 1)(8 1)(9 1)(10 1)(11 3)(12 2)(13 1)(14 3)(16 3)(17 3)(18 2)(19 4)(20 4)(21 7)(22 3)(23 4)(24 9)(25 6)(26 12)(27 7)(28 3)(29 7)(30 7)(31 8)(32 9)(33 6)(34 9)(35 3)(36 4)(37 6)(38 1)(39 7)(40 5)(41 4)(42 7)(43 7)(44 4)(45 9)(46 3)(47 5)(48 4)(49 6)(50 7)(51 4)(52 10)(53 5)(54 6)(55 9)(56 4)(57 5)(58 5)(59 3)(60 5)(61 3)(62 5)(63 7)(64 9)(65 4)(66 2)(67 3)(68 3)(69 5)(70 5)(71 5)(72 3)(73 7)(74 3)(75 2)(76 3)(77 2)(78 5)(79 3)(80 2)(81 5)(82 3)(84 1)(85 1)(86 6)(87 2)(88 1)(89 1)(90 2)(91 3)(92 2)(93 3)(94 1)(95 4)(96 2)(97 8)(98 3)(100 2)(101 2)(102 2)(103 4)(104 5)(105 1)(106 1)(107 2)(108 1)(110 2)(111 2)(112 2)(115 1)(120 1)(122 1)(124 3)(125 1)(127 1)(129 1)(132 2)(133 1)(137 1)(138 1)(144 1)(146 1)(150 1)(153 1)(154 1)(169 1)
