NUMBER OF AREAS : 1
---area label--- : 1
area size : 364
mean x : 102.20
mean y : 123.04
mean E_x^2 : 80.66
mean E_y^2 : 28.27
mean E_xy^2 : 29.65
theta : 0.78
average greyscal : 57.53
average RGB [64.82,53.34,55.54]
(0 4)(1 1)(2 1)(3 2)(4 2)(5 1)(7 1)(8 3)(10 2)(11 2)(12 3)(13 1)(14 3)(15 2)(16 2)(17 2)(19 1)(20 3)(21 1)(22 1)(23 2)(24 3)(25 4)(26 4)(27 2)(28 4)(29 4)(30 2)(32 6)(34 1)(35 7)(36 3)(37 6)(38 4)(39 4)(40 5)(41 5)(42 3)(43 3)(44 8)(45 8)(46 4)(47 8)(48 7)(49 9)(50 2)(51 3)(52 6)(53 7)(54 3)(55 2)(56 6)(57 2)(58 5)(59 1)(60 3)(61 10)(62 3)(63 10)(64 8)(65 7)(66 6)(67 11)(68 6)(69 4)(70 7)(71 3)(72 6)(73 10)(74 3)(75 3)(76 4)(78 3)(79 1)(80 2)(81 1)(82 3)(83 2)(84 2)(85 1)(87 2)(88 4)(89 3)(91 1)(92 3)(94 3)(95 4)(96 2)(97 1)(98 1)(99 2)(100 1)(101 2)(102 1)(103 2)(104 1)(105 1)(107 1)(108 2)(109 2)(110 1)(115 1)(118 1)(121 1)(128 1)(129 1)(131 1)(133 1)(136 1)(144 2)(149 1)(154 1)(165 1)(179 1)
