NUMBER OF AREAS : 1
---area label--- : 1
area size : 450
mean x : 141.56
mean y : 119.32
mean E_x^2 : 145.29
mean E_y^2 : 48.35
mean E_xy^2 : 73.57
theta : 0.78
average greyscal : 53.02
average RGB [46.18,51.82,62.05]
(0 2)(1 3)(2 1)(4 1)(5 3)(7 2)(8 1)(9 7)(10 3)(11 2)(12 5)(13 1)(14 4)(15 2)(16 1)(17 3)(18 4)(19 7)(20 5)(21 3)(22 2)(23 1)(24 6)(25 5)(26 9)(27 5)(28 4)(29 2)(30 8)(31 13)(32 12)(33 10)(34 12)(35 9)(36 5)(37 6)(38 9)(39 6)(40 7)(41 7)(42 5)(43 6)(44 5)(45 3)(46 2)(47 2)(48 5)(49 6)(50 5)(51 2)(52 4)(53 5)(54 5)(55 5)(56 5)(57 9)(58 5)(59 6)(60 4)(61 8)(62 3)(63 4)(64 3)(65 3)(66 6)(67 4)(68 8)(69 6)(70 4)(71 6)(72 2)(73 3)(74 5)(75 5)(76 3)(77 3)(78 4)(79 1)(80 4)(81 1)(82 4)(83 3)(84 4)(85 2)(87 3)(88 6)(89 4)(90 1)(92 2)(93 2)(94 1)(95 2)(96 1)(97 4)(98 2)(99 1)(100 3)(101 2)(102 3)(103 2)(104 1)(105 2)(106 2)(107 1)(108 1)(110 1)(114 2)(115 1)(119 2)(123 1)(125 1)(134 1)(136 1)(144 1)(158 1)(160 1)(161 1)(162 1)(163 1)(173 1)(178 1)
