NUMBER OF AREAS : 2
---area label--- : 1
area size : 226
mean x : 145.80
mean y : 161.28
mean E_x^2 : 15.76
mean E_y^2 : 24.20
mean E_xy^2 : -4.73
theta : -0.78
average greyscal : 63.04
average RGB [65.47,60.74,63.77]
(3 1)(16 1)(20 1)(25 1)(26 1)(33 3)(34 1)(35 1)(36 3)(39 1)(40 2)(41 3)(42 2)(43 1)(44 5)(45 5)(46 2)(47 9)(48 13)(49 2)(50 1)(51 1)(52 2)(53 4)(54 5)(55 2)(56 3)(57 1)(58 2)(59 5)(60 7)(61 10)(62 10)(63 13)(64 9)(65 11)(66 13)(67 5)(68 5)(69 2)(70 3)(71 4)(72 4)(73 3)(74 6)(75 4)(76 1)(77 3)(78 1)(80 1)(82 1)(83 1)(86 1)(88 1)(89 1)(90 2)(91 1)(92 2)(96 1)(97 1)(98 1)(102 1)(103 1)(106 2)(108 1)(109 1)(111 1)(112 2)(113 1)(116 1)(119 1)(128 1)(138 1)
---area label--- : 2
area size : 516
mean x : 125.36
mean y : 183.91
mean E_x^2 : 136.41
mean E_y^2 : 32.95
mean E_xy^2 : 46.30
theta : 0.78
average greyscal : 75.32
average RGB [84.56,69.06,73.36]
(0 3)(1 2)(2 4)(3 3)(4 1)(5 2)(6 3)(7 1)(8 3)(9 2)(10 6)(11 2)(12 2)(14 3)(15 2)(16 2)(17 3)(18 3)(19 2)(20 3)(21 2)(22 5)(23 1)(24 3)(25 4)(26 2)(27 7)(28 5)(29 7)(30 8)(31 9)(32 10)(33 8)(34 9)(35 5)(36 10)(37 5)(38 2)(39 3)(40 12)(41 8)(42 3)(43 5)(44 7)(45 8)(46 9)(47 2)(48 8)(49 4)(50 3)(51 14)(52 6)(53 9)(54 3)(55 5)(56 4)(57 4)(58 2)(59 3)(60 2)(61 5)(62 2)(63 4)(64 2)(65 5)(66 5)(67 2)(68 4)(69 3)(71 1)(72 4)(73 2)(74 3)(75 2)(76 1)(77 2)(79 1)(80 2)(81 2)(82 3)(83 1)(84 3)(85 5)(86 1)(87 2)(89 3)(90 1)(91 1)(93 1)(95 2)(96 2)(97 2)(99 1)(100 4)(101 3)(102 2)(103 1)(104 3)(105 4)(106 1)(107 1)(108 3)(109 2)(110 4)(111 1)(112 2)(113 1)(114 4)(115 1)(117 3)(118 2)(119 3)(120 1)(121 2)(122 2)(123 1)(124 2)(127 1)(128 3)(129 3)(131 1)(132 1)(134 2)(135 1)(136 1)(137 1)(138 4)(139 2)(140 2)(142 3)(143 3)(144 1)(145 1)(146 1)(147 1)(150 3)(151 4)(152 1)(153 1)(154 5)(155 1)(158 1)(160 1)(161 1)(164 1)(165 2)(166 1)(167 1)(169 1)(170 2)(171 1)(172 1)(173 2)(174 2)(175 2)(176 1)(178 1)(179 3)(180 1)(182 1)(183 1)(184 3)(185 1)(186 2)(188 3)(189 3)(190 2)(191 1)(192 1)(194 3)(195 1)(196 3)(197 1)(198 3)(201 1)(208 1)(211 1)(212 1)
