NUMBER OF AREAS : 3
---area label--- : 1
area size : 601
mean x : 154.87
mean y : 127.60
mean E_x^2 : 116.28
mean E_y^2 : 47.64
mean E_xy^2 : 47.04
theta : 0.78
average greyscal : 49.05
average RGB [40.90,47.69,59.48]
(0 4)(1 2)(2 4)(3 1)(4 1)(5 3)(6 1)(8 3)(9 2)(10 2)(11 3)(12 2)(13 1)(14 1)(15 4)(16 1)(17 2)(18 3)(20 4)(21 3)(22 2)(23 7)(24 4)(25 13)(26 10)(27 11)(28 13)(29 8)(30 12)(31 16)(32 20)(33 19)(34 16)(35 13)(36 12)(37 11)(38 6)(39 12)(40 14)(41 7)(42 10)(43 8)(44 10)(45 11)(46 11)(47 8)(48 7)(49 10)(50 6)(51 8)(52 6)(53 8)(54 12)(55 11)(56 14)(57 15)(58 6)(59 5)(60 3)(61 9)(62 7)(63 8)(64 3)(65 8)(66 3)(67 3)(68 8)(69 4)(70 2)(71 1)(72 7)(73 2)(74 5)(75 2)(76 4)(77 3)(78 3)(79 3)(80 1)(81 5)(82 3)(83 5)(84 4)(85 2)(86 2)(87 1)(88 3)(89 3)(90 4)(91 2)(92 3)(93 3)(95 4)(96 2)(97 1)(100 2)(101 3)(102 2)(103 3)(105 1)(107 1)(109 1)(112 1)(114 1)(117 1)(120 1)(130 1)(131 2)(134 1)(139 1)(152 1)(165 1)(171 1)(176 1)
---area label--- : 2
area size : 5
mean x : 168.00
mean y : 115.00
mean E_x^2 : 0.40
mean E_y^2 : 0.80
mean E_xy^2 : 0.40
theta : -0.51
average greyscal : 79.80
average RGB [92.00,65.00,82.80]
(66 1)(69 1)(82 2)(100 1)
---area label--- : 3
area size : 5
mean x : 154.00
mean y : 147.00
mean E_x^2 : 0.40
mean E_y^2 : 0.80
mean E_xy^2 : 0.40
theta : -0.51
average greyscal : 67.80
average RGB [72.60,60.40,70.80]
(56 1)(62 1)(63 1)(71 1)(87 1)
