NUMBER OF AREAS : 2
---area label--- : 1
area size : 225
mean x : 145.71
mean y : 161.28
mean E_x^2 : 15.78
mean E_y^2 : 24.16
mean E_xy^2 : -5.11
theta : -0.78
average greyscal : 64.08
average RGB [69.28,59.95,63.98]
(0 1)(12 1)(14 1)(16 1)(34 1)(35 3)(36 2)(37 1)(38 3)(39 1)(41 3)(42 2)(43 3)(44 3)(45 6)(46 3)(47 6)(48 3)(49 3)(50 8)(51 3)(52 4)(53 5)(54 4)(55 4)(56 1)(57 1)(58 2)(59 2)(60 7)(61 5)(62 6)(63 2)(64 7)(65 11)(66 8)(67 6)(68 14)(69 13)(70 9)(71 5)(72 8)(73 3)(74 3)(75 1)(76 2)(77 1)(78 3)(80 3)(82 1)(85 1)(89 2)(90 1)(91 1)(94 2)(95 1)(97 2)(101 2)(102 3)(104 1)(106 2)(108 1)(110 1)(111 1)(115 2)(123 1)(128 1)(134 1)
---area label--- : 2
area size : 387
mean x : 116.33
mean y : 174.06
mean E_x^2 : 104.13
mean E_y^2 : 20.57
mean E_xy^2 : 27.87
theta : 0.78
average greyscal : 58.52
average RGB [63.31,54.82,58.27]
(0 3)(1 1)(2 3)(3 3)(4 2)(5 1)(6 5)(7 1)(8 1)(9 3)(10 6)(11 3)(12 2)(13 2)(14 4)(15 1)(16 4)(18 2)(19 2)(20 3)(21 1)(22 2)(23 3)(24 3)(25 2)(26 2)(27 6)(28 4)(29 6)(30 9)(31 3)(32 11)(33 6)(34 6)(35 7)(36 7)(37 9)(38 8)(39 17)(40 9)(41 8)(42 10)(43 8)(44 2)(45 5)(46 6)(47 1)(48 4)(49 1)(50 3)(51 2)(52 6)(53 1)(54 2)(55 1)(56 4)(57 2)(58 1)(59 1)(60 3)(61 2)(63 3)(64 1)(65 4)(66 2)(67 3)(69 3)(70 2)(71 3)(72 3)(73 4)(74 1)(75 3)(76 3)(77 2)(78 1)(80 1)(81 4)(84 2)(85 1)(86 2)(87 1)(88 3)(89 5)(90 2)(91 1)(92 1)(94 1)(95 5)(96 2)(98 4)(99 2)(100 3)(101 1)(102 2)(103 3)(104 3)(105 1)(106 2)(107 2)(108 2)(109 2)(110 1)(111 1)(112 1)(114 3)(116 1)(119 1)(120 1)(121 2)(123 1)(124 1)(125 2)(127 1)(131 2)(134 1)(135 1)(137 2)(138 1)(143 4)(147 1)(148 1)(153 2)(154 1)(156 2)(157 1)(158 1)(162 2)(163 2)(165 1)(179 1)(180 1)(205 1)(222 1)
