NUMBER OF AREAS : 2
---area label--- : 1
area size : 218
mean x : 145.63
mean y : 161.36
mean E_x^2 : 15.20
mean E_y^2 : 23.15
mean E_xy^2 : -4.30
theta : -0.78
average greyscal : 63.78
average RGB [66.14,60.30,65.81]
(4 1)(11 1)(17 1)(26 1)(28 1)(31 1)(32 1)(39 1)(40 1)(41 1)(42 3)(43 3)(45 2)(46 7)(47 4)(48 4)(49 8)(50 3)(51 4)(52 4)(53 1)(54 6)(55 4)(56 6)(57 4)(58 3)(59 5)(60 8)(61 6)(62 5)(63 9)(64 7)(65 6)(66 7)(67 9)(68 7)(69 6)(70 5)(71 12)(72 7)(73 5)(74 2)(75 2)(76 6)(77 1)(78 1)(79 2)(80 2)(83 2)(84 1)(88 1)(91 3)(94 1)(95 2)(96 3)(97 1)(99 1)(103 1)(107 1)(110 1)(111 1)(115 1)(132 1)(133 1)
---area label--- : 2
area size : 384
mean x : 112.35
mean y : 169.73
mean E_x^2 : 130.38
mean E_y^2 : 25.83
mean E_xy^2 : 46.62
theta : 0.78
average greyscal : 50.72
average RGB [56.61,45.04,51.43]
(0 3)(1 2)(2 1)(3 2)(4 1)(5 2)(6 7)(7 5)(8 1)(9 2)(10 5)(11 2)(12 2)(13 1)(14 1)(15 2)(17 4)(18 1)(19 2)(21 2)(22 2)(23 2)(24 1)(25 4)(26 5)(27 5)(28 3)(29 4)(30 6)(31 14)(32 12)(33 3)(34 9)(35 3)(36 6)(37 9)(38 2)(39 10)(40 10)(41 13)(42 2)(43 3)(44 9)(45 4)(46 10)(47 7)(48 5)(49 10)(50 3)(51 9)(52 6)(53 2)(54 4)(55 4)(56 5)(57 7)(58 6)(59 1)(60 6)(61 5)(62 4)(63 9)(64 1)(65 6)(66 2)(67 6)(68 1)(69 2)(70 2)(71 2)(72 1)(73 2)(75 3)(76 1)(77 4)(78 3)(79 1)(80 1)(81 1)(82 3)(83 2)(84 1)(85 2)(86 3)(87 1)(88 3)(89 1)(91 5)(92 2)(94 1)(95 2)(100 1)(103 1)(106 1)(107 2)(109 1)(110 1)(111 1)(113 1)(115 1)(116 1)(118 1)(122 1)(123 1)(125 1)(129 3)(130 2)(138 1)(140 1)(146 1)(166 1)(180 1)(192 1)(199 1)
