NUMBER OF AREAS : 2
---area label--- : 1
area size : 535
mean x : 130.86
mean y : 152.36
mean E_x^2 : 117.80
mean E_y^2 : 40.87
mean E_xy^2 : 47.03
theta : 0.78
average greyscal : 57.33
average RGB [59.83,55.24,57.90]
(0 4)(1 1)(2 2)(3 3)(5 3)(6 5)(7 2)(8 1)(9 2)(10 1)(11 2)(12 3)(13 2)(14 3)(16 1)(17 1)(18 3)(19 3)(20 9)(21 3)(22 7)(23 4)(24 8)(25 13)(26 8)(27 9)(28 7)(29 11)(30 3)(31 8)(32 6)(33 5)(34 9)(35 7)(36 5)(37 6)(38 4)(39 5)(40 5)(41 3)(42 2)(43 6)(44 3)(45 5)(46 7)(47 8)(48 3)(49 6)(50 6)(51 6)(52 4)(53 5)(54 6)(55 2)(56 2)(57 6)(58 2)(59 3)(60 5)(61 4)(62 7)(63 7)(64 13)(65 11)(66 14)(67 11)(68 17)(69 12)(70 14)(71 9)(72 6)(73 9)(74 1)(75 5)(76 5)(77 3)(78 7)(79 6)(80 1)(81 4)(82 3)(83 4)(84 4)(85 2)(86 2)(87 4)(88 3)(89 4)(90 1)(91 3)(92 1)(93 1)(94 1)(95 1)(96 4)(97 3)(98 4)(99 3)(101 3)(102 3)(103 5)(104 4)(105 2)(106 2)(108 2)(111 2)(112 1)(113 2)(115 1)(116 1)(118 2)(120 1)(125 2)(127 1)(128 1)(130 1)(132 2)(145 1)(146 1)(164 1)(169 1)(178 1)(183 1)(184 1)(191 1)(196 1)
---area label--- : 2
area size : 5
mean x : 127.00
mean y : 161.00
mean E_x^2 : 0.40
mean E_y^2 : 0.80
mean E_xy^2 : 0.40
theta : -0.51
average greyscal : 86.20
average RGB [103.80,76.40,78.80]
(69 1)(74 1)(80 1)(90 1)(118 1)
