NUMBER OF AREAS : 2
---area label--- : 1
area size : 230
mean x : 145.90
mean y : 161.32
mean E_x^2 : 16.15
mean E_y^2 : 23.97
mean E_xy^2 : -4.41
theta : -0.78
average greyscal : 62.32
average RGB [62.15,60.74,65.07]
(2 1)(16 1)(17 1)(22 1)(23 1)(28 1)(32 1)(35 3)(36 1)(37 1)(39 2)(40 5)(41 3)(42 5)(43 4)(44 3)(45 5)(46 6)(47 6)(48 2)(49 4)(50 4)(51 5)(52 6)(53 1)(54 5)(55 5)(56 3)(57 9)(58 3)(59 7)(60 6)(61 9)(62 9)(63 8)(64 8)(65 8)(66 9)(67 3)(68 5)(69 4)(70 6)(71 3)(72 3)(73 3)(74 3)(75 3)(77 4)(80 2)(83 1)(84 1)(85 1)(87 1)(88 1)(91 1)(92 1)(93 1)(95 3)(97 1)(98 1)(100 2)(101 1)(104 1)(105 1)(106 1)(107 1)(110 1)(113 1)(114 2)(115 1)(117 1)(124 1)(135 1)(148 1)
---area label--- : 2
area size : 491
mean x : 128.77
mean y : 188.66
mean E_x^2 : 114.48
mean E_y^2 : 28.44
mean E_xy^2 : 39.29
theta : 0.78
average greyscal : 75.83
average RGB [87.14,70.58,70.80]
(0 3)(1 3)(2 4)(3 2)(4 2)(5 1)(6 1)(7 1)(8 2)(9 5)(10 2)(11 2)(12 5)(13 4)(14 3)(15 4)(16 3)(17 2)(18 4)(19 2)(21 3)(22 3)(23 3)(24 1)(25 3)(26 3)(27 4)(28 2)(29 1)(30 3)(31 6)(32 2)(33 1)(34 2)(35 3)(36 3)(37 4)(38 7)(39 4)(40 7)(41 7)(42 5)(43 2)(44 4)(45 7)(46 6)(47 12)(48 6)(49 5)(50 1)(51 3)(52 7)(53 7)(54 7)(55 2)(56 4)(57 7)(58 5)(59 5)(60 4)(61 3)(62 4)(63 5)(64 10)(65 1)(66 4)(67 7)(68 9)(69 7)(70 3)(71 4)(72 4)(73 8)(74 3)(75 4)(76 6)(77 4)(78 6)(79 8)(80 6)(81 3)(82 5)(83 4)(84 5)(85 3)(86 2)(87 3)(88 1)(89 2)(90 2)(92 2)(93 1)(95 1)(96 2)(98 4)(99 1)(100 2)(101 3)(102 1)(103 1)(105 1)(107 2)(108 3)(109 2)(110 1)(111 1)(113 1)(114 1)(115 3)(116 2)(117 1)(118 3)(119 1)(120 2)(121 1)(122 1)(123 1)(124 2)(125 1)(126 2)(127 1)(128 1)(130 2)(131 1)(132 2)(133 2)(136 1)(137 1)(139 3)(140 2)(141 2)(142 1)(143 1)(144 3)(149 3)(151 1)(154 1)(156 1)(159 3)(160 1)(162 1)(163 2)(164 1)(165 1)(166 2)(167 1)(171 3)(174 2)(176 1)(178 1)(182 2)(184 1)(189 3)(190 1)(191 1)(193 1)(195 1)(196 2)(197 1)(198 1)(199 2)(200 1)(202 1)(209 1)(213 1)(225 1)(228 2)(232 1)(241 2)(247 2)
