NUMBER OF AREAS : 2
---area label--- : 1
area size : 49
mean x : 81.39
mean y : 83.39
mean E_x^2 : 5.87
mean E_y^2 : 4.85
mean E_xy^2 : 1.56
theta : 0.78
average greyscal : 32.78
average RGB [30.18,32.73,36.06]
(1 1)(3 2)(4 1)(5 1)(7 2)(8 3)(12 1)(13 2)(15 1)(16 2)(17 2)(18 3)(20 1)(23 1)(24 2)(25 4)(26 1)(27 1)(28 2)(30 1)(35 1)(44 1)(45 2)(50 2)(51 1)(54 1)(66 1)(88 1)(91 1)(101 1)(102 1)(111 1)(116 1)
---area label--- : 2
area size : 621
mean x : 158.44
mean y : 112.30
mean E_x^2 : 132.62
mean E_y^2 : 64.09
mean E_xy^2 : 74.03
theta : 0.78
average greyscal : 51.09
average RGB [42.67,50.30,61.31]
(1 2)(2 1)(3 2)(5 3)(6 3)(7 4)(8 3)(11 2)(12 1)(13 1)(14 4)(15 7)(16 2)(17 2)(18 4)(19 2)(20 4)(21 4)(22 1)(23 5)(24 6)(25 10)(26 5)(27 11)(28 12)(29 11)(30 10)(31 16)(32 13)(33 18)(34 16)(35 12)(36 8)(37 11)(38 12)(39 12)(40 7)(41 5)(42 12)(43 6)(44 2)(45 8)(46 6)(47 16)(48 11)(49 8)(50 9)(51 3)(52 10)(53 8)(54 12)(55 15)(56 9)(57 9)(58 6)(59 10)(60 9)(61 8)(62 11)(63 13)(64 20)(65 5)(66 8)(67 7)(68 4)(69 12)(70 2)(71 9)(72 4)(73 1)(74 6)(75 4)(76 2)(77 1)(78 4)(79 3)(80 2)(81 5)(83 5)(84 3)(85 4)(86 4)(87 3)(88 1)(89 1)(90 3)(91 3)(92 3)(93 2)(94 2)(95 2)(96 1)(97 4)(98 2)(99 1)(100 1)(101 1)(103 2)(104 1)(106 1)(108 2)(110 1)(113 1)(114 1)(115 1)(117 1)(123 1)(130 2)(131 1)(136 2)(138 2)(144 1)(146 1)(149 1)(151 1)
