NUMBER OF AREAS : 1
---area label--- : 1
area size : 249
mean x : 91.83
mean y : 108.83
mean E_x^2 : 45.99
mean E_y^2 : 31.79
mean E_xy^2 : 26.08
theta : 0.78
average greyscal : 55.56
average RGB [62.74,51.69,53.18]
(0 1)(1 3)(3 4)(5 2)(6 1)(7 3)(8 1)(11 2)(12 1)(14 1)(16 1)(18 2)(19 2)(20 1)(21 3)(22 1)(24 3)(25 2)(26 3)(27 4)(28 2)(29 2)(30 3)(31 4)(32 2)(33 4)(35 4)(36 3)(37 2)(40 2)(41 4)(42 3)(43 2)(44 7)(45 4)(46 6)(47 9)(48 4)(49 1)(51 4)(52 4)(53 5)(54 4)(55 1)(56 3)(57 5)(58 5)(59 6)(60 4)(61 6)(62 3)(63 3)(64 5)(65 10)(66 6)(67 5)(68 1)(69 2)(70 3)(71 1)(72 2)(73 3)(74 3)(75 2)(76 1)(78 1)(80 1)(81 1)(82 2)(83 1)(84 1)(85 1)(86 1)(87 2)(89 2)(91 1)(92 2)(93 1)(95 1)(96 2)(99 2)(102 2)(104 1)(106 1)(107 2)(108 1)(110 1)(111 1)(112 2)(115 1)(116 1)(122 1)(123 1)(124 1)(128 1)(133 1)(151 1)(152 1)(177 1)
