NUMBER OF AREAS : 2
---area label--- : 1
area size : 228
mean x : 145.90
mean y : 161.50
mean E_x^2 : 15.80
mean E_y^2 : 23.59
mean E_xy^2 : -3.24
theta : -0.78
average greyscal : 62.07
average RGB [64.63,59.04,63.48]
(6 1)(9 1)(13 2)(33 2)(34 2)(35 1)(36 1)(38 1)(39 4)(40 5)(41 5)(42 5)(43 1)(44 1)(45 5)(46 2)(47 5)(48 4)(49 7)(50 5)(51 5)(52 2)(53 1)(54 4)(55 6)(56 2)(57 5)(58 2)(59 7)(60 13)(61 12)(62 9)(63 8)(64 12)(65 7)(66 9)(67 6)(68 4)(69 1)(70 7)(71 1)(72 2)(73 3)(74 1)(75 3)(76 1)(77 4)(78 2)(81 2)(84 2)(90 3)(91 1)(93 1)(95 2)(97 2)(98 1)(100 2)(102 1)(103 2)(104 1)(105 1)(106 1)(107 3)(108 1)(115 1)(116 1)(144 1)
---area label--- : 2
area size : 419
mean x : 129.58
mean y : 189.42
mean E_x^2 : 125.39
mean E_y^2 : 24.64
mean E_xy^2 : 42.35
theta : 0.78
average greyscal : 76.44
average RGB [89.79,70.10,70.50]
(0 2)(1 3)(2 3)(3 8)(4 2)(5 3)(6 1)(7 5)(9 1)(10 1)(11 3)(12 3)(13 3)(14 1)(15 1)(16 5)(17 1)(18 1)(19 2)(20 3)(21 3)(22 1)(23 2)(24 2)(25 1)(26 3)(28 5)(29 2)(31 5)(32 3)(33 4)(34 3)(35 2)(36 1)(37 5)(38 5)(39 3)(40 5)(41 4)(42 3)(43 4)(44 7)(45 3)(46 3)(47 3)(48 7)(49 5)(50 2)(51 3)(52 5)(53 4)(54 8)(55 7)(56 2)(57 4)(58 6)(59 5)(60 3)(61 5)(62 4)(63 4)(64 1)(65 3)(66 4)(67 3)(68 6)(69 7)(70 5)(71 6)(72 4)(73 4)(74 5)(75 3)(76 4)(77 8)(78 2)(79 4)(80 5)(82 4)(83 2)(84 1)(85 2)(86 1)(87 1)(88 2)(89 2)(90 1)(91 1)(93 1)(94 3)(95 1)(97 2)(98 1)(100 2)(101 1)(102 3)(103 2)(104 1)(105 1)(106 2)(108 2)(109 1)(110 1)(111 1)(112 4)(113 2)(114 1)(115 1)(117 3)(118 2)(121 1)(122 1)(123 1)(124 2)(125 1)(126 2)(127 1)(128 1)(131 1)(132 1)(134 3)(135 1)(136 3)(137 4)(138 3)(139 2)(140 2)(143 1)(144 2)(151 2)(153 3)(155 1)(159 1)(161 2)(163 1)(168 1)(169 1)(170 1)(171 1)(172 2)(173 1)(174 1)(175 1)(177 1)(178 1)(179 1)(182 1)(183 2)(185 1)(188 2)(189 1)(190 1)(191 1)(194 1)(198 1)(202 2)(203 2)(204 1)(205 1)(213 1)(221 1)(226 1)(230 1)(236 2)(237 1)(246 2)
