NUMBER OF AREAS : 2
---area label--- : 1
area size : 45
mean x : 81.38
mean y : 84.22
mean E_x^2 : 5.44
mean E_y^2 : 5.95
mean E_xy^2 : 4.12
theta : -0.78
average greyscal : 32.04
average RGB [30.13,31.20,35.42]
(2 2)(6 2)(8 1)(11 2)(12 3)(14 1)(15 2)(17 2)(18 1)(19 2)(21 1)(23 2)(24 2)(25 3)(26 1)(28 1)(31 1)(32 1)(38 1)(40 1)(46 1)(48 1)(51 1)(53 2)(55 1)(56 1)(59 1)(64 1)(70 1)(73 1)(105 1)(108 1)
---area label--- : 2
area size : 625
mean x : 158.62
mean y : 112.21
mean E_x^2 : 128.53
mean E_y^2 : 65.83
mean E_xy^2 : 72.43
theta : 0.78
average greyscal : 51.64
average RGB [43.31,50.10,62.39]
(1 3)(2 1)(3 1)(4 6)(5 1)(6 1)(7 2)(8 1)(9 3)(10 5)(11 2)(12 3)(13 7)(14 1)(15 2)(18 1)(19 5)(20 2)(21 8)(22 2)(23 4)(24 4)(25 9)(26 11)(27 6)(28 4)(29 5)(30 14)(31 16)(32 16)(33 19)(34 14)(35 16)(36 8)(37 7)(38 9)(39 4)(40 11)(41 12)(42 9)(43 6)(44 7)(45 6)(46 6)(47 7)(48 13)(49 11)(50 15)(51 7)(52 11)(53 12)(54 14)(55 14)(56 13)(57 13)(58 5)(59 7)(60 8)(61 7)(62 9)(63 9)(64 14)(65 7)(66 5)(67 5)(68 4)(69 7)(70 11)(71 6)(72 8)(74 5)(75 4)(76 4)(77 2)(78 5)(79 5)(80 5)(81 4)(82 5)(83 2)(84 1)(85 3)(86 3)(87 2)(88 2)(89 3)(90 1)(91 1)(92 2)(93 3)(94 1)(95 1)(96 3)(97 2)(98 2)(99 1)(100 1)(101 2)(102 1)(106 2)(107 1)(108 4)(111 1)(115 2)(118 1)(119 1)(122 3)(125 1)(127 1)(128 2)(134 1)(140 2)(144 1)(145 1)(149 1)(151 1)(170 1)
