NUMBER OF AREAS : 3
---area label--- : 1
area size : 539
mean x : 139.67
mean y : 119.99
mean E_x^2 : 139.80
mean E_y^2 : 55.84
mean E_xy^2 : 75.32
theta : 0.78
average greyscal : 51.62
average RGB [41.60,51.76,62.54]
(0 5)(1 4)(2 2)(3 1)(4 5)(5 3)(7 5)(8 1)(9 3)(10 4)(11 1)(13 2)(14 1)(15 5)(16 6)(17 6)(18 5)(19 3)(20 3)(21 4)(22 2)(23 11)(24 9)(25 8)(26 13)(27 6)(28 5)(29 8)(30 6)(31 11)(32 16)(33 10)(34 9)(35 7)(36 5)(37 6)(38 13)(39 12)(40 8)(41 1)(42 8)(43 8)(44 5)(45 10)(46 6)(47 4)(48 5)(49 3)(50 12)(51 6)(52 4)(53 7)(54 14)(55 4)(56 4)(57 5)(58 3)(59 9)(60 6)(61 8)(62 3)(63 2)(64 4)(65 6)(66 5)(67 5)(68 4)(69 4)(70 8)(71 6)(72 4)(73 7)(74 2)(75 3)(76 6)(77 3)(78 6)(79 6)(80 2)(81 2)(82 3)(83 2)(84 4)(85 1)(86 2)(87 1)(88 3)(89 1)(90 2)(91 7)(92 1)(93 2)(94 6)(95 1)(96 1)(97 2)(98 4)(99 5)(100 1)(101 2)(102 2)(103 1)(104 3)(105 3)(106 1)(107 2)(108 2)(116 1)(117 1)(119 2)(121 1)(123 1)(124 1)(127 2)(130 1)(131 1)(132 1)(134 1)(135 1)(141 1)(145 1)(148 1)(153 2)(181 1)
---area label--- : 2
area size : 5
mean x : 105.00
mean y : 107.00
mean E_x^2 : 0.40
mean E_y^2 : 0.80
mean E_xy^2 : 0.40
theta : -0.51
average greyscal : 76.20
average RGB [82.80,72.80,74.20]
(54 1)(66 1)(71 1)(77 1)(113 1)
---area label--- : 3
area size : 5
mean x : 112.00
mean y : 111.00
mean E_x^2 : 0.40
mean E_y^2 : 0.80
mean E_xy^2 : 0.40
theta : -0.51
average greyscal : 91.40
average RGB [101.20,88.00,85.40]
(63 1)(82 1)(87 1)(111 1)(114 1)
