NUMBER OF AREAS : 3
---area label--- : 1
area size : 563
mean x : 155.62
mean y : 135.90
mean E_x^2 : 130.21
mean E_y^2 : 56.36
mean E_xy^2 : 62.07
theta : 0.78
average greyscal : 49.33
average RGB [41.46,48.25,59.26]
(0 3)(1 1)(2 3)(3 3)(4 1)(5 4)(6 3)(7 4)(8 1)(9 3)(10 4)(11 2)(12 2)(13 2)(14 3)(15 1)(16 5)(17 4)(18 4)(19 7)(20 8)(21 5)(22 9)(23 6)(24 6)(25 9)(26 11)(27 13)(28 11)(29 10)(30 6)(31 18)(32 10)(33 16)(34 8)(35 10)(36 9)(37 5)(38 5)(39 6)(40 8)(41 7)(42 6)(43 7)(44 11)(45 8)(46 8)(47 9)(48 10)(49 10)(50 11)(51 10)(52 4)(53 10)(54 9)(55 9)(56 12)(57 6)(58 5)(59 3)(60 2)(61 5)(62 4)(63 5)(64 3)(65 2)(67 4)(68 4)(69 8)(70 6)(71 1)(72 3)(73 2)(74 6)(75 8)(76 8)(77 1)(78 6)(79 3)(80 3)(81 1)(82 1)(83 5)(84 2)(85 2)(86 2)(87 3)(88 1)(89 5)(90 1)(91 4)(92 2)(93 1)(94 2)(95 6)(96 4)(99 3)(102 1)(103 3)(104 1)(106 1)(107 1)(108 1)(110 2)(111 1)(112 1)(115 1)(117 1)(121 1)(122 1)(123 1)(124 2)(129 1)(132 1)(134 1)(141 1)(142 1)(148 1)(153 1)(155 1)(170 1)(174 1)(176 1)
---area label--- : 2
area size : 11
mean x : 164.00
mean y : 122.00
mean E_x^2 : 1.27
mean E_y^2 : 0.73
mean E_xy^2 : 0.36
theta : 0.64
average greyscal : 72.55
average RGB [76.91,69.55,72.82]
(58 1)(59 2)(61 1)(69 1)(70 1)(74 1)(78 1)(84 1)(92 1)(94 1)
---area label--- : 3
area size : 5
mean x : 159.00
mean y : 152.00
mean E_x^2 : 0.40
mean E_y^2 : 0.80
mean E_xy^2 : 0.40
theta : -0.51
average greyscal : 57.20
average RGB [66.20,48.40,58.60]
(42 1)(47 1)(56 1)(62 1)(79 1)
