NUMBER OF AREAS : 2
---area label--- : 1
area size : 227
mean x : 145.70
mean y : 161.43
mean E_x^2 : 15.88
mean E_y^2 : 23.53
mean E_xy^2 : -3.80
theta : -0.78
average greyscal : 61.89
average RGB [64.45,58.73,63.43]
(2 1)(5 1)(18 1)(21 1)(25 1)(27 1)(30 1)(33 1)(34 1)(35 1)(37 2)(39 5)(40 5)(41 2)(42 1)(43 6)(44 1)(45 2)(46 8)(47 5)(48 4)(49 6)(50 3)(51 1)(52 5)(53 3)(54 4)(55 5)(56 5)(57 2)(58 11)(59 8)(60 5)(61 12)(62 5)(63 7)(64 7)(65 9)(66 15)(67 4)(68 6)(69 3)(70 2)(71 5)(72 4)(73 1)(74 1)(75 4)(76 2)(78 1)(79 1)(80 1)(82 1)(83 2)(85 3)(88 2)(90 2)(91 1)(95 1)(96 1)(97 1)(100 1)(101 1)(102 1)(103 1)(104 1)(105 1)(108 1)(111 1)(112 1)(113 1)(118 1)(119 1)(143 1)(144 1)
---area label--- : 2
area size : 419
mean x : 129.37
mean y : 189.39
mean E_x^2 : 126.79
mean E_y^2 : 25.43
mean E_xy^2 : 42.89
theta : 0.78
average greyscal : 75.46
average RGB [88.68,68.19,70.52]
(0 4)(1 2)(2 1)(3 6)(4 1)(5 2)(7 3)(9 4)(10 2)(11 2)(12 6)(13 1)(14 1)(15 1)(16 2)(17 4)(18 2)(21 3)(22 2)(23 3)(24 2)(25 4)(26 1)(27 3)(28 1)(29 3)(30 3)(31 2)(32 1)(33 5)(34 1)(35 1)(37 3)(38 4)(39 5)(40 2)(41 6)(42 2)(43 5)(44 6)(45 5)(46 6)(47 7)(48 4)(49 6)(50 6)(51 1)(52 4)(53 7)(54 3)(55 11)(56 3)(57 3)(58 5)(59 3)(60 1)(61 2)(62 4)(63 3)(64 5)(65 4)(66 8)(67 5)(68 5)(69 6)(70 3)(71 3)(72 2)(73 4)(74 8)(75 7)(76 6)(77 5)(78 2)(79 3)(80 5)(81 6)(82 5)(83 1)(84 4)(85 3)(86 5)(88 4)(90 2)(91 2)(92 2)(94 2)(97 1)(99 1)(100 2)(101 1)(102 3)(103 2)(106 1)(107 3)(108 1)(110 2)(111 1)(112 3)(113 2)(114 2)(115 2)(116 1)(117 1)(118 1)(119 2)(121 1)(122 2)(124 1)(125 2)(126 3)(127 2)(128 1)(129 2)(130 1)(131 2)(132 1)(133 1)(135 1)(136 1)(137 3)(138 4)(139 1)(150 1)(151 2)(152 1)(153 1)(154 4)(155 1)(156 1)(160 1)(164 2)(166 2)(170 2)(171 1)(174 1)(175 1)(179 1)(183 1)(185 2)(186 1)(187 1)(190 2)(191 1)(192 1)(201 1)(207 1)(210 1)(214 1)(218 2)(219 1)(222 2)(226 1)(228 1)(233 1)(234 2)
