NUMBER OF AREAS : 4
---area label--- : 1
area size : 8
mean x : 67.00
mean y : 93.50
mean E_x^2 : 0.50
mean E_y^2 : 1.25
mean E_xy^2 : 0.50
theta : -0.52
average greyscal : 29.88
average RGB [29.62,30.88,30.00]
(5 1)(15 1)(20 1)(31 1)(38 1)(41 1)(44 1)(45 1)
---area label--- : 2
area size : 108
mean x : 82.94
mean y : 101.52
mean E_x^2 : 32.51
mean E_y^2 : 12.45
mean E_xy^2 : 17.40
theta : 0.77
average greyscal : 32.54
average RGB [33.16,30.85,34.63]
(0 2)(3 1)(4 1)(5 1)(6 2)(8 1)(11 1)(12 1)(13 3)(14 2)(15 2)(16 2)(18 2)(19 3)(20 3)(21 4)(22 4)(23 5)(24 1)(25 7)(26 5)(27 4)(29 2)(31 5)(32 4)(33 8)(34 2)(35 1)(37 2)(42 1)(43 1)(44 1)(45 2)(46 1)(47 2)(48 2)(49 1)(52 1)(55 1)(58 1)(59 1)(60 1)(65 2)(70 1)(71 2)(76 1)(83 1)(84 1)(94 1)(96 1)(108 1)
---area label--- : 3
area size : 888
mean x : 214.05
mean y : 198.75
mean E_x^2 : 152.85
mean E_y^2 : 74.43
mean E_xy^2 : 52.70
theta : 0.78
average greyscal : 48.38
average RGB [39.10,48.43,58.65]
(0 1)(2 1)(3 5)(4 1)(5 3)(6 3)(7 3)(8 1)(9 1)(10 3)(11 3)(12 4)(13 4)(14 2)(15 6)(16 3)(17 2)(18 5)(19 8)(20 4)(21 8)(22 8)(23 8)(24 11)(25 17)(26 27)(27 12)(28 21)(29 17)(30 21)(31 18)(32 22)(33 19)(34 14)(35 3)(36 18)(37 13)(38 10)(39 11)(40 16)(41 19)(42 11)(43 17)(44 9)(45 14)(46 15)(47 16)(48 12)(49 11)(50 17)(51 13)(52 16)(53 20)(54 21)(55 17)(56 28)(57 11)(58 16)(59 9)(60 19)(61 15)(62 16)(63 7)(64 12)(65 7)(66 7)(67 11)(68 9)(69 12)(70 8)(71 3)(72 3)(73 8)(74 7)(75 3)(76 8)(77 5)(78 2)(79 4)(80 6)(81 1)(82 3)(83 2)(84 3)(85 3)(86 2)(87 3)(88 2)(89 2)(90 2)(91 5)(92 4)(93 2)(94 1)(95 2)(96 2)(97 1)(98 2)(99 1)(100 1)(101 1)(103 2)(105 2)(107 1)(108 1)(109 1)(110 1)(116 1)(118 1)(120 1)(123 1)(124 1)(137 2)(152 1)(153 1)(156 1)(157 2)(162 1)(177 1)
---area label--- : 4
area size : 15
mean x : 196.60
mean y : 210.13
mean E_x^2 : 0.91
mean E_y^2 : 1.72
mean E_xy^2 : 0.39
theta : -0.66
average greyscal : 106.33
average RGB [89.33,136.00,94.40]
(28 1)(33 1)(35 1)(36 1)(81 1)(89 1)(102 1)(127 1)(138 1)(139 1)(141 1)(154 1)(155 1)(160 1)(177 1)
