NUMBER OF AREAS : 3
---area label--- : 1
area size : 99
mean x : 85.30
mean y : 84.94
mean E_x^2 : 17.02
mean E_y^2 : 10.56
mean E_xy^2 : 10.29
theta : 0.78
average greyscal : 32.20
average RGB [33.39,29.34,34.73]
(0 1)(2 1)(4 1)(5 2)(7 2)(9 1)(10 1)(11 1)(12 4)(13 2)(16 3)(17 1)(18 2)(19 4)(20 2)(21 2)(22 3)(23 2)(24 1)(25 3)(26 3)(27 6)(28 6)(29 3)(30 2)(31 3)(32 2)(33 3)(35 1)(36 1)(37 3)(38 2)(39 3)(40 3)(41 4)(43 1)(45 1)(46 1)(50 1)(54 1)(57 1)(60 1)(70 2)(78 1)(84 1)(92 1)(112 1)(117 1)(136 1)
---area label--- : 2
area size : 229
mean x : 146.01
mean y : 161.21
mean E_x^2 : 16.36
mean E_y^2 : 24.31
mean E_xy^2 : -5.17
theta : -0.78
average greyscal : 64.81
average RGB [68.42,61.70,65.24]
(1 1)(2 1)(9 1)(25 1)(27 1)(31 2)(32 1)(34 1)(35 1)(37 1)(38 2)(40 1)(41 2)(43 1)(44 2)(45 1)(46 9)(47 2)(48 4)(49 4)(50 4)(51 2)(52 7)(53 6)(54 4)(55 3)(56 4)(57 6)(58 4)(59 3)(60 7)(61 8)(62 5)(63 5)(64 4)(65 11)(66 10)(67 11)(68 7)(69 5)(70 11)(71 8)(72 5)(73 4)(74 3)(75 6)(76 5)(79 2)(80 1)(81 1)(82 3)(88 1)(89 1)(92 2)(96 1)(97 1)(98 2)(101 1)(102 2)(103 1)(104 2)(107 1)(108 1)(109 2)(110 1)(111 1)(112 1)(115 1)(120 1)(124 1)(147 1)
---area label--- : 3
area size : 5
mean x : 89.00
mean y : 249.00
mean E_x^2 : 0.40
mean E_y^2 : 0.80
mean E_xy^2 : 0.40
theta : -0.51
average greyscal : 35.80
average RGB [39.20,28.20,41.20]
(16 1)(26 2)(45 1)(66 1)
