NUMBER OF AREAS : 3
---area label--- : 1
area size : 8
mean x : 122.50
mean y : 97.00
mean E_x^2 : 0.75
mean E_y^2 : 0.75
mean E_xy^2 : 0.38
theta : 0.79
average greyscal : 69.88
average RGB [72.88,67.12,71.38]
(38 1)(58 1)(64 1)(69 1)(71 1)(74 1)(89 1)(96 1)
---area label--- : 2
area size : 565
mean x : 139.21
mean y : 119.10
mean E_x^2 : 140.40
mean E_y^2 : 60.53
mean E_xy^2 : 77.91
theta : 0.78
average greyscal : 52.40
average RGB [46.36,50.51,61.30]
(0 7)(1 2)(2 4)(4 3)(5 1)(6 1)(7 3)(8 1)(9 2)(10 2)(11 4)(12 4)(13 6)(14 1)(15 3)(16 5)(17 3)(18 5)(19 3)(20 7)(21 3)(22 9)(23 6)(24 7)(25 10)(26 6)(27 10)(28 7)(29 9)(30 12)(31 13)(32 11)(33 11)(34 11)(35 5)(36 7)(37 7)(38 5)(39 13)(40 6)(41 9)(42 5)(43 8)(44 2)(45 6)(46 10)(47 12)(48 15)(49 3)(50 6)(51 5)(52 4)(53 4)(54 5)(55 8)(56 9)(57 8)(58 6)(59 4)(60 6)(61 7)(62 11)(63 6)(64 7)(65 4)(66 6)(67 6)(68 4)(69 7)(70 8)(71 6)(72 4)(73 1)(74 5)(75 3)(76 3)(77 5)(78 1)(80 2)(81 3)(82 4)(83 2)(84 1)(85 3)(86 3)(87 3)(88 2)(89 5)(90 5)(91 9)(93 3)(94 1)(95 4)(97 2)(98 2)(99 1)(101 3)(102 5)(103 2)(105 5)(107 2)(109 5)(110 1)(112 1)(114 1)(115 2)(121 1)(130 1)(135 2)(137 2)(138 2)(142 1)(144 3)(145 1)(148 1)(159 1)(161 1)(173 1)(175 1)(178 1)
---area label--- : 3
area size : 5
mean x : 114.00
mean y : 115.00
mean E_x^2 : 0.40
mean E_y^2 : 0.80
mean E_xy^2 : 0.40
theta : -0.51
average greyscal : 87.00
average RGB [88.60,88.40,85.20]
(68 1)(80 1)(81 1)(96 1)(110 1)
