NUMBER OF AREAS : 4
---area label--- : 1
area size : 5
mean x : 75.00
mean y : 60.00
mean E_x^2 : 0.40
mean E_y^2 : 0.80
mean E_xy^2 : 0.40
theta : -0.51
average greyscal : 22.20
average RGB [22.60,23.00,21.80]
(10 1)(22 2)(25 1)(32 1)
---area label--- : 2
area size : 56
mean x : 88.41
mean y : 70.73
mean E_x^2 : 6.88
mean E_y^2 : 7.62
mean E_xy^2 : 4.81
theta : -0.78
average greyscal : 27.50
average RGB [23.68,27.38,32.57]
(8 2)(9 1)(10 2)(11 2)(12 2)(13 1)(14 1)(15 1)(16 1)(17 2)(18 3)(19 1)(20 5)(21 1)(22 2)(23 5)(24 2)(25 2)(26 1)(27 1)(29 1)(30 2)(32 1)(33 2)(35 1)(36 1)(39 1)(41 1)(48 1)(49 1)(51 1)(56 2)(74 1)(89 1)(92 1)
---area label--- : 3
area size : 222
mean x : 145.82
mean y : 161.24
mean E_x^2 : 15.44
mean E_y^2 : 24.27
mean E_xy^2 : -4.72
theta : -0.78
average greyscal : 64.01
average RGB [66.44,61.92,64.59]
(1 1)(7 1)(15 1)(25 1)(26 1)(29 2)(32 1)(38 3)(39 2)(40 1)(41 2)(43 4)(44 2)(45 6)(46 3)(47 2)(48 3)(49 5)(50 6)(51 4)(52 3)(53 5)(54 2)(55 2)(56 5)(57 3)(58 7)(59 2)(60 8)(61 9)(62 4)(63 9)(64 4)(65 9)(66 14)(67 2)(68 7)(69 6)(70 4)(71 8)(72 9)(73 9)(74 3)(75 3)(76 2)(77 2)(78 1)(79 3)(80 3)(88 1)(89 1)(90 1)(91 2)(93 2)(94 1)(96 1)(98 1)(99 1)(102 2)(103 1)(104 1)(109 1)(110 1)(112 2)(113 1)(115 1)(120 1)(145 1)
---area label--- : 4
area size : 5
mean x : 89.00
mean y : 249.00
mean E_x^2 : 0.40
mean E_y^2 : 0.80
mean E_xy^2 : 0.40
theta : -0.51
average greyscal : 35.40
average RGB [54.60,25.20,26.60]
(16 1)(22 1)(26 1)(27 1)(86 1)
