NUMBER OF AREAS : 2
---area label--- : 1
area size : 201
mean x : 79.02
mean y : 95.24
mean E_x^2 : 40.35
mean E_y^2 : 24.75
mean E_xy^2 : 23.30
theta : 0.78
average greyscal : 36.45
average RGB [42.16,31.37,36.80]
(0 2)(1 3)(2 1)(3 1)(6 4)(7 3)(8 2)(10 2)(11 3)(12 1)(13 2)(14 3)(15 1)(16 6)(17 3)(18 3)(19 2)(20 2)(21 5)(22 1)(23 4)(24 4)(25 4)(26 4)(27 7)(28 6)(29 5)(30 3)(31 8)(32 5)(33 8)(34 3)(35 2)(36 7)(37 12)(38 3)(39 4)(40 1)(41 2)(42 1)(43 3)(44 5)(46 3)(47 2)(48 2)(49 2)(50 4)(51 1)(52 2)(53 3)(54 1)(57 1)(58 1)(60 2)(63 3)(64 3)(67 3)(68 2)(70 1)(74 1)(77 1)(83 1)(84 1)(87 1)(88 1)(92 1)(94 1)(103 1)(106 1)(110 1)(127 2)(128 1)
---area label--- : 2
area size : 771
mean x : 203.83
mean y : 181.78
mean E_x^2 : 194.33
mean E_y^2 : 48.74
mean E_xy^2 : 55.47
theta : 0.78
average greyscal : 53.99
average RGB [44.28,52.72,65.95]
(7 1)(8 1)(9 1)(10 1)(12 2)(13 2)(14 3)(15 2)(16 1)(17 1)(18 4)(19 5)(20 9)(21 5)(22 10)(23 4)(24 7)(25 9)(26 13)(27 9)(28 19)(29 10)(30 11)(31 24)(32 20)(33 17)(34 15)(35 13)(36 10)(37 7)(38 9)(39 14)(40 12)(41 8)(42 11)(43 8)(44 7)(45 12)(46 3)(47 8)(48 17)(49 10)(50 15)(51 7)(52 9)(53 9)(54 12)(55 9)(56 13)(57 7)(58 9)(59 13)(60 11)(61 12)(62 6)(63 16)(64 12)(65 8)(66 16)(67 16)(68 11)(69 11)(70 12)(71 19)(72 9)(73 11)(74 8)(75 7)(76 7)(77 11)(78 4)(79 5)(80 9)(81 5)(82 4)(83 7)(84 10)(85 3)(86 5)(87 3)(88 3)(89 4)(90 4)(91 2)(92 2)(93 2)(94 4)(95 3)(98 1)(99 5)(100 1)(101 2)(103 2)(106 1)(107 1)(109 2)(111 1)(113 1)(114 1)(118 1)(119 1)(124 1)(126 1)(128 1)(130 1)(134 1)(144 1)(152 1)(156 1)(157 1)(159 1)(171 1)
