NUMBER OF AREAS : 1
---area label--- : 1
area size : 580
mean x : 162.13
mean y : 154.48
mean E_x^2 : 167.17
mean E_y^2 : 46.31
mean E_xy^2 : 70.63
theta : 0.78
average greyscal : 56.93
average RGB [48.88,56.52,66.47]
(0 1)(1 1)(3 1)(4 1)(5 1)(6 4)(7 1)(8 1)(9 3)(11 4)(12 2)(14 5)(15 1)(16 2)(17 9)(18 1)(19 6)(20 7)(21 4)(22 3)(23 12)(24 8)(25 4)(26 10)(27 5)(28 10)(29 12)(30 7)(31 9)(32 17)(33 9)(34 7)(35 7)(36 5)(37 10)(38 5)(39 7)(40 6)(41 11)(42 4)(43 4)(44 5)(45 11)(46 9)(47 7)(48 2)(49 5)(50 2)(51 2)(52 10)(53 6)(54 4)(55 6)(56 10)(57 6)(58 3)(59 7)(60 7)(61 9)(62 4)(63 5)(64 9)(65 9)(66 11)(67 10)(68 5)(69 9)(70 6)(71 8)(72 5)(73 11)(74 6)(75 3)(76 4)(77 2)(78 5)(79 5)(80 3)(81 1)(82 6)(83 8)(84 4)(85 3)(86 6)(87 2)(88 8)(89 4)(90 4)(91 3)(92 1)(94 3)(95 6)(96 2)(97 7)(98 1)(99 1)(101 2)(102 1)(103 1)(104 1)(105 4)(106 2)(108 1)(109 2)(110 1)(111 4)(112 3)(113 5)(115 1)(117 2)(118 1)(119 1)(120 1)(121 1)(123 1)(124 1)(125 1)(127 3)(134 1)(137 1)(138 1)(139 1)(145 2)(146 1)(148 1)(153 1)(156 1)(163 1)(174 1)
