NUMBER OF AREAS : 2
---area label--- : 1
area size : 293
mean x : 95.28
mean y : 146.02
mean E_x^2 : 94.43
mean E_y^2 : 24.63
mean E_xy^2 : 40.65
theta : 0.78
average greyscal : 45.43
average RGB [51.73,40.96,44.70]
(0 2)(1 2)(2 1)(3 4)(4 5)(5 1)(6 3)(7 3)(8 1)(10 4)(11 4)(12 2)(13 3)(14 3)(17 3)(18 3)(19 1)(20 2)(21 3)(22 1)(23 2)(24 4)(25 6)(26 2)(27 2)(28 6)(29 3)(30 5)(31 10)(32 10)(33 8)(34 7)(35 10)(36 8)(37 7)(38 5)(39 7)(40 6)(41 4)(42 5)(43 3)(44 9)(45 4)(46 4)(47 6)(48 8)(49 1)(50 4)(51 3)(52 2)(53 3)(54 3)(55 4)(57 3)(58 1)(60 2)(61 2)(62 2)(63 3)(65 1)(66 3)(67 1)(68 3)(69 1)(71 3)(73 4)(74 1)(75 1)(76 2)(77 2)(78 2)(79 2)(83 2)(84 1)(86 1)(90 1)(93 1)(94 1)(95 1)(96 3)(97 3)(101 1)(103 1)(106 1)(107 1)(108 1)(109 1)(111 1)(113 1)(114 1)(118 2)(123 1)(138 1)(139 1)(165 1)(181 1)(182 1)(190 1)
---area label--- : 2
area size : 222
mean x : 145.80
mean y : 161.24
mean E_x^2 : 15.37
mean E_y^2 : 24.27
mean E_xy^2 : -4.92
theta : -0.78
average greyscal : 63.73
average RGB [66.68,61.58,63.84]
(5 1)(10 1)(12 1)(22 1)(24 1)(25 1)(31 1)(33 1)(34 1)(39 2)(40 4)(42 1)(43 2)(44 2)(45 4)(46 5)(47 1)(48 2)(49 7)(50 4)(51 6)(52 6)(53 4)(54 5)(55 2)(56 1)(57 7)(58 1)(59 7)(60 3)(61 8)(62 10)(63 2)(64 7)(65 17)(66 12)(67 15)(68 5)(69 2)(70 7)(71 7)(72 5)(73 4)(74 3)(75 4)(76 1)(77 1)(78 1)(80 1)(82 1)(83 2)(86 1)(90 1)(94 1)(95 4)(96 1)(99 2)(100 1)(102 1)(104 2)(106 1)(109 1)(112 1)(115 1)(116 1)(118 1)(120 1)(154 1)
