NUMBER OF AREAS : 1
---area label--- : 1
area size : 483
mean x : 159.12
mean y : 144.52
mean E_x^2 : 172.69
mean E_y^2 : 57.14
mean E_xy^2 : 87.63
theta : 0.78
average greyscal : 51.62
average RGB [44.66,50.70,60.55]
(0 4)(1 2)(2 1)(5 1)(7 2)(9 1)(10 2)(11 1)(12 1)(13 1)(14 5)(15 1)(16 1)(17 6)(18 3)(19 2)(20 6)(21 2)(22 4)(23 9)(24 8)(25 6)(26 4)(27 8)(28 7)(29 14)(30 7)(31 13)(32 12)(33 7)(34 9)(35 5)(36 7)(37 1)(38 8)(39 9)(40 5)(41 5)(42 6)(43 7)(44 8)(45 6)(46 9)(47 9)(48 4)(49 11)(50 4)(51 8)(52 7)(53 3)(54 13)(55 6)(56 5)(57 9)(58 7)(59 4)(60 4)(61 3)(62 7)(63 3)(64 7)(65 5)(66 2)(67 3)(68 7)(69 6)(70 5)(71 6)(72 4)(73 4)(74 5)(75 1)(76 2)(77 6)(78 4)(79 6)(80 5)(81 3)(82 3)(83 3)(84 2)(85 2)(86 6)(87 2)(88 4)(89 7)(90 2)(91 2)(92 1)(93 3)(95 5)(96 3)(97 4)(98 1)(99 2)(100 3)(101 1)(102 1)(103 1)(105 1)(106 1)(107 2)(109 1)(111 2)(115 1)(121 1)(123 1)(145 1)
