NUMBER OF AREAS : 1
---area label--- : 1
area size : 353
mean x : 98.33
mean y : 119.24
mean E_x^2 : 66.33
mean E_y^2 : 34.05
mean E_xy^2 : 30.17
theta : 0.78
average greyscal : 62.02
average RGB [70.87,58.09,58.11]
(0 2)(1 4)(3 2)(4 4)(5 3)(6 2)(7 2)(8 2)(9 3)(10 2)(11 1)(12 2)(14 1)(15 2)(16 1)(18 3)(19 1)(21 3)(22 1)(24 3)(25 4)(26 5)(27 2)(28 1)(29 1)(30 2)(31 2)(32 1)(33 2)(34 2)(35 3)(36 5)(37 3)(38 4)(39 2)(40 1)(41 5)(42 1)(43 5)(44 4)(45 6)(46 4)(47 5)(48 4)(49 3)(50 5)(51 7)(52 2)(53 5)(54 4)(55 5)(56 2)(57 3)(58 3)(59 4)(60 5)(61 3)(62 3)(63 7)(64 11)(65 10)(66 9)(67 16)(68 9)(69 5)(70 5)(71 11)(72 3)(73 4)(74 5)(75 3)(76 2)(77 4)(78 2)(79 1)(80 1)(81 3)(82 3)(83 4)(85 1)(87 2)(89 1)(90 1)(91 2)(93 1)(94 4)(95 1)(97 3)(99 2)(100 3)(101 1)(102 1)(103 2)(105 1)(106 1)(107 3)(108 2)(109 1)(110 2)(113 1)(117 2)(118 1)(121 1)(122 1)(124 2)(131 1)(134 1)(135 1)(137 2)(138 1)(139 2)(144 1)(145 2)(147 1)(151 1)(154 1)(162 1)(163 2)(166 1)(170 1)(186 1)
