NUMBER OF AREAS : 2
---area label--- : 1
area size : 228
mean x : 145.78
mean y : 161.51
mean E_x^2 : 15.88
mean E_y^2 : 23.65
mean E_xy^2 : -3.64
theta : -0.78
average greyscal : 62.19
average RGB [64.58,59.87,63.11]
(5 1)(9 1)(20 2)(27 2)(29 2)(31 1)(32 1)(34 4)(37 1)(39 2)(40 2)(41 2)(42 3)(43 4)(44 4)(45 4)(46 4)(47 8)(48 4)(49 3)(50 3)(51 3)(52 3)(53 6)(54 3)(55 6)(56 4)(57 5)(58 9)(59 7)(60 5)(61 14)(62 7)(63 3)(64 11)(65 8)(66 5)(67 10)(68 3)(69 8)(71 4)(72 4)(73 5)(74 2)(75 2)(77 1)(79 1)(81 1)(82 2)(83 2)(87 1)(91 2)(92 2)(93 1)(94 2)(97 3)(98 1)(99 1)(100 2)(101 1)(102 1)(104 1)(107 1)(110 2)(114 1)(115 1)(130 1)(143 1)(154 1)
---area label--- : 2
area size : 375
mean x : 129.28
mean y : 188.99
mean E_x^2 : 143.98
mean E_y^2 : 30.41
mean E_xy^2 : 54.07
theta : 0.78
average greyscal : 74.16
average RGB [83.41,69.66,70.35]
(0 2)(1 1)(2 3)(3 3)(4 3)(5 4)(6 5)(7 2)(9 4)(10 3)(11 1)(12 2)(13 2)(14 3)(15 1)(16 3)(17 2)(20 3)(22 1)(23 1)(25 1)(26 3)(27 2)(28 1)(29 2)(31 4)(32 1)(33 4)(34 4)(35 3)(36 7)(38 3)(39 5)(40 4)(41 3)(42 5)(43 1)(44 5)(45 2)(46 4)(47 3)(48 4)(49 3)(50 5)(51 7)(53 7)(54 2)(55 1)(56 3)(57 4)(58 5)(59 2)(60 2)(61 5)(62 4)(63 2)(64 1)(65 7)(66 2)(67 4)(68 3)(69 4)(70 6)(71 4)(72 5)(73 4)(74 5)(75 3)(76 5)(77 8)(78 5)(79 1)(80 4)(81 3)(82 2)(83 4)(84 5)(85 2)(86 3)(88 2)(89 4)(91 1)(92 2)(93 2)(95 1)(96 2)(98 2)(99 2)(100 1)(101 2)(102 2)(103 4)(104 2)(105 2)(106 1)(107 2)(108 1)(109 1)(110 1)(111 3)(112 1)(115 2)(116 1)(117 1)(118 1)(120 2)(122 2)(124 3)(125 1)(126 3)(127 1)(128 3)(129 2)(130 3)(133 2)(135 1)(138 3)(139 1)(140 2)(142 1)(145 2)(146 3)(147 1)(150 2)(154 1)(155 2)(157 1)(167 1)(168 2)(169 1)(170 2)(173 2)(176 1)(178 1)(180 1)(182 2)(183 1)(187 2)(190 1)(191 1)(192 1)(197 1)(201 1)(208 1)(214 1)(227 1)(231 1)
