NUMBER OF AREAS : 2
---area label--- : 1
area size : 542
mean x : 139.55
mean y : 119.77
mean E_x^2 : 140.96
mean E_y^2 : 56.37
mean E_xy^2 : 75.94
theta : 0.78
average greyscal : 51.84
average RGB [43.95,52.09,60.49]
(0 5)(1 4)(3 2)(4 1)(5 3)(6 1)(7 3)(8 4)(9 2)(10 4)(11 6)(12 2)(13 4)(14 4)(16 4)(17 1)(18 3)(19 7)(20 3)(21 6)(22 7)(23 5)(24 7)(25 14)(26 6)(27 7)(28 7)(29 6)(30 15)(31 11)(32 9)(33 11)(34 13)(35 3)(36 8)(37 7)(38 8)(39 16)(40 6)(41 5)(42 7)(43 9)(44 1)(45 5)(46 5)(47 5)(48 10)(49 7)(50 8)(51 8)(52 8)(53 5)(54 7)(55 2)(56 6)(57 7)(58 6)(59 4)(60 4)(61 2)(62 8)(63 4)(64 5)(65 7)(66 4)(67 10)(68 6)(69 4)(70 9)(71 9)(72 4)(73 2)(74 3)(75 4)(76 5)(77 2)(78 4)(79 5)(80 2)(81 3)(82 1)(83 4)(84 2)(85 4)(86 4)(87 1)(88 4)(89 1)(90 2)(91 2)(92 3)(93 3)(94 3)(95 3)(96 2)(97 3)(99 1)(100 3)(101 2)(102 3)(103 2)(104 2)(105 2)(106 3)(108 1)(110 2)(111 1)(112 2)(115 1)(116 1)(119 2)(125 1)(126 1)(127 1)(128 1)(131 2)(132 1)(133 2)(139 1)(142 2)(147 1)(154 1)(173 1)(176 1)
---area label--- : 2
area size : 5
mean x : 105.00
mean y : 107.00
mean E_x^2 : 0.40
mean E_y^2 : 0.80
mean E_xy^2 : 0.40
theta : -0.51
average greyscal : 74.80
average RGB [82.20,67.80,75.20]
(43 1)(64 1)(82 1)(85 1)(100 1)
