NUMBER OF AREAS : 2
---area label--- : 1
area size : 26
mean x : 85.04
mean y : 75.69
mean E_x^2 : 3.27
mean E_y^2 : 5.14
mean E_xy^2 : 2.55
theta : -0.76
average greyscal : 28.88
average RGB [31.62,25.42,30.65]
(1 2)(10 2)(11 3)(12 3)(14 2)(15 1)(18 1)(19 1)(23 1)(25 2)(29 1)(35 1)(42 1)(51 1)(65 1)(88 1)(90 1)(107 1)
---area label--- : 2
area size : 678
mean x : 277.94
mean y : 271.24
mean E_x^2 : 74.08
mean E_y^2 : 73.02
mean E_xy^2 : -29.50
theta : 0.79
average greyscal : 48.19
average RGB [39.39,48.00,58.31]
(8 1)(9 1)(10 1)(14 1)(15 1)(16 5)(17 5)(18 3)(19 6)(20 2)(21 2)(22 3)(23 2)(24 13)(25 6)(26 11)(27 10)(28 11)(29 10)(30 8)(31 15)(32 7)(33 11)(34 14)(35 11)(36 7)(37 5)(38 7)(39 15)(40 22)(41 20)(42 20)(43 24)(44 10)(45 15)(46 15)(47 21)(48 18)(49 28)(50 18)(51 12)(52 11)(53 15)(54 20)(55 9)(56 9)(57 16)(58 9)(59 10)(60 8)(61 10)(62 10)(63 12)(64 1)(65 6)(66 4)(67 8)(68 8)(69 9)(70 6)(71 2)(72 10)(73 9)(74 5)(75 10)(76 4)(77 7)(78 8)(79 3)(80 4)(81 5)(82 4)(83 5)(84 3)(86 1)
