NUMBER OF AREAS : 1
---area label--- : 1
area size : 580
mean x : 128.52
mean y : 154.43
mean E_x^2 : 264.14
mean E_y^2 : 50.07
mean E_xy^2 : 94.34
theta : 0.78
average greyscal : 56.10
average RGB [61.59,51.94,55.71]
(0 1)(1 1)(2 3)(3 3)(4 3)(5 1)(6 6)(7 2)(8 2)(9 1)(10 1)(11 3)(12 4)(13 5)(14 2)(15 2)(16 4)(17 5)(18 1)(19 4)(20 2)(21 1)(22 4)(23 3)(24 3)(25 5)(26 3)(27 7)(28 5)(29 11)(30 7)(31 10)(32 8)(33 12)(34 6)(35 12)(36 8)(37 11)(38 10)(39 7)(40 5)(41 11)(42 9)(43 2)(44 6)(45 6)(46 8)(47 6)(48 5)(49 5)(50 8)(51 8)(52 10)(53 6)(54 6)(55 8)(56 6)(57 11)(58 7)(59 7)(60 11)(61 8)(62 6)(63 13)(64 14)(65 14)(66 14)(67 8)(68 11)(69 7)(70 11)(71 9)(72 1)(73 2)(74 7)(75 2)(76 5)(77 4)(78 3)(79 2)(80 6)(81 2)(82 3)(83 2)(84 1)(85 5)(86 1)(87 2)(88 1)(89 2)(91 2)(92 1)(93 2)(94 1)(95 3)(96 3)(97 3)(99 2)(100 3)(101 2)(102 3)(103 4)(104 2)(105 2)(106 3)(107 3)(108 1)(109 2)(110 2)(112 2)(113 2)(114 1)(115 1)(116 1)(117 3)(118 1)(120 1)(121 1)(124 2)(130 1)(132 1)(133 1)(135 1)(136 1)(141 1)(144 1)(146 1)(148 1)(153 1)(159 1)(161 1)(162 1)(167 1)(173 1)
