NUMBER OF AREAS : 3
---area label--- : 1
area size : 8
mean x : 84.50
mean y : 72.50
mean E_x^2 : 0.75
mean E_y^2 : 1.25
mean E_xy^2 : 0.75
theta : -0.66
average greyscal : 23.50
average RGB [20.88,21.38,28.75]
(18 3)(21 1)(23 1)(26 2)(38 1)
---area label--- : 2
area size : 10
mean x : 141.30
mean y : 87.60
mean E_x^2 : 0.81
mean E_y^2 : 1.24
mean E_xy^2 : 0.62
theta : -0.68
average greyscal : 67.10
average RGB [70.10,65.00,68.10]
(24 1)(37 1)(51 1)(60 1)(61 1)(67 1)(74 1)(93 1)(96 1)(108 1)
---area label--- : 3
area size : 648
mean x : 157.16
mean y : 114.16
mean E_x^2 : 164.98
mean E_y^2 : 51.93
mean E_xy^2 : 70.57
theta : 0.78
average greyscal : 50.80
average RGB [43.13,49.92,60.16]
(0 3)(1 2)(2 4)(3 4)(4 3)(5 1)(7 6)(9 5)(10 2)(11 4)(12 5)(13 7)(14 4)(15 3)(16 3)(17 2)(18 5)(19 5)(20 5)(21 2)(22 3)(23 2)(24 7)(25 10)(26 8)(27 7)(28 16)(29 11)(30 15)(31 11)(32 15)(33 18)(34 13)(35 13)(36 13)(37 10)(38 3)(39 9)(40 6)(41 14)(42 5)(43 4)(44 5)(45 10)(46 15)(47 8)(48 12)(49 12)(50 11)(51 9)(52 7)(53 9)(54 7)(55 12)(56 6)(57 8)(58 8)(59 7)(60 6)(61 11)(62 11)(63 6)(64 6)(65 2)(66 9)(67 5)(68 8)(69 4)(70 3)(71 3)(72 9)(73 10)(74 5)(75 3)(76 7)(77 6)(78 6)(79 4)(80 3)(81 4)(82 5)(83 6)(84 4)(85 4)(86 2)(87 2)(88 2)(89 6)(90 1)(91 1)(92 3)(93 4)(94 2)(95 2)(96 2)(97 2)(98 1)(99 2)(100 1)(103 2)(104 2)(105 1)(108 2)(110 1)(111 2)(112 1)(113 1)(114 1)(117 1)(119 1)(125 1)(128 1)(129 1)(130 2)(133 1)(134 1)(138 1)(143 1)(151 1)(154 2)(156 1)(158 1)(162 1)(165 1)
