NUMBER OF AREAS : 2
---area label--- : 1
area size : 315
mean x : 97.05
mean y : 148.18
mean E_x^2 : 103.39
mean E_y^2 : 27.86
mean E_xy^2 : 45.44
theta : 0.78
average greyscal : 47.77
average RGB [52.89,43.17,48.23]
(0 1)(1 1)(2 1)(3 2)(4 2)(5 2)(6 2)(7 4)(8 1)(9 2)(10 1)(11 4)(12 3)(13 3)(14 3)(15 3)(16 3)(18 3)(19 2)(20 3)(21 2)(22 3)(23 1)(24 5)(25 5)(26 5)(27 4)(28 4)(29 7)(30 4)(31 4)(32 7)(33 7)(34 11)(35 7)(36 10)(37 10)(38 5)(39 8)(40 10)(41 8)(42 4)(43 2)(44 6)(45 6)(46 4)(47 4)(48 5)(49 2)(50 4)(51 11)(52 2)(53 1)(54 2)(55 2)(56 3)(57 1)(58 3)(59 2)(60 3)(61 1)(62 3)(63 3)(65 1)(66 5)(67 1)(68 2)(70 3)(71 3)(72 1)(73 2)(74 4)(75 1)(76 1)(77 2)(78 2)(81 1)(82 3)(83 1)(84 1)(88 1)(89 1)(92 3)(94 1)(95 2)(98 1)(100 1)(102 2)(104 2)(105 1)(109 2)(111 1)(114 2)(116 1)(119 1)(127 2)(131 2)(133 1)(139 1)(150 1)(159 1)(162 1)(184 2)(203 1)
---area label--- : 2
area size : 223
mean x : 145.83
mean y : 161.24
mean E_x^2 : 15.53
mean E_y^2 : 24.16
mean E_xy^2 : -4.94
theta : -0.78
average greyscal : 63.62
average RGB [65.07,62.34,64.43]
(4 1)(11 2)(20 1)(30 1)(35 1)(36 2)(37 1)(38 3)(39 2)(40 2)(42 3)(43 1)(44 5)(45 2)(46 5)(47 4)(48 3)(49 2)(50 3)(51 3)(52 3)(53 3)(54 7)(55 8)(56 3)(57 3)(58 2)(59 6)(60 8)(61 5)(62 4)(63 15)(64 10)(65 7)(66 8)(67 11)(68 7)(69 8)(70 6)(71 6)(72 6)(73 3)(74 3)(75 2)(78 2)(79 4)(83 2)(85 1)(86 2)(87 1)(88 1)(89 1)(91 1)(92 1)(94 1)(97 3)(98 1)(102 1)(103 1)(105 1)(111 2)(113 2)(114 1)(119 1)(120 1)(141 1)
