NUMBER OF AREAS : 2
---area label--- : 1
area size : 222
mean x : 145.80
mean y : 161.33
mean E_x^2 : 15.31
mean E_y^2 : 23.82
mean E_xy^2 : -4.36
theta : -0.78
average greyscal : 63.88
average RGB [66.87,61.11,64.68]
(3 1)(6 1)(16 1)(27 1)(28 1)(31 1)(34 1)(37 1)(38 2)(39 1)(40 2)(41 2)(43 2)(44 4)(45 3)(46 3)(47 7)(48 1)(49 2)(50 6)(51 4)(52 6)(53 7)(54 2)(55 2)(56 3)(57 5)(58 2)(59 6)(60 11)(61 5)(62 5)(63 5)(64 8)(65 13)(66 12)(67 8)(68 10)(69 3)(70 7)(71 9)(72 4)(73 6)(74 4)(75 2)(76 1)(77 1)(78 1)(79 1)(80 1)(82 1)(84 1)(85 2)(87 1)(88 1)(94 3)(96 1)(97 2)(99 1)(100 1)(105 1)(106 1)(108 2)(109 1)(110 1)(111 1)(112 1)(115 1)(118 1)(148 1)
---area label--- : 2
area size : 5
mean x : 89.00
mean y : 249.00
mean E_x^2 : 0.40
mean E_y^2 : 0.80
mean E_xy^2 : 0.40
theta : -0.51
average greyscal : 28.00
average RGB [38.80,33.40,12.80]
(11 1)(15 1)(22 2)(70 1)
