NUMBER OF AREAS : 2
---area label--- : 1
area size : 220
mean x : 92.56
mean y : 108.89
mean E_x^2 : 41.09
mean E_y^2 : 33.23
mean E_xy^2 : 28.64
theta : 0.78
average greyscal : 53.12
average RGB [60.11,48.83,51.26]
(0 1)(1 1)(4 3)(5 1)(6 4)(7 1)(8 2)(9 2)(12 2)(14 1)(16 1)(17 2)(19 1)(20 1)(21 3)(22 2)(24 1)(25 2)(27 4)(29 1)(30 6)(31 6)(32 3)(33 4)(34 3)(35 2)(36 2)(37 2)(38 2)(39 1)(40 1)(41 3)(42 3)(44 2)(45 1)(46 1)(47 2)(48 3)(49 6)(50 3)(51 8)(52 3)(53 5)(55 6)(56 4)(57 2)(58 6)(59 5)(60 6)(61 4)(62 3)(63 7)(64 5)(65 4)(66 3)(67 7)(68 3)(69 5)(70 3)(71 1)(72 1)(73 2)(76 2)(77 1)(78 2)(79 2)(80 1)(81 2)(82 1)(83 3)(84 1)(85 3)(90 1)(94 2)(96 1)(97 1)(101 2)(102 2)(104 1)(106 1)(116 1)(121 1)(130 1)(131 1)(138 2)
---area label--- : 2
area size : 5
mean x : 82.00
mean y : 111.00
mean E_x^2 : 0.40
mean E_y^2 : 0.80
mean E_xy^2 : 0.40
theta : -0.51
average greyscal : 55.40
average RGB [82.80,40.40,43.80]
(34 1)(40 1)(41 1)(65 1)(97 1)
