NUMBER OF AREAS : 2
---area label--- : 1
area size : 129
mean x : 83.05
mean y : 99.05
mean E_x^2 : 29.13
mean E_y^2 : 28.97
mean E_xy^2 : 24.00
theta : 0.79
average greyscal : 44.25
average RGB [47.26,41.26,45.09]
(0 4)(1 1)(2 3)(3 2)(4 4)(5 1)(8 1)(9 4)(10 1)(11 1)(12 4)(13 1)(14 2)(15 2)(16 1)(17 1)(20 5)(22 1)(23 3)(24 2)(25 3)(26 4)(27 4)(28 1)(29 1)(30 3)(31 2)(32 1)(33 1)(34 1)(37 2)(38 2)(39 3)(40 1)(41 1)(42 1)(45 1)(46 1)(47 2)(50 1)(51 3)(52 2)(53 1)(55 2)(56 1)(57 3)(58 2)(59 2)(60 3)(61 3)(62 3)(63 1)(67 1)(75 1)(81 2)(87 2)(88 1)(92 1)(94 1)(95 1)(101 1)(103 1)(106 1)(111 1)(116 1)(119 1)(120 1)(125 1)(127 1)(156 1)(157 1)(158 1)(159 1)
---area label--- : 2
area size : 927
mean x : 214.62
mean y : 203.61
mean E_x^2 : 173.34
mean E_y^2 : 56.26
mean E_xy^2 : 38.17
theta : 0.78
average greyscal : 52.76
average RGB [44.64,51.20,63.54]
(0 2)(3 3)(4 2)(5 4)(8 4)(9 2)(11 4)(12 2)(13 2)(14 4)(15 4)(16 2)(17 4)(18 6)(19 6)(20 5)(21 6)(22 6)(23 11)(24 13)(25 21)(26 22)(27 15)(28 15)(29 14)(30 21)(31 18)(32 15)(33 12)(34 12)(35 10)(36 9)(37 14)(38 15)(39 10)(40 12)(41 12)(42 11)(43 11)(44 7)(45 7)(46 22)(47 14)(48 17)(49 12)(50 16)(51 18)(52 12)(53 19)(54 21)(55 19)(56 16)(57 18)(58 18)(59 17)(60 14)(61 20)(62 9)(63 13)(64 14)(65 18)(66 6)(67 11)(68 12)(69 4)(70 8)(71 8)(72 13)(73 5)(74 5)(75 5)(76 5)(77 6)(78 4)(79 5)(80 8)(81 5)(82 7)(83 2)(84 3)(85 3)(86 4)(88 4)(89 3)(90 9)(91 5)(92 9)(93 2)(94 6)(95 2)(96 5)(97 4)(98 2)(99 4)(100 5)(101 3)(102 3)(103 2)(104 1)(105 3)(108 1)(110 2)(111 1)(117 1)(118 1)(126 1)(128 3)(134 2)(141 2)(143 2)(151 2)(157 1)(158 1)(166 1)(177 1)(199 1)(202 1)
