NUMBER OF AREAS : 3
---area label--- : 1
area size : 61
mean x : 85.30
mean y : 82.13
mean E_x^2 : 13.81
mean E_y^2 : 10.47
mean E_xy^2 : 10.19
theta : 0.78
average greyscal : 27.62
average RGB [25.75,25.92,32.59]
(6 1)(7 2)(8 1)(12 1)(14 1)(15 1)(16 4)(17 3)(18 1)(19 1)(20 1)(21 2)(22 1)(23 3)(24 2)(25 4)(26 2)(27 4)(28 2)(29 1)(30 3)(31 3)(32 2)(34 4)(35 1)(37 2)(40 1)(45 1)(48 1)(53 1)(54 1)(58 1)(60 1)(68 1)
---area label--- : 2
area size : 224
mean x : 145.85
mean y : 161.28
mean E_x^2 : 15.54
mean E_y^2 : 24.40
mean E_xy^2 : -4.75
theta : -0.78
average greyscal : 63.32
average RGB [66.81,61.71,62.55]
(1 1)(7 2)(20 1)(23 1)(33 1)(34 1)(35 2)(36 1)(37 2)(41 7)(42 2)(43 3)(44 2)(45 3)(46 4)(47 4)(48 9)(49 2)(50 1)(51 3)(52 5)(53 6)(54 3)(55 4)(56 2)(57 4)(58 2)(59 6)(60 9)(61 6)(62 9)(63 6)(64 10)(65 8)(66 12)(67 11)(68 4)(69 5)(70 6)(71 4)(72 5)(73 9)(74 3)(75 2)(76 2)(79 1)(80 1)(81 2)(83 3)(86 1)(90 2)(97 1)(98 2)(99 1)(100 2)(103 1)(105 1)(106 1)(107 1)(108 1)(110 3)(111 1)(112 1)(115 1)(117 1)(145 1)
---area label--- : 3
area size : 5
mean x : 89.00
mean y : 249.00
mean E_x^2 : 0.40
mean E_y^2 : 0.80
mean E_xy^2 : 0.40
theta : -0.51
average greyscal : 30.00
average RGB [43.40,33.00,14.80]
(12 1)(13 1)(25 1)(31 1)(69 1)
