NUMBER OF AREAS : 1
---area label--- : 1
area size : 301
mean x : 95.55
mean y : 114.07
mean E_x^2 : 53.61
mean E_y^2 : 33.89
mean E_xy^2 : 27.06
theta : 0.78
average greyscal : 58.81
average RGB [66.08,53.90,57.55]
(0 1)(1 1)(2 1)(3 1)(5 3)(6 3)(7 5)(8 2)(13 1)(14 2)(16 2)(17 3)(18 4)(19 3)(20 5)(21 2)(22 2)(23 2)(24 2)(26 1)(27 2)(28 1)(29 7)(30 1)(31 2)(32 2)(33 4)(34 1)(35 1)(36 2)(37 2)(38 6)(39 3)(40 1)(41 1)(42 5)(43 3)(44 3)(45 3)(46 4)(47 3)(48 5)(49 5)(50 4)(51 1)(52 6)(53 5)(54 3)(55 4)(56 5)(57 1)(58 6)(59 7)(60 5)(61 9)(62 7)(63 4)(64 6)(65 6)(66 10)(67 4)(68 9)(69 4)(70 5)(71 1)(72 1)(73 2)(74 3)(75 2)(76 1)(77 1)(79 2)(80 3)(81 2)(82 1)(83 1)(84 1)(85 1)(86 2)(87 2)(89 1)(90 2)(91 1)(93 2)(94 2)(96 4)(97 3)(98 2)(99 2)(101 2)(102 3)(105 2)(106 1)(107 1)(108 1)(109 1)(110 2)(111 2)(115 1)(116 1)(118 1)(119 1)(120 2)(122 1)(123 1)(125 4)(140 1)(143 1)(144 1)(150 1)(164 1)
