NUMBER OF AREAS : 5
---area label--- : 1
area size : 5
mean x : 75.00
mean y : 89.00
mean E_x^2 : 0.40
mean E_y^2 : 0.80
mean E_xy^2 : 0.40
theta : -0.51
average greyscal : 47.00
average RGB [60.20,42.60,39.40]
(34 1)(47 1)(48 1)(51 1)(55 1)
---area label--- : 2
area size : 5
mean x : 67.00
mean y : 94.00
mean E_x^2 : 0.40
mean E_y^2 : 0.80
mean E_xy^2 : 0.40
theta : -0.51
average greyscal : 25.40
average RGB [31.00,23.20,22.60]
(5 1)(18 1)(33 1)(35 1)(36 1)
---area label--- : 3
area size : 103
mean x : 83.57
mean y : 101.98
mean E_x^2 : 27.99
mean E_y^2 : 9.07
mean E_xy^2 : 13.14
theta : 0.77
average greyscal : 34.93
average RGB [35.16,33.61,37.03]
(0 1)(3 2)(5 4)(6 1)(7 2)(8 1)(9 1)(10 2)(13 2)(15 2)(16 4)(17 1)(19 1)(20 1)(21 2)(22 1)(23 4)(24 5)(25 3)(26 1)(27 2)(28 4)(29 6)(30 6)(31 4)(32 5)(33 1)(34 3)(35 1)(36 2)(37 1)(39 1)(40 1)(42 1)(43 2)(47 1)(50 1)(52 1)(54 1)(58 2)(68 2)(72 1)(73 1)(74 1)(76 1)(77 1)(83 1)(85 2)(88 1)(95 1)(96 1)(101 1)(102 1)(110 1)
---area label--- : 4
area size : 892
mean x : 214.20
mean y : 199.86
mean E_x^2 : 156.24
mean E_y^2 : 67.55
mean E_xy^2 : 45.90
theta : 0.78
average greyscal : 48.87
average RGB [39.42,48.47,59.74]
(0 5)(1 2)(2 6)(3 2)(4 6)(5 2)(6 2)(7 3)(8 1)(9 1)(10 2)(11 5)(12 2)(13 3)(14 2)(15 3)(16 2)(17 5)(18 5)(19 8)(20 7)(21 8)(22 11)(23 8)(24 5)(25 8)(26 20)(27 23)(28 26)(29 15)(30 19)(31 17)(32 26)(33 17)(34 16)(35 17)(36 10)(37 9)(38 10)(39 9)(40 15)(41 14)(42 10)(43 10)(44 13)(45 9)(46 20)(47 11)(48 14)(49 9)(50 9)(51 24)(52 19)(53 16)(54 18)(55 21)(56 19)(57 21)(58 11)(59 10)(60 13)(61 16)(62 14)(63 10)(64 10)(65 10)(66 17)(67 9)(68 8)(69 6)(70 8)(71 11)(72 5)(73 3)(74 4)(75 8)(76 5)(77 7)(78 1)(79 2)(80 3)(81 5)(82 2)(83 5)(84 1)(85 2)(87 1)(88 3)(89 2)(90 2)(92 1)(93 3)(94 1)(95 2)(96 1)(97 1)(98 8)(99 2)(100 4)(101 3)(102 3)(103 2)(104 1)(105 1)(107 2)(108 1)(112 1)(113 3)(116 1)(118 3)(119 1)(120 2)(122 1)(123 1)(131 1)(136 2)(137 1)(150 1)(155 1)(161 1)(163 1)(172 1)
---area label--- : 5
area size : 13
mean x : 196.38
mean y : 210.92
mean E_x^2 : 0.70
mean E_y^2 : 1.61
mean E_xy^2 : 0.11
theta : -0.59
average greyscal : 118.08
average RGB [117.15,118.92,119.23]
(31 1)(43 1)(70 1)(75 1)(104 1)(109 1)(128 1)(140 1)(150 1)(153 1)(170 1)(181 2)
