NUMBER OF AREAS : 2
---area label--- : 1
area size : 538
mean x : 157.58
mean y : 141.41
mean E_x^2 : 144.14
mean E_y^2 : 49.83
mean E_xy^2 : 69.83
theta : 0.78
average greyscal : 50.07
average RGB [43.82,48.90,58.34]
(0 2)(1 1)(3 2)(4 1)(5 1)(6 1)(7 1)(8 2)(9 2)(10 5)(11 1)(13 3)(15 2)(16 5)(17 2)(18 3)(19 2)(20 4)(21 5)(22 4)(23 6)(24 9)(25 8)(26 11)(27 12)(28 10)(29 13)(30 13)(31 17)(32 18)(33 11)(34 8)(35 9)(36 7)(37 7)(38 8)(39 8)(40 8)(41 9)(42 5)(43 13)(44 9)(45 9)(46 8)(47 7)(48 8)(49 6)(50 15)(51 7)(52 6)(53 6)(54 9)(55 11)(56 3)(57 3)(58 5)(59 1)(60 3)(61 2)(62 3)(63 8)(64 7)(65 1)(66 2)(67 6)(68 6)(69 5)(70 4)(71 3)(72 3)(73 4)(74 7)(75 4)(76 6)(77 4)(78 6)(79 5)(80 4)(81 5)(82 6)(83 2)(84 5)(85 2)(87 2)(88 5)(89 1)(90 3)(91 4)(92 4)(93 3)(94 1)(95 2)(96 2)(97 1)(98 1)(99 1)(100 2)(102 1)(103 2)(105 3)(109 1)(110 1)(111 1)(112 1)(117 1)(121 1)(122 2)(123 1)(131 1)(132 1)(134 1)(151 1)(160 1)(182 1)
---area label--- : 2
area size : 8
mean x : 160.50
mean y : 128.00
mean E_x^2 : 0.75
mean E_y^2 : 0.75
mean E_xy^2 : 0.38
theta : 0.79
average greyscal : 71.00
average RGB [78.62,63.62,72.12]
(45 1)(52 1)(67 1)(69 1)(70 1)(83 1)(84 1)(98 1)
