NUMBER OF AREAS : 1
---area label--- : 1
area size : 355
mean x : 98.81
mean y : 118.65
mean E_x^2 : 63.49
mean E_y^2 : 42.23
mean E_xy^2 : 36.18
theta : 0.78
average greyscal : 61.44
average RGB [68.76,56.58,59.95]
(0 5)(1 3)(2 3)(3 3)(4 5)(5 2)(6 3)(9 3)(10 2)(11 1)(12 3)(13 1)(14 1)(15 1)(16 2)(17 3)(18 4)(19 3)(20 1)(21 1)(23 2)(24 2)(25 2)(26 3)(27 2)(29 2)(30 3)(31 5)(32 1)(33 6)(35 2)(36 2)(37 1)(38 1)(39 5)(40 1)(41 2)(42 3)(43 1)(44 3)(45 6)(46 2)(47 6)(48 3)(49 7)(50 5)(51 9)(52 5)(53 5)(54 2)(55 3)(56 2)(57 5)(58 4)(59 7)(60 4)(61 8)(62 5)(63 7)(64 4)(65 7)(66 9)(67 10)(68 6)(69 6)(70 2)(71 6)(72 6)(73 4)(74 7)(75 4)(76 5)(77 1)(79 2)(80 2)(81 3)(82 1)(83 4)(84 1)(85 5)(86 1)(87 1)(88 3)(89 2)(90 1)(91 1)(94 3)(95 2)(96 1)(98 2)(100 2)(101 2)(102 2)(103 3)(104 2)(105 2)(106 2)(108 1)(110 1)(111 1)(112 1)(113 1)(114 1)(115 4)(116 2)(118 1)(121 1)(122 1)(124 1)(127 1)(128 1)(131 1)(137 1)(138 1)(146 1)(151 1)(154 1)(159 1)(161 2)(162 1)(163 1)(165 2)(167 1)(170 1)(173 1)
