NUMBER OF AREAS : 5
---area label--- : 1
area size : 55
mean x : 81.89
mean y : 82.65
mean E_x^2 : 4.86
mean E_y^2 : 7.03
mean E_xy^2 : 1.96
theta : -0.77
average greyscal : 39.58
average RGB [40.27,37.49,42.04]
(0 2)(3 1)(5 1)(7 1)(8 1)(10 2)(11 2)(13 4)(14 2)(16 3)(17 1)(19 1)(20 2)(23 2)(24 1)(26 2)(27 1)(28 1)(29 2)(31 1)(32 1)(35 1)(40 1)(46 2)(52 1)(55 1)(58 1)(62 1)(64 1)(77 1)(82 1)(90 3)(91 1)(97 1)(98 1)(105 1)(108 1)(109 1)(115 1)
---area label--- : 2
area size : 5
mean x : 142.00
mean y : 83.00
mean E_x^2 : 0.40
mean E_y^2 : 0.80
mean E_xy^2 : 0.40
theta : -0.51
average greyscal : 64.80
average RGB [75.40,58.80,61.00]
(44 1)(50 1)(68 1)(74 1)(88 1)
---area label--- : 3
area size : 5
mean x : 147.00
mean y : 89.00
mean E_x^2 : 0.40
mean E_y^2 : 0.80
mean E_xy^2 : 0.40
theta : -0.51
average greyscal : 97.40
average RGB [106.00,95.80,91.40]
(78 1)(94 1)(102 1)(104 1)(109 1)
---area label--- : 4
area size : 616
mean x : 157.82
mean y : 112.14
mean E_x^2 : 138.16
mean E_y^2 : 66.22
mean E_xy^2 : 79.45
theta : 0.78
average greyscal : 51.83
average RGB [43.33,51.69,61.44]
(2 1)(3 3)(4 2)(7 4)(9 3)(10 4)(12 1)(13 2)(15 4)(16 4)(17 5)(18 3)(19 5)(20 5)(21 9)(22 5)(23 6)(24 3)(25 6)(26 12)(27 12)(28 13)(29 7)(30 17)(31 21)(32 16)(33 12)(34 10)(35 8)(36 11)(37 9)(38 11)(39 9)(40 10)(41 5)(42 11)(43 7)(44 5)(45 8)(46 9)(47 6)(48 10)(49 11)(50 6)(51 10)(52 8)(53 9)(54 8)(55 8)(56 8)(57 8)(58 13)(59 7)(60 10)(61 5)(62 9)(63 8)(64 10)(65 3)(66 11)(67 6)(68 7)(69 7)(70 4)(71 3)(72 4)(73 3)(74 3)(75 3)(76 7)(77 5)(78 2)(79 2)(80 6)(81 3)(82 2)(83 4)(84 5)(85 1)(86 5)(87 3)(88 7)(89 1)(90 3)(91 1)(92 4)(93 1)(94 1)(95 5)(96 3)(97 3)(98 3)(99 2)(100 1)(101 1)(102 2)(103 2)(107 1)(108 1)(111 2)(112 2)(116 2)(119 2)(120 1)(121 1)(122 1)(125 1)(126 2)(129 1)(130 1)(134 1)(137 1)(139 1)(159 1)(161 1)(162 1)(175 1)
---area label--- : 5
area size : 11
mean x : 132.00
mean y : 107.64
mean E_x^2 : 1.27
mean E_y^2 : 1.14
mean E_xy^2 : 0.82
theta : 0.76
average greyscal : 80.18
average RGB [93.45,74.45,73.64]
(42 1)(51 1)(58 1)(61 1)(72 1)(87 1)(90 1)(93 1)(108 2)(112 1)
