NUMBER OF AREAS : 1
---area label--- : 1
area size : 229
mean x : 91.27
mean y : 105.98
mean E_x^2 : 35.16
mean E_y^2 : 44.55
mean E_xy^2 : 31.40
theta : -0.78
average greyscal : 56.25
average RGB [60.15,52.48,56.99]
(1 3)(3 6)(4 6)(5 1)(6 2)(7 2)(9 2)(10 2)(11 1)(12 2)(13 1)(14 1)(15 2)(16 1)(17 1)(19 2)(20 1)(21 1)(22 1)(23 2)(24 1)(25 1)(26 3)(27 3)(28 2)(29 1)(31 2)(32 5)(33 2)(34 1)(35 3)(36 2)(37 1)(38 1)(39 4)(40 1)(41 4)(43 5)(44 6)(45 3)(46 1)(47 1)(48 1)(49 5)(50 2)(51 4)(52 3)(53 3)(54 3)(55 2)(56 2)(57 2)(58 3)(59 7)(60 5)(61 6)(62 5)(63 3)(64 7)(65 6)(66 5)(67 3)(68 6)(69 1)(70 2)(71 1)(72 3)(73 3)(74 1)(76 1)(77 2)(78 1)(80 1)(81 3)(82 1)(85 1)(90 1)(92 1)(93 1)(95 1)(97 2)(98 1)(99 1)(101 1)(104 3)(105 1)(106 2)(113 1)(117 1)(122 1)(135 1)(139 1)(141 1)(144 1)(145 1)(146 1)(154 1)(156 1)(157 1)(167 1)(172 1)(177 1)(179 1)(181 1)
