NUMBER OF AREAS : 2
---area label--- : 1
area size : 538
mean x : 139.65
mean y : 119.79
mean E_x^2 : 140.61
mean E_y^2 : 55.47
mean E_xy^2 : 75.32
theta : 0.78
average greyscal : 51.98
average RGB [44.88,50.61,61.53]
(0 4)(1 2)(2 3)(3 4)(4 1)(5 3)(6 2)(7 4)(8 1)(9 3)(11 4)(12 3)(13 4)(14 3)(16 1)(17 5)(18 3)(19 1)(20 6)(21 2)(22 2)(23 8)(24 8)(25 7)(26 10)(27 13)(28 11)(29 11)(30 10)(31 6)(32 10)(33 11)(34 9)(35 10)(36 7)(37 10)(38 14)(39 9)(40 6)(41 6)(42 8)(43 5)(44 4)(45 10)(46 8)(47 7)(48 6)(49 2)(50 7)(51 7)(52 6)(53 7)(54 5)(55 5)(56 6)(57 6)(58 7)(59 2)(60 3)(61 6)(62 9)(63 8)(64 10)(65 5)(66 8)(67 2)(68 10)(69 7)(70 4)(71 3)(72 6)(73 1)(74 1)(75 4)(76 7)(77 3)(79 4)(80 7)(81 2)(82 1)(83 1)(85 2)(86 5)(87 2)(88 2)(89 3)(90 3)(91 1)(92 2)(93 2)(95 3)(96 1)(97 1)(98 6)(99 2)(100 2)(101 4)(102 1)(103 1)(104 4)(105 3)(106 3)(107 6)(108 1)(111 3)(112 1)(116 1)(121 1)(124 1)(126 2)(129 1)(130 1)(132 1)(133 1)(136 1)(139 1)(140 1)(142 1)(143 1)(144 1)(146 1)(165 1)
---area label--- : 2
area size : 5
mean x : 105.00
mean y : 108.00
mean E_x^2 : 0.40
mean E_y^2 : 0.80
mean E_xy^2 : 0.40
theta : -0.51
average greyscal : 76.40
average RGB [83.60,69.60,76.00]
(54 1)(60 1)(69 1)(85 1)(114 1)
