NUMBER OF AREAS : 3
---area label--- : 1
area size : 119
mean x : 83.21
mean y : 91.95
mean E_x^2 : 29.76
mean E_y^2 : 14.43
mean E_xy^2 : 17.93
theta : 0.78
average greyscal : 35.55
average RGB [39.70,31.82,36.02]
(1 3)(3 1)(8 1)(9 1)(10 2)(11 2)(12 1)(14 2)(15 2)(16 1)(17 1)(18 2)(19 2)(20 1)(21 1)(23 2)(24 3)(25 3)(26 4)(27 4)(28 4)(29 4)(30 3)(31 2)(32 5)(33 2)(34 2)(35 1)(36 3)(37 2)(38 6)(39 1)(40 4)(41 1)(42 4)(43 2)(44 4)(45 3)(46 4)(47 2)(48 2)(51 3)(52 2)(53 3)(54 1)(61 1)(62 1)(67 1)(69 1)(76 2)(80 1)(89 1)(96 1)(98 1)
---area label--- : 2
area size : 222
mean x : 145.80
mean y : 161.24
mean E_x^2 : 15.37
mean E_y^2 : 24.27
mean E_xy^2 : -4.92
theta : -0.78
average greyscal : 63.91
average RGB [67.77,60.51,64.41]
(4 1)(6 1)(15 1)(26 1)(32 2)(33 2)(35 1)(37 1)(40 1)(41 1)(42 1)(43 1)(44 2)(45 6)(46 3)(47 1)(48 6)(49 6)(50 6)(51 5)(52 4)(53 4)(54 5)(55 2)(56 2)(57 4)(58 7)(59 11)(60 4)(61 11)(62 3)(63 10)(64 3)(65 6)(66 9)(67 8)(68 12)(69 7)(70 3)(71 7)(72 6)(73 5)(74 4)(75 6)(76 1)(77 1)(78 1)(79 1)(80 1)(81 2)(82 1)(83 1)(84 1)(87 1)(88 1)(89 1)(91 2)(97 1)(98 1)(100 1)(102 2)(104 1)(111 2)(112 1)(113 1)(114 1)(115 2)(118 1)(148 1)
---area label--- : 3
area size : 5
mean x : 89.00
mean y : 249.00
mean E_x^2 : 0.40
mean E_y^2 : 0.80
mean E_xy^2 : 0.40
theta : -0.51
average greyscal : 35.40
average RGB [57.00,25.00,25.80]
(20 1)(22 1)(24 1)(35 1)(76 1)
