NUMBER OF AREAS : 2
---area label--- : 1
area size : 225
mean x : 145.76
mean y : 161.28
mean E_x^2 : 15.59
mean E_y^2 : 24.30
mean E_xy^2 : -4.71
theta : -0.78
average greyscal : 64.04
average RGB [67.27,61.20,64.62]
(1 1)(10 1)(18 1)(22 1)(29 1)(30 1)(31 1)(35 1)(37 2)(39 3)(40 1)(41 4)(42 4)(43 2)(44 3)(45 1)(46 5)(47 4)(48 4)(49 1)(50 4)(51 7)(52 7)(53 2)(54 3)(55 6)(56 2)(57 2)(58 7)(59 6)(60 5)(61 6)(62 3)(63 3)(64 11)(65 4)(66 16)(67 7)(68 9)(69 10)(70 7)(71 6)(72 3)(73 2)(74 4)(75 3)(76 5)(77 1)(78 1)(79 3)(81 1)(82 1)(83 1)(88 3)(89 1)(93 1)(94 2)(95 1)(100 1)(101 1)(102 2)(103 1)(104 1)(105 1)(106 1)(107 1)(110 2)(111 1)(113 1)(117 1)(122 1)(125 1)(127 1)
---area label--- : 2
area size : 362
mean x : 115.19
mean y : 167.60
mean E_x^2 : 103.26
mean E_y^2 : 20.43
mean E_xy^2 : 32.86
theta : 0.78
average greyscal : 58.35
average RGB [63.60,54.41,58.01]
(0 5)(1 2)(2 4)(3 4)(4 6)(5 3)(6 3)(7 3)(8 1)(9 3)(10 3)(11 3)(12 1)(13 1)(14 2)(15 1)(16 2)(17 4)(18 3)(20 4)(21 1)(22 5)(23 1)(24 3)(25 4)(26 5)(27 8)(28 4)(29 3)(30 10)(31 7)(32 12)(33 15)(34 4)(35 7)(36 2)(37 8)(38 6)(39 5)(40 6)(41 5)(42 5)(43 4)(44 4)(45 2)(46 4)(47 6)(48 1)(49 2)(52 3)(53 1)(54 2)(55 4)(56 2)(59 4)(60 2)(61 3)(62 1)(63 2)(64 2)(65 1)(66 1)(67 5)(68 5)(69 2)(70 1)(72 1)(73 5)(74 1)(75 3)(76 1)(77 2)(78 1)(80 2)(81 1)(82 2)(84 2)(85 2)(87 1)(88 4)(89 2)(91 3)(94 2)(95 5)(96 5)(97 1)(98 3)(100 1)(102 1)(103 2)(104 1)(105 3)(106 2)(107 5)(110 1)(111 1)(112 1)(114 2)(115 3)(119 1)(120 2)(121 2)(122 1)(123 1)(124 1)(125 1)(127 1)(129 1)(132 4)(133 1)(137 1)(138 1)(139 1)(140 1)(144 1)(148 1)(151 2)(152 1)(153 1)(156 1)(159 1)(160 1)(161 1)(162 1)(167 1)(171 2)(178 1)(180 1)(185 1)(186 1)(188 2)(189 1)(202 1)
