NUMBER OF AREAS : 3
---area label--- : 1
area size : 537
mean x : 139.73
mean y : 120.20
mean E_x^2 : 142.29
mean E_y^2 : 54.92
mean E_xy^2 : 75.55
theta : 0.78
average greyscal : 52.43
average RGB [44.42,50.25,63.64]
(0 2)(1 2)(2 1)(3 2)(4 5)(5 4)(7 2)(8 3)(9 3)(10 2)(11 2)(12 4)(13 2)(14 2)(15 3)(16 3)(17 5)(18 4)(19 6)(20 2)(21 3)(22 4)(23 3)(24 9)(25 3)(26 6)(27 8)(28 8)(29 9)(30 19)(31 4)(32 10)(33 10)(34 7)(35 12)(36 9)(37 10)(38 4)(39 6)(40 10)(41 13)(42 9)(43 7)(44 7)(45 4)(46 5)(47 9)(48 8)(49 5)(50 6)(51 9)(52 4)(53 7)(54 9)(55 9)(56 7)(57 5)(58 9)(59 5)(60 10)(61 6)(62 4)(63 5)(64 2)(65 7)(66 5)(67 3)(68 6)(69 2)(70 2)(71 9)(72 6)(73 5)(74 7)(75 3)(76 3)(77 6)(78 2)(79 5)(80 6)(81 4)(82 2)(83 2)(84 2)(85 3)(86 2)(87 2)(88 1)(90 5)(91 5)(92 1)(95 5)(96 2)(98 3)(99 1)(100 1)(101 1)(102 3)(103 2)(104 2)(105 1)(106 4)(107 2)(108 2)(109 2)(110 2)(111 3)(112 1)(115 1)(116 1)(118 1)(119 1)(121 1)(122 1)(127 1)(130 1)(131 1)(138 1)(145 1)(146 1)(147 2)(148 1)(155 1)(163 1)
---area label--- : 2
area size : 5
mean x : 106.00
mean y : 108.00
mean E_x^2 : 0.40
mean E_y^2 : 0.80
mean E_xy^2 : 0.40
theta : -0.51
average greyscal : 70.40
average RGB [76.60,68.60,66.00]
(16 1)(73 1)(75 1)(94 2)
---area label--- : 3
area size : 5
mean x : 114.00
mean y : 112.00
mean E_x^2 : 0.40
mean E_y^2 : 0.80
mean E_xy^2 : 0.40
theta : -0.51
average greyscal : 79.00
average RGB [86.80,75.20,76.00]
(52 1)(66 1)(80 1)(97 1)(100 1)
