NUMBER OF AREAS : 3
---area label--- : 1
area size : 271
mean x : 88.71
mean y : 131.96
mean E_x^2 : 75.59
mean E_y^2 : 23.77
mean E_xy^2 : 35.55
theta : 0.78
average greyscal : 46.53
average RGB [52.96,40.83,46.72]
(0 7)(2 2)(3 1)(4 2)(5 1)(6 4)(7 2)(8 4)(9 2)(10 3)(11 2)(12 2)(13 5)(14 2)(15 2)(16 1)(17 2)(19 4)(20 3)(21 2)(22 1)(23 2)(24 3)(25 2)(26 3)(27 5)(28 2)(29 6)(30 2)(31 7)(32 7)(33 4)(34 8)(35 5)(36 3)(37 7)(38 7)(39 5)(40 5)(41 8)(42 5)(43 3)(44 2)(45 2)(46 3)(47 4)(48 2)(49 6)(50 5)(51 3)(52 4)(53 6)(54 1)(55 5)(56 2)(59 4)(60 4)(61 3)(62 2)(64 2)(65 3)(66 3)(67 1)(68 1)(69 2)(72 1)(73 5)(74 1)(76 1)(77 1)(79 1)(83 1)(84 2)(85 1)(86 1)(87 2)(88 1)(89 2)(90 1)(91 1)(92 1)(96 1)(97 1)(98 1)(101 1)(103 2)(104 1)(105 1)(106 1)(110 1)(111 2)(113 2)(117 1)(118 1)(120 1)(122 1)(123 1)(124 1)(125 1)(128 1)(143 1)(174 1)(182 1)
---area label--- : 2
area size : 223
mean x : 145.84
mean y : 161.20
mean E_x^2 : 15.60
mean E_y^2 : 24.49
mean E_xy^2 : -5.25
theta : -0.78
average greyscal : 63.41
average RGB [66.94,60.93,63.30]
(4 1)(12 1)(13 1)(18 1)(20 1)(30 1)(31 1)(34 1)(35 1)(37 1)(38 3)(39 1)(40 1)(41 1)(42 3)(43 2)(44 4)(45 4)(46 8)(47 3)(48 6)(49 2)(50 3)(51 6)(52 3)(53 5)(54 4)(55 6)(56 1)(57 1)(58 5)(59 2)(60 3)(61 9)(62 6)(63 5)(64 8)(65 15)(66 10)(67 3)(68 10)(69 3)(70 7)(71 6)(72 10)(73 6)(74 5)(75 3)(78 1)(79 1)(81 1)(82 2)(84 2)(85 1)(89 2)(91 1)(92 2)(96 1)(97 1)(98 2)(100 1)(104 1)(105 3)(106 1)(107 1)(108 1)(110 1)(114 1)(115 1)(118 1)(152 1)
---area label--- : 3
area size : 5
mean x : 89.00
mean y : 249.00
mean E_x^2 : 0.40
mean E_y^2 : 0.80
mean E_xy^2 : 0.40
theta : -0.51
average greyscal : 34.60
average RGB [62.80,25.40,16.40]
(14 1)(22 1)(23 1)(51 1)(63 1)
