NUMBER OF AREAS : 3
---area label--- : 1
area size : 166
mean x : 80.01
mean y : 92.11
mean E_x^2 : 33.39
mean E_y^2 : 21.82
mean E_xy^2 : 22.12
theta : 0.78
average greyscal : 38.96
average RGB [45.16,34.93,37.92]
(0 1)(3 3)(4 1)(5 2)(6 1)(7 1)(8 1)(11 1)(12 2)(13 3)(15 1)(17 2)(18 1)(19 1)(20 3)(21 4)(22 6)(24 3)(25 6)(26 5)(27 4)(28 4)(29 4)(30 2)(31 5)(32 7)(33 2)(34 4)(35 4)(36 4)(37 5)(38 8)(39 5)(40 1)(41 2)(42 1)(43 1)(44 1)(45 4)(46 10)(47 3)(48 3)(49 1)(50 1)(53 3)(54 5)(55 1)(56 1)(57 1)(59 1)(60 1)(61 1)(63 1)(67 1)(68 1)(72 1)(73 1)(75 1)(76 1)(82 1)(86 1)(89 1)(90 1)(94 1)(98 1)(102 1)(118 1)(121 1)(132 1)(133 1)
---area label--- : 2
area size : 715
mean x : 196.21
mean y : 172.74
mean E_x^2 : 220.46
mean E_y^2 : 52.55
mean E_xy^2 : 78.14
theta : 0.78
average greyscal : 53.39
average RGB [43.52,52.61,65.10]
(5 1)(6 1)(7 1)(8 5)(9 6)(10 2)(12 2)(13 2)(14 3)(15 1)(16 3)(17 1)(18 4)(19 3)(20 4)(21 2)(22 4)(23 8)(24 11)(25 13)(26 17)(27 9)(28 11)(29 7)(30 17)(31 12)(32 16)(33 10)(34 13)(35 10)(36 14)(37 10)(38 13)(39 11)(40 12)(41 7)(42 14)(43 6)(44 7)(45 6)(46 13)(47 6)(48 8)(49 13)(50 7)(51 6)(52 7)(53 10)(54 10)(55 11)(56 8)(57 3)(58 11)(59 3)(60 13)(61 14)(62 14)(63 9)(64 11)(65 13)(66 7)(67 11)(68 14)(69 17)(70 5)(71 5)(72 12)(73 7)(74 9)(75 10)(76 10)(77 12)(78 8)(79 3)(80 3)(81 7)(82 6)(83 8)(84 5)(85 6)(86 3)(87 4)(88 3)(89 6)(90 5)(91 1)(92 1)(93 2)(94 2)(95 3)(96 4)(98 1)(99 2)(100 2)(101 3)(103 3)(104 2)(105 1)(106 1)(110 1)(117 2)(120 1)(124 1)(125 1)(128 1)(130 1)(135 1)(140 1)(143 1)(153 1)
---area label--- : 3
area size : 5
mean x : 190.00
mean y : 183.00
mean E_x^2 : 0.40
mean E_y^2 : 0.80
mean E_xy^2 : 0.40
theta : -0.51
average greyscal : 53.80
average RGB [61.60,54.00,47.00]
(29 1)(49 1)(54 1)(55 1)(82 1)
