NUMBER OF AREAS : 1
---area label--- : 1
area size : 554
mean x : 133.65
mean y : 154.04
mean E_x^2 : 149.76
mean E_y^2 : 52.02
mean E_xy^2 : 64.82
theta : 0.78
average greyscal : 54.69
average RGB [56.99,52.54,55.59]
(0 5)(1 3)(2 3)(3 1)(4 3)(5 2)(6 2)(7 6)(8 3)(9 1)(10 3)(11 2)(12 1)(13 1)(14 2)(15 1)(16 2)(17 5)(18 5)(19 4)(20 5)(21 7)(22 3)(23 6)(24 12)(25 8)(26 7)(27 9)(28 13)(29 10)(30 11)(31 6)(32 4)(33 9)(34 5)(35 3)(36 7)(37 5)(38 7)(39 6)(40 4)(41 8)(42 5)(43 4)(44 3)(45 9)(46 8)(47 9)(48 6)(49 5)(50 3)(51 9)(52 3)(53 5)(54 7)(55 3)(56 8)(57 6)(58 5)(59 8)(60 9)(61 10)(62 8)(63 7)(64 8)(65 13)(66 13)(67 8)(68 9)(69 7)(70 7)(71 8)(72 6)(73 6)(74 4)(75 6)(76 3)(77 5)(78 6)(79 2)(80 3)(81 3)(82 3)(83 1)(84 3)(85 4)(86 2)(87 1)(88 3)(89 1)(90 1)(91 3)(92 3)(93 1)(94 4)(95 1)(96 1)(97 1)(98 3)(99 1)(100 2)(101 1)(103 3)(104 5)(105 1)(106 1)(108 2)(109 4)(110 3)(111 1)(113 3)(114 1)(115 1)(116 1)(118 1)(119 1)(120 1)(123 1)(124 1)(126 1)(131 1)(132 1)(137 1)(138 1)(139 1)(141 2)(150 1)(152 3)(160 1)(166 1)(169 1)(190 1)
