NUMBER OF AREAS : 2
---area label--- : 1
area size : 26
mean x : 85.12
mean y : 76.69
mean E_x^2 : 3.56
mean E_y^2 : 3.91
mean E_xy^2 : 2.88
theta : -0.78
average greyscal : 25.88
average RGB [28.42,21.27,29.12]
(6 1)(9 1)(10 2)(11 1)(13 1)(17 1)(18 1)(23 1)(24 2)(25 1)(26 1)(27 3)(30 2)(31 1)(32 2)(37 2)(39 1)(54 2)
---area label--- : 2
area size : 451
mean x : 279.45
mean y : 274.97
mean E_x^2 : 66.38
mean E_y^2 : 32.35
mean E_xy^2 : -23.20
theta : 0.78
average greyscal : 42.77
average RGB [33.08,42.73,53.51]
(16 2)(18 3)(19 8)(20 3)(21 3)(22 5)(23 6)(24 16)(25 15)(26 12)(27 14)(28 10)(29 13)(30 8)(31 11)(32 8)(33 7)(34 4)(35 7)(36 9)(37 6)(38 7)(39 12)(40 7)(41 9)(42 5)(43 8)(44 12)(45 9)(46 8)(47 14)(48 14)(49 15)(50 15)(51 13)(52 7)(53 15)(54 14)(55 11)(56 15)(57 12)(58 3)(59 5)(60 5)(61 8)(62 5)(63 6)(64 4)(65 4)(66 2)(67 2)(69 4)(70 3)(71 1)(74 1)(75 3)(76 1)(79 1)(81 1)
