NUMBER OF AREAS : 2
---area label--- : 1
area size : 8
mean x : 86.50
mean y : 68.00
mean E_x^2 : 0.75
mean E_y^2 : 2.25
mean E_xy^2 : 1.12
theta : -0.58
average greyscal : 21.25
average RGB [21.38,22.12,21.75]
(8 1)(15 1)(20 1)(21 1)(22 1)(24 1)(25 1)(35 1)
---area label--- : 2
area size : 749
mean x : 252.67
mean y : 220.26
mean E_x^2 : 123.50
mean E_y^2 : 48.97
mean E_xy^2 : 7.96
theta : 0.78
average greyscal : 47.79
average RGB [40.65,46.22,57.64]
(1 1)(2 1)(3 2)(6 2)(7 1)(8 3)(10 2)(11 2)(12 2)(13 3)(14 3)(15 6)(16 2)(17 6)(18 13)(19 5)(20 6)(21 2)(22 8)(23 4)(24 15)(25 15)(26 11)(27 10)(28 13)(29 15)(30 10)(31 17)(32 14)(33 15)(34 11)(35 11)(36 6)(37 11)(38 5)(39 21)(40 18)(41 27)(42 21)(43 11)(44 11)(45 11)(46 19)(47 19)(48 17)(49 16)(50 11)(51 10)(52 12)(53 17)(54 13)(55 11)(56 16)(57 12)(58 7)(59 13)(60 6)(61 5)(62 10)(63 8)(64 4)(65 8)(66 4)(67 8)(68 6)(69 8)(70 7)(71 3)(72 6)(73 6)(74 5)(75 4)(76 6)(77 3)(78 3)(79 1)(80 8)(81 3)(82 3)(83 6)(84 4)(85 4)(86 2)(87 5)(88 3)(89 5)(90 3)(91 3)(92 2)(93 1)(94 2)(95 1)(96 2)(97 2)(98 1)(105 2)(106 1)(109 2)(110 1)(122 1)(123 1)(127 1)(130 2)(136 1)
