NUMBER OF AREAS : 1
---area label--- : 1
area size : 519
mean x : 139.29
mean y : 118.06
mean E_x^2 : 125.58
mean E_y^2 : 48.46
mean E_xy^2 : 62.30
theta : 0.78
average greyscal : 56.16
average RGB [45.50,56.70,67.21]
(1 2)(2 2)(3 3)(4 1)(6 4)(7 3)(8 2)(9 2)(10 2)(11 2)(12 1)(13 1)(14 2)(15 1)(16 2)(17 2)(18 3)(19 5)(20 2)(21 5)(22 4)(23 4)(24 5)(25 5)(27 7)(28 9)(29 4)(30 9)(31 10)(32 7)(33 9)(34 16)(35 16)(36 8)(37 5)(38 12)(39 5)(40 10)(41 11)(42 13)(43 2)(44 1)(45 7)(46 6)(47 9)(48 2)(49 6)(50 1)(51 6)(52 6)(53 6)(54 4)(55 2)(56 5)(57 9)(58 5)(59 4)(60 6)(61 3)(62 4)(63 7)(64 6)(65 8)(66 6)(67 10)(68 8)(69 6)(70 6)(71 4)(72 11)(73 2)(74 4)(75 5)(76 6)(77 7)(78 2)(79 8)(80 4)(81 5)(82 1)(83 2)(84 3)(85 6)(86 3)(87 3)(88 3)(89 2)(90 4)(91 5)(92 6)(93 4)(94 6)(95 1)(96 4)(98 1)(99 3)(100 2)(101 1)(102 1)(104 1)(105 2)(106 2)(108 1)(110 3)(111 2)(112 2)(113 2)(116 1)(119 1)(121 1)(124 1)(126 1)(131 3)(132 1)(137 1)(151 1)(152 1)(154 1)(156 1)(159 1)(163 1)(165 1)(169 1)
