NUMBER OF AREAS : 3
---area label--- : 1
area size : 16
mean x : 81.50
mean y : 77.00
mean E_x^2 : 1.75
mean E_y^2 : 1.88
mean E_xy^2 : 1.31
theta : -0.78
average greyscal : 23.88
average RGB [28.50,22.12,21.69]
(1 1)(12 1)(14 1)(15 1)(17 3)(18 2)(22 1)(27 1)(29 1)(32 1)(35 1)(52 1)(56 1)
---area label--- : 2
area size : 5
mean x : 138.00
mean y : 84.00
mean E_x^2 : 0.40
mean E_y^2 : 0.80
mean E_xy^2 : 0.40
theta : -0.51
average greyscal : 61.80
average RGB [70.60,56.20,59.40]
(30 1)(51 1)(58 1)(62 1)(108 1)
---area label--- : 3
area size : 632
mean x : 156.69
mean y : 112.28
mean E_x^2 : 157.46
mean E_y^2 : 63.28
mean E_xy^2 : 83.55
theta : 0.78
average greyscal : 52.21
average RGB [43.34,52.21,62.00]
(0 2)(2 2)(3 3)(4 2)(5 3)(6 3)(7 1)(8 4)(9 2)(10 2)(11 2)(12 7)(13 2)(14 4)(15 1)(16 3)(17 1)(18 4)(19 6)(20 1)(21 2)(22 5)(23 7)(24 10)(25 12)(26 8)(27 7)(28 15)(29 13)(30 13)(31 11)(32 11)(33 14)(34 14)(35 7)(36 9)(37 16)(38 6)(39 6)(40 10)(41 9)(42 6)(43 10)(44 3)(45 13)(46 5)(47 7)(48 8)(49 8)(50 9)(51 3)(52 10)(53 9)(54 12)(55 10)(56 12)(57 14)(58 5)(59 7)(60 7)(61 8)(62 12)(63 13)(64 7)(65 9)(66 2)(67 4)(68 9)(69 6)(70 5)(71 8)(73 6)(74 4)(75 4)(76 9)(77 4)(78 9)(79 2)(80 3)(81 5)(82 3)(83 6)(84 5)(85 1)(86 4)(87 3)(88 2)(89 3)(91 3)(92 3)(93 4)(95 3)(96 2)(97 1)(98 2)(99 1)(100 2)(101 1)(102 1)(103 2)(105 2)(106 2)(107 3)(108 3)(109 2)(111 2)(114 1)(115 1)(116 1)(121 2)(123 1)(124 1)(128 1)(130 1)(133 1)(135 1)(142 2)(146 1)(168 3)(173 1)(175 1)
