NUMBER OF AREAS : 1
---area label--- : 1
area size : 445
mean x : 111.38
mean y : 134.37
mean E_x^2 : 84.88
mean E_y^2 : 31.70
mean E_xy^2 : 33.23
theta : 0.78
average greyscal : 61.56
average RGB [69.24,57.74,58.69]
(0 4)(1 1)(2 2)(4 3)(5 2)(6 3)(8 2)(10 5)(11 2)(13 3)(14 3)(15 2)(16 3)(17 3)(18 1)(19 1)(20 2)(21 5)(22 1)(23 3)(24 4)(25 2)(26 5)(28 6)(29 1)(30 5)(31 4)(32 5)(33 6)(34 4)(35 1)(36 7)(37 7)(38 4)(39 4)(40 5)(41 12)(42 2)(43 5)(44 5)(45 6)(46 8)(47 2)(48 9)(49 8)(50 10)(51 8)(52 2)(53 2)(54 4)(55 4)(56 6)(57 3)(58 5)(59 2)(60 5)(61 3)(62 5)(63 10)(65 4)(66 10)(67 4)(68 11)(69 6)(70 16)(71 8)(72 10)(73 11)(74 5)(75 2)(76 3)(77 4)(78 5)(79 1)(80 4)(81 1)(82 4)(83 2)(84 4)(85 5)(86 1)(87 1)(88 2)(89 3)(90 1)(91 1)(92 1)(93 3)(94 2)(98 2)(99 1)(101 2)(103 1)(105 3)(106 1)(107 1)(108 1)(109 1)(111 2)(112 4)(113 2)(114 1)(116 3)(117 3)(118 2)(119 1)(120 3)(121 2)(122 1)(123 1)(126 1)(127 1)(128 1)(129 2)(130 1)(131 2)(132 1)(133 1)(136 2)(137 2)(140 1)(151 1)(152 1)(155 1)(156 1)(166 1)(169 1)(175 1)(184 1)(186 1)(192 1)
