NUMBER OF AREAS : 3
---area label--- : 1
area size : 22
mean x : 90.50
mean y : 69.32
mean E_x^2 : 3.52
mean E_y^2 : 4.40
mean E_xy^2 : 3.52
theta : -0.77
average greyscal : 17.68
average RGB [14.00,22.09,17.59]
(0 1)(4 2)(8 2)(10 1)(13 1)(14 1)(16 1)(17 1)(18 3)(19 2)(21 1)(23 2)(27 1)(31 1)(34 1)(44 1)
---area label--- : 2
area size : 224
mean x : 145.83
mean y : 161.25
mean E_x^2 : 15.63
mean E_y^2 : 24.07
mean E_xy^2 : -4.60
theta : -0.78
average greyscal : 64.48
average RGB [67.80,61.82,64.46]
(2 1)(4 1)(14 1)(22 1)(24 1)(28 1)(32 1)(34 1)(37 2)(38 3)(40 1)(42 2)(43 1)(45 6)(46 2)(47 3)(48 6)(49 8)(50 5)(51 4)(52 3)(53 5)(54 4)(55 5)(56 2)(57 5)(58 4)(59 6)(60 7)(61 6)(62 9)(63 2)(64 7)(65 9)(66 11)(67 5)(68 9)(69 4)(70 3)(71 7)(72 8)(73 7)(74 2)(75 5)(76 5)(77 2)(78 2)(80 2)(81 1)(83 1)(86 1)(87 3)(91 1)(95 1)(96 2)(101 3)(103 1)(104 2)(108 1)(109 2)(110 1)(112 2)(113 2)(116 1)(120 1)(152 1)
---area label--- : 3
area size : 5
mean x : 89.00
mean y : 249.00
mean E_x^2 : 0.40
mean E_y^2 : 0.80
mean E_xy^2 : 0.40
theta : -0.51
average greyscal : 26.80
average RGB [51.20,22.00,8.20]
(11 1)(14 1)(18 1)(19 1)(72 1)
