NUMBER OF AREAS : 1
---area label--- : 1
area size : 339
mean x : 99.27
mean y : 119.73
mean E_x^2 : 55.78
mean E_y^2 : 33.96
mean E_xy^2 : 26.67
theta : 0.78
average greyscal : 62.35
average RGB [70.00,57.39,60.67]
(0 4)(1 3)(2 3)(3 3)(4 4)(5 1)(6 2)(7 1)(8 1)(9 2)(10 2)(12 3)(13 1)(15 1)(16 2)(18 1)(19 1)(21 1)(22 3)(23 3)(24 2)(25 1)(26 1)(27 2)(28 1)(29 1)(30 2)(32 3)(33 1)(34 1)(36 2)(37 2)(38 2)(39 2)(40 4)(41 6)(42 3)(43 3)(44 3)(45 5)(46 8)(47 5)(48 9)(49 4)(50 9)(51 3)(52 2)(53 6)(54 4)(55 3)(56 3)(57 2)(58 2)(59 7)(60 7)(61 3)(62 4)(63 4)(64 9)(65 8)(66 12)(67 7)(68 8)(69 7)(70 9)(71 9)(72 4)(73 7)(74 2)(75 1)(76 1)(77 1)(78 1)(79 2)(80 2)(81 1)(82 1)(83 2)(84 3)(85 1)(86 2)(87 3)(88 2)(89 2)(90 2)(91 3)(92 3)(93 2)(96 3)(97 2)(98 2)(99 2)(100 2)(102 2)(103 1)(105 3)(106 1)(108 2)(110 1)(111 1)(112 1)(116 2)(117 2)(121 2)(123 1)(124 1)(131 2)(134 1)(135 1)(136 1)(139 1)(141 1)(142 1)(144 1)(152 1)(153 1)(155 1)(158 1)(169 1)(170 1)(173 1)(178 1)
