NUMBER OF AREAS : 1
---area label--- : 1
area size : 616
mean x : 128.32
mean y : 154.16
mean E_x^2 : 256.76
mean E_y^2 : 50.13
mean E_xy^2 : 92.77
theta : 0.78
average greyscal : 55.44
average RGB [60.59,51.25,55.44]
(0 7)(1 2)(2 2)(3 3)(4 3)(5 2)(6 1)(7 2)(8 1)(9 1)(10 5)(12 1)(13 2)(14 3)(15 3)(16 2)(17 1)(18 3)(20 7)(21 5)(22 7)(23 3)(24 10)(25 9)(26 10)(27 12)(28 11)(29 5)(30 7)(31 13)(32 5)(33 15)(34 10)(35 11)(36 12)(37 7)(38 9)(39 11)(40 13)(41 7)(42 5)(43 3)(44 3)(45 9)(46 12)(47 7)(48 9)(49 10)(50 3)(51 5)(52 9)(53 12)(54 5)(55 5)(56 3)(57 4)(58 5)(59 11)(60 2)(61 7)(62 10)(63 9)(64 12)(65 11)(66 12)(67 15)(68 9)(69 12)(70 7)(71 9)(72 9)(73 6)(74 4)(75 5)(76 2)(78 1)(79 3)(80 1)(81 4)(82 1)(83 3)(84 3)(85 2)(86 3)(87 4)(89 5)(90 2)(91 1)(92 1)(93 1)(94 2)(95 2)(96 3)(97 8)(98 2)(99 3)(101 6)(102 1)(103 5)(105 1)(107 1)(108 1)(109 1)(110 1)(111 2)(112 1)(113 2)(114 1)(115 2)(116 2)(117 2)(121 1)(122 3)(123 2)(125 1)(126 1)(130 1)(131 1)(133 1)(137 1)(138 1)(140 1)(141 1)(145 1)(146 2)(150 1)(152 1)(153 1)(154 1)(155 2)(158 1)(165 1)(166 1)(184 1)
