NUMBER OF AREAS : 2
---area label--- : 1
area size : 121
mean x : 80.98
mean y : 91.71
mean E_x^2 : 27.77
mean E_y^2 : 12.34
mean E_xy^2 : 14.39
theta : 0.77
average greyscal : 35.87
average RGB [41.31,31.26,35.88]
(2 1)(8 1)(9 2)(10 1)(12 2)(14 2)(16 3)(17 1)(18 1)(19 3)(20 1)(22 2)(23 3)(24 3)(25 3)(26 2)(27 3)(28 1)(29 1)(30 1)(31 6)(32 7)(33 4)(34 6)(35 4)(36 2)(37 4)(38 3)(39 6)(40 3)(41 5)(43 3)(44 2)(45 4)(46 6)(47 4)(48 2)(53 2)(54 3)(56 1)(66 1)(71 1)(79 1)(80 1)(82 2)(90 1)
---area label--- : 2
area size : 748
mean x : 193.46
mean y : 170.28
mean E_x^2 : 195.38
mean E_y^2 : 44.07
mean E_xy^2 : 60.79
theta : 0.78
average greyscal : 52.86
average RGB [42.41,53.25,63.88]
(2 2)(3 1)(5 2)(7 4)(9 2)(10 1)(11 1)(12 2)(13 2)(14 3)(15 1)(16 4)(17 1)(18 4)(19 7)(20 2)(21 6)(22 6)(23 9)(24 7)(25 18)(26 11)(27 12)(28 20)(29 6)(30 19)(31 20)(32 18)(33 8)(34 18)(35 17)(36 10)(37 11)(38 10)(39 8)(40 12)(41 8)(42 13)(43 11)(44 8)(45 4)(46 9)(47 6)(48 7)(49 12)(50 9)(51 7)(52 6)(53 11)(54 12)(55 13)(56 14)(57 7)(58 8)(59 14)(60 12)(61 12)(62 11)(63 11)(64 12)(65 7)(66 11)(67 12)(68 4)(69 8)(70 17)(71 4)(72 10)(73 8)(74 10)(75 8)(76 8)(77 6)(78 9)(79 4)(80 5)(81 5)(82 5)(83 4)(84 4)(85 5)(86 9)(87 6)(88 4)(89 1)(90 2)(91 3)(92 3)(93 4)(94 4)(95 2)(96 3)(97 2)(98 3)(100 1)(101 1)(102 2)(105 1)(106 1)(107 1)(108 2)(110 1)(113 1)(116 1)(121 1)(125 1)(126 1)(129 2)(132 1)(141 1)(142 1)(149 1)(150 1)(153 1)(163 1)(168 1)(180 1)
