NUMBER OF AREAS : 2
---area label--- : 1
area size : 648
mean x : 157.36
mean y : 118.84
mean E_x^2 : 144.58
mean E_y^2 : 73.08
mean E_xy^2 : 69.86
theta : 0.78
average greyscal : 47.89
average RGB [39.96,46.85,58.02]
(0 3)(1 1)(2 2)(3 5)(4 4)(5 6)(7 1)(8 1)(9 1)(10 5)(11 2)(12 3)(13 6)(14 7)(15 4)(16 4)(17 3)(18 4)(19 2)(20 7)(21 6)(22 9)(23 5)(24 5)(25 7)(26 9)(27 11)(28 8)(29 12)(30 14)(31 10)(32 19)(33 14)(34 18)(35 11)(36 9)(37 10)(38 14)(39 13)(40 8)(41 6)(42 7)(43 6)(44 7)(45 9)(46 4)(47 9)(48 12)(49 19)(50 7)(51 12)(52 7)(53 14)(54 16)(55 13)(56 15)(57 12)(58 2)(59 9)(60 6)(61 10)(62 14)(63 11)(64 8)(65 10)(66 1)(67 7)(68 4)(69 5)(70 2)(71 7)(72 5)(73 5)(74 4)(75 5)(76 4)(77 3)(78 1)(79 1)(80 5)(81 2)(82 3)(83 2)(84 3)(85 1)(86 2)(87 1)(88 1)(90 2)(91 3)(92 2)(93 2)(94 2)(95 4)(97 3)(98 3)(99 1)(100 2)(101 2)(104 3)(105 1)(106 1)(108 1)(109 1)(111 2)(113 3)(122 1)(124 1)(128 1)(130 1)(132 1)(136 1)(161 1)(167 1)
---area label--- : 2
area size : 5
mean x : 140.00
mean y : 127.00
mean E_x^2 : 0.40
mean E_y^2 : 0.80
mean E_xy^2 : 0.40
theta : -0.51
average greyscal : 83.20
average RGB [82.40,77.00,91.00]
(67 1)(70 1)(82 1)(97 1)(100 1)
