NUMBER OF AREAS : 3
---area label--- : 1
area size : 248
mean x : 86.78
mean y : 122.61
mean E_x^2 : 57.29
mean E_y^2 : 21.98
mean E_xy^2 : 25.06
theta : 0.78
average greyscal : 46.71
average RGB [53.77,40.85,46.55]
(0 7)(2 5)(3 7)(5 2)(6 4)(7 1)(8 1)(9 3)(10 2)(11 2)(12 3)(13 2)(14 1)(15 3)(16 5)(17 1)(18 2)(19 5)(21 3)(22 2)(23 2)(25 5)(26 1)(27 2)(28 2)(29 4)(30 4)(31 3)(32 5)(33 7)(34 7)(35 2)(36 3)(37 3)(38 3)(39 7)(40 2)(41 2)(42 2)(43 1)(44 6)(45 1)(46 5)(47 4)(48 6)(49 4)(50 5)(51 1)(52 3)(53 5)(54 3)(55 3)(56 2)(57 2)(58 1)(59 2)(60 4)(61 2)(62 1)(63 1)(64 2)(65 1)(66 3)(67 5)(68 2)(69 1)(70 1)(77 1)(78 1)(80 1)(81 1)(83 3)(84 2)(86 1)(88 2)(89 1)(90 1)(92 2)(95 1)(96 4)(98 2)(100 1)(102 3)(106 1)(107 2)(109 1)(110 1)(111 1)(112 2)(114 1)(116 1)(119 1)(131 1)(151 1)(154 1)(156 1)(165 1)(181 1)
---area label--- : 2
area size : 225
mean x : 145.82
mean y : 161.28
mean E_x^2 : 15.56
mean E_y^2 : 24.30
mean E_xy^2 : -4.61
theta : -0.78
average greyscal : 64.18
average RGB [66.16,62.37,64.88]
(2 1)(5 1)(18 1)(24 1)(28 1)(30 1)(33 1)(35 1)(36 2)(38 2)(39 2)(40 1)(41 4)(42 2)(43 2)(44 2)(45 5)(46 3)(47 7)(48 3)(49 2)(50 7)(51 5)(52 5)(53 2)(54 3)(55 1)(56 3)(58 5)(59 3)(60 4)(61 7)(62 2)(63 4)(64 7)(65 18)(66 9)(67 10)(68 11)(69 10)(70 9)(71 8)(72 3)(73 4)(74 4)(75 2)(76 4)(77 2)(79 1)(80 1)(82 1)(89 3)(91 2)(92 1)(93 1)(95 1)(97 1)(100 3)(104 1)(105 1)(106 1)(108 1)(111 2)(112 2)(114 1)(115 1)(116 2)(151 1)
---area label--- : 3
area size : 5
mean x : 89.00
mean y : 249.00
mean E_x^2 : 0.40
mean E_y^2 : 0.80
mean E_xy^2 : 0.40
theta : -0.51
average greyscal : 39.40
average RGB [52.80,21.60,44.00]
(10 1)(15 1)(33 1)(64 1)(75 1)
