NUMBER OF AREAS : 1
---area label--- : 1
area size : 140
mean x : 87.36
mean y : 95.39
mean E_x^2 : 17.89
mean E_y^2 : 30.78
mean E_xy^2 : 18.05
theta : -0.78
average greyscal : 48.50
average RGB [52.49,45.40,48.64]
(0 7)(1 1)(2 2)(4 3)(5 3)(8 1)(9 2)(10 1)(11 1)(13 4)(14 1)(18 2)(19 1)(22 2)(23 1)(24 1)(25 1)(26 3)(27 1)(28 2)(31 1)(33 5)(36 1)(37 1)(38 2)(39 2)(40 2)(41 2)(42 3)(43 2)(44 2)(45 2)(46 2)(47 3)(48 2)(50 1)(51 1)(52 1)(53 3)(54 2)(55 3)(56 5)(57 4)(58 1)(59 7)(60 7)(62 1)(63 2)(64 2)(66 1)(67 1)(68 2)(72 1)(73 3)(76 1)(78 1)(79 1)(82 1)(85 2)(87 1)(88 1)(91 1)(105 1)(106 1)(111 1)(115 1)(117 1)(123 1)(140 1)(141 1)(145 1)(146 1)(149 1)
