NUMBER OF AREAS : 1
---area label--- : 1
area size : 463
mean x : 159.31
mean y : 145.83
mean E_x^2 : 184.45
mean E_y^2 : 61.22
mean E_xy^2 : 96.03
theta : 0.78
average greyscal : 54.01
average RGB [48.09,52.52,62.28]
(0 3)(2 3)(4 1)(5 1)(6 2)(10 2)(11 3)(13 4)(14 3)(15 2)(16 3)(17 3)(18 3)(19 2)(20 5)(21 2)(22 4)(23 5)(24 6)(25 8)(26 7)(27 5)(28 4)(29 4)(30 10)(31 8)(32 12)(33 6)(34 8)(35 4)(36 6)(37 7)(38 4)(39 10)(40 8)(41 6)(42 1)(43 5)(44 5)(45 9)(46 8)(47 2)(48 12)(49 9)(50 3)(51 7)(52 8)(53 5)(54 10)(55 1)(56 6)(57 3)(58 6)(59 6)(60 3)(61 8)(62 4)(63 5)(64 1)(65 4)(66 4)(67 8)(68 4)(69 7)(70 6)(72 1)(73 4)(74 10)(75 2)(76 6)(77 7)(78 7)(79 9)(80 9)(81 4)(82 4)(83 2)(84 7)(85 6)(86 3)(87 1)(88 1)(89 2)(90 1)(91 1)(92 2)(94 5)(95 1)(96 2)(99 2)(100 2)(101 1)(102 3)(103 2)(104 1)(105 1)(106 1)(107 2)(108 6)(109 1)(110 3)(113 1)(118 1)(119 1)(120 1)(124 1)(136 1)(137 1)
