NUMBER OF AREAS : 3
---area label--- : 1
area size : 322
mean x : 97.79
mean y : 148.94
mean E_x^2 : 106.46
mean E_y^2 : 27.64
mean E_xy^2 : 45.96
theta : 0.78
average greyscal : 48.25
average RGB [53.94,43.61,48.26]
(0 2)(1 2)(2 1)(3 3)(4 1)(5 1)(6 4)(7 2)(8 1)(9 5)(11 1)(12 3)(13 1)(14 2)(15 1)(16 1)(17 3)(18 2)(19 4)(20 3)(21 3)(22 1)(23 2)(24 3)(25 4)(26 5)(27 7)(28 6)(29 2)(30 10)(31 7)(32 10)(33 5)(34 11)(35 5)(36 7)(37 7)(38 11)(39 8)(40 13)(41 4)(42 2)(43 4)(44 5)(45 4)(46 6)(47 5)(48 3)(49 2)(50 3)(51 4)(52 4)(53 3)(54 9)(55 2)(56 3)(57 2)(58 1)(59 4)(60 2)(61 3)(62 1)(63 2)(64 3)(65 1)(66 4)(67 4)(69 2)(70 1)(71 1)(72 3)(73 2)(74 2)(76 1)(79 4)(82 1)(83 4)(86 1)(87 1)(88 1)(89 1)(90 3)(94 3)(95 1)(97 1)(99 1)(100 1)(101 1)(103 1)(105 2)(109 1)(110 1)(111 1)(112 2)(113 1)(116 1)(117 2)(118 1)(119 2)(120 1)(121 1)(122 1)(124 1)(125 1)(126 1)(129 1)(134 1)(138 2)(225 1)
---area label--- : 2
area size : 220
mean x : 145.70
mean y : 161.32
mean E_x^2 : 14.98
mean E_y^2 : 23.95
mean E_xy^2 : -4.04
theta : -0.78
average greyscal : 64.27
average RGB [66.42,62.10,65.26]
(9 1)(10 1)(21 1)(25 1)(33 2)(34 2)(35 1)(37 1)(38 1)(39 2)(40 2)(42 2)(43 2)(45 2)(46 3)(47 2)(48 6)(49 6)(50 2)(51 4)(52 3)(53 3)(54 6)(55 5)(56 2)(57 3)(58 5)(59 6)(60 6)(61 8)(62 6)(63 6)(64 16)(65 6)(66 11)(67 14)(68 6)(69 6)(70 4)(71 5)(72 7)(73 3)(74 4)(75 1)(76 2)(78 2)(79 2)(80 2)(81 2)(86 1)(88 2)(89 2)(91 1)(93 2)(95 1)(97 1)(98 1)(100 1)(101 1)(104 1)(107 1)(108 1)(109 4)(112 2)(115 1)(137 1)
---area label--- : 3
area size : 5
mean x : 89.00
mean y : 249.00
mean E_x^2 : 0.40
mean E_y^2 : 0.80
mean E_xy^2 : 0.40
theta : -0.51
average greyscal : 38.80
average RGB [49.80,32.80,34.20]
(9 1)(20 1)(42 1)(53 1)(70 1)
