NUMBER OF AREAS : 3
---area label--- : 1
area size : 172
mean x : 83.45
mean y : 102.63
mean E_x^2 : 43.68
mean E_y^2 : 25.92
mean E_xy^2 : 27.05
theta : 0.78
average greyscal : 40.43
average RGB [45.38,35.98,40.91]
(0 1)(1 2)(2 1)(3 2)(4 2)(5 1)(7 1)(8 7)(9 3)(10 1)(11 1)(12 2)(13 4)(14 2)(15 1)(16 1)(17 3)(18 2)(19 3)(20 4)(21 3)(22 1)(23 2)(24 3)(25 3)(26 3)(27 1)(28 3)(29 5)(30 4)(31 5)(32 6)(33 4)(34 3)(35 1)(36 5)(37 2)(38 4)(40 5)(41 3)(42 4)(43 1)(44 3)(45 1)(46 4)(47 1)(48 1)(49 2)(50 2)(51 3)(52 2)(53 1)(54 3)(55 6)(57 3)(58 1)(60 1)(61 1)(64 2)(65 1)(68 1)(75 1)(78 1)(79 1)(80 1)(89 1)(92 1)(97 1)(100 1)(111 1)(127 1)(132 1)(140 1)(146 1)(147 1)(148 1)(150 1)(154 1)(161 1)
---area label--- : 2
area size : 223
mean x : 145.83
mean y : 161.24
mean E_x^2 : 15.53
mean E_y^2 : 24.16
mean E_xy^2 : -4.94
theta : -0.78
average greyscal : 64.59
average RGB [66.41,62.10,66.16]
(6 1)(16 2)(20 1)(30 1)(33 1)(34 1)(35 1)(36 2)(37 2)(38 2)(41 2)(43 2)(44 3)(45 1)(46 2)(47 4)(48 3)(49 5)(50 5)(51 5)(52 3)(53 4)(54 3)(55 11)(56 3)(57 5)(58 8)(59 3)(60 2)(61 6)(62 3)(63 6)(64 9)(65 11)(66 12)(67 8)(68 4)(69 5)(70 4)(71 11)(72 7)(73 3)(74 2)(75 5)(76 4)(77 2)(79 2)(80 1)(81 1)(82 1)(84 3)(86 1)(87 2)(89 1)(90 3)(93 1)(95 1)(96 1)(97 1)(98 2)(100 2)(102 1)(104 1)(109 2)(111 1)(114 1)(115 1)(121 2)(137 1)
---area label--- : 3
area size : 5
mean x : 89.00
mean y : 249.00
mean E_x^2 : 0.40
mean E_y^2 : 0.80
mean E_xy^2 : 0.40
theta : -0.51
average greyscal : 33.40
average RGB [54.20,32.20,14.60]
(6 1)(18 1)(23 1)(41 1)(79 1)
