NUMBER OF AREAS : 2
---area label--- : 1
area size : 479
mean x : 167.16
mean y : 131.47
mean E_x^2 : 117.62
mean E_y^2 : 50.29
mean E_xy^2 : 59.20
theta : 0.78
average greyscal : 50.53
average RGB [43.64,48.94,59.96]
(0 1)(1 1)(3 1)(4 4)(5 2)(6 3)(7 4)(9 1)(10 4)(11 6)(12 2)(13 3)(14 2)(15 3)(16 2)(17 5)(18 4)(19 3)(20 2)(22 3)(23 1)(24 5)(25 9)(26 7)(27 8)(28 6)(29 11)(30 6)(31 15)(32 9)(33 5)(34 12)(35 8)(36 7)(37 6)(38 9)(39 9)(40 5)(41 9)(42 7)(43 7)(44 3)(45 5)(46 7)(47 13)(48 6)(49 9)(50 5)(51 6)(52 2)(53 9)(54 6)(55 10)(56 10)(57 8)(58 6)(59 4)(60 6)(61 8)(62 7)(63 3)(64 8)(65 3)(66 4)(67 7)(68 5)(69 5)(70 1)(71 5)(72 6)(73 3)(74 1)(75 3)(76 6)(77 1)(78 4)(80 4)(81 3)(82 3)(83 3)(84 1)(85 2)(86 1)(87 3)(88 1)(89 2)(90 2)(92 1)(93 2)(94 1)(95 1)(96 2)(97 3)(98 2)(99 4)(100 2)(102 1)(103 3)(104 2)(105 3)(108 1)(116 1)(117 2)(118 1)(119 1)(122 1)(123 1)(124 2)(131 1)(139 1)(148 1)(150 1)(170 1)
---area label--- : 2
area size : 8
mean x : 105.50
mean y : 264.00
mean E_x^2 : 0.75
mean E_y^2 : 0.75
mean E_xy^2 : 0.38
theta : 0.79
average greyscal : 121.75
average RGB [158.25,125.38,82.75]
(31 1)(74 1)(94 1)(107 1)(119 1)(175 1)(184 1)(190 1)
