NUMBER OF AREAS : 1
---area label--- : 1
area size : 730
mean x : 245.79
mean y : 205.99
mean E_x^2 : 109.54
mean E_y^2 : 35.43
mean E_xy^2 : -2.92
theta : 0.78
average greyscal : 50.01
average RGB [44.15,48.83,58.13]
(1 1)(2 1)(4 1)(7 2)(9 2)(10 1)(13 1)(14 2)(15 3)(16 4)(17 3)(18 7)(19 5)(20 1)(21 3)(22 5)(23 5)(24 14)(25 13)(26 21)(27 12)(28 9)(29 9)(30 15)(31 18)(32 22)(33 22)(34 13)(35 12)(36 8)(37 9)(38 11)(39 11)(40 28)(41 11)(42 8)(43 11)(44 16)(45 13)(46 14)(47 21)(48 14)(49 25)(50 16)(51 16)(52 14)(53 9)(54 16)(55 12)(56 5)(57 4)(58 7)(59 10)(60 4)(61 16)(62 10)(63 6)(64 5)(65 12)(66 6)(67 6)(68 7)(69 6)(70 2)(71 3)(72 3)(73 4)(74 8)(75 5)(76 6)(77 5)(78 2)(79 4)(82 2)(83 1)(85 2)(87 2)(88 3)(89 4)(90 3)(91 2)(92 1)(94 1)(95 2)(97 1)(98 5)(99 2)(100 1)(101 1)(102 3)(103 4)(104 2)(105 1)(106 2)(107 1)(108 1)(109 3)(111 2)(113 2)(114 3)(115 1)(116 2)(118 2)(119 1)(120 2)(121 1)(123 1)(127 2)(128 1)(131 1)(136 1)(141 1)(150 1)
