NUMBER OF AREAS : 3
---area label--- : 1
area size : 590
mean x : 178.52
mean y : 138.27
mean E_x^2 : 113.59
mean E_y^2 : 35.90
mean E_xy^2 : 28.12
theta : 0.78
average greyscal : 50.89
average RGB [43.64,50.57,59.45]
(1 2)(2 1)(4 4)(5 2)(6 1)(7 2)(8 3)(9 1)(10 4)(11 2)(12 2)(13 2)(14 1)(15 3)(16 4)(17 3)(18 1)(19 6)(20 1)(21 9)(22 11)(23 5)(24 4)(25 3)(26 7)(27 11)(28 12)(29 18)(30 5)(31 11)(32 12)(33 18)(34 14)(35 9)(36 10)(37 6)(38 4)(39 13)(40 11)(41 15)(42 7)(43 3)(44 3)(45 11)(46 7)(47 13)(48 13)(49 18)(50 7)(51 4)(52 12)(53 7)(54 9)(55 10)(56 7)(57 5)(58 6)(59 9)(60 6)(61 7)(62 8)(63 8)(64 5)(65 6)(66 8)(67 4)(68 4)(69 10)(70 4)(71 5)(72 6)(73 3)(74 3)(75 6)(76 5)(77 2)(78 6)(79 3)(81 7)(82 4)(83 3)(84 1)(85 4)(86 2)(87 2)(88 3)(89 4)(90 4)(92 2)(93 1)(94 3)(95 3)(97 3)(98 1)(100 2)(101 2)(103 2)(104 3)(110 1)(111 1)(116 1)(118 1)(120 2)(124 1)(126 1)(128 1)(129 1)(130 1)(131 1)(134 1)(136 1)(139 2)(140 1)(147 1)(149 1)(150 1)(170 1)
---area label--- : 2
area size : 5
mean x : 179.00
mean y : 151.00
mean E_x^2 : 0.40
mean E_y^2 : 0.80
mean E_xy^2 : 0.40
theta : -0.51
average greyscal : 61.20
average RGB [68.40,58.00,58.40]
(15 1)(65 1)(71 1)(77 1)(78 1)
---area label--- : 3
area size : 5
mean x : 105.00
mean y : 264.00
mean E_x^2 : 0.40
mean E_y^2 : 0.80
mean E_xy^2 : 0.40
theta : -0.51
average greyscal : 109.80
average RGB [148.00,98.60,83.00]
(39 1)(75 1)(107 1)(160 1)(168 1)
