NUMBER OF AREAS : 1
---area label--- : 1
area size : 244
mean x : 93.34
mean y : 110.75
mean E_x^2 : 55.53
mean E_y^2 : 30.98
mean E_xy^2 : 27.61
theta : 0.78
average greyscal : 56.86
average RGB [64.83,51.52,55.39]
(0 4)(1 2)(2 2)(4 3)(5 2)(6 2)(7 1)(8 1)(9 1)(11 1)(12 2)(17 3)(18 1)(20 2)(21 4)(22 2)(23 5)(25 1)(26 2)(27 1)(29 2)(30 2)(32 2)(33 1)(35 4)(36 2)(37 1)(38 2)(39 1)(40 2)(41 2)(42 4)(43 2)(44 1)(45 3)(46 5)(47 5)(48 3)(49 2)(50 1)(51 6)(52 10)(53 3)(54 5)(55 6)(56 2)(57 1)(58 3)(59 2)(60 4)(61 9)(62 2)(63 4)(64 4)(65 6)(66 7)(67 9)(68 5)(69 5)(70 3)(71 1)(72 1)(73 1)(74 2)(75 2)(76 3)(77 1)(78 2)(80 4)(81 1)(82 3)(83 1)(84 1)(85 1)(86 1)(87 2)(88 2)(90 2)(91 3)(93 1)(94 2)(95 2)(97 1)(98 2)(101 1)(104 1)(106 1)(108 1)(111 1)(112 1)(113 1)(115 1)(120 1)(122 1)(123 1)(129 1)(131 1)(132 1)(138 1)(139 2)
