NUMBER OF AREAS : 3
---area label--- : 1
area size : 35
mean x : 81.74
mean y : 85.09
mean E_x^2 : 5.79
mean E_y^2 : 2.94
mean E_xy^2 : 2.96
theta : 0.74
average greyscal : 26.54
average RGB [29.60,21.09,30.14]
(4 1)(11 4)(12 1)(13 1)(14 1)(17 1)(18 1)(19 1)(24 1)(25 2)(26 2)(27 3)(28 1)(30 2)(31 1)(32 2)(33 4)(34 2)(42 1)(47 1)(54 1)(55 1)
---area label--- : 2
area size : 619
mean x : 161.54
mean y : 114.54
mean E_x^2 : 120.28
mean E_y^2 : 66.24
mean E_xy^2 : 68.24
theta : 0.78
average greyscal : 52.12
average RGB [45.53,49.91,61.99]
(0 3)(1 4)(3 2)(4 1)(5 1)(6 4)(7 3)(8 2)(9 1)(10 3)(11 3)(12 3)(13 6)(14 4)(16 3)(17 4)(18 4)(19 3)(20 7)(21 3)(22 5)(23 7)(24 7)(25 8)(26 6)(27 9)(28 13)(29 11)(30 15)(31 14)(32 21)(33 14)(34 12)(35 16)(36 7)(37 7)(38 5)(39 11)(40 6)(41 3)(42 5)(43 7)(44 7)(46 5)(47 10)(48 10)(49 8)(50 8)(51 7)(52 11)(53 10)(54 10)(55 7)(56 10)(57 14)(58 9)(59 10)(60 5)(61 11)(62 5)(63 14)(64 7)(65 6)(66 10)(67 6)(68 6)(69 5)(70 10)(71 6)(72 7)(73 4)(74 2)(75 7)(76 3)(77 5)(78 3)(79 4)(80 3)(81 6)(82 1)(83 3)(84 5)(85 1)(86 2)(87 1)(88 2)(89 2)(90 2)(91 1)(92 1)(93 1)(94 1)(95 5)(96 1)(97 1)(98 2)(100 2)(101 2)(102 1)(103 2)(104 1)(106 1)(107 1)(109 1)(110 2)(111 3)(113 2)(115 2)(123 1)(126 1)(134 1)(136 2)(137 3)(139 1)(141 1)(147 1)(148 1)(150 1)(151 4)(154 1)(156 1)(157 1)(159 2)(161 1)
---area label--- : 3
area size : 5
mean x : 158.00
mean y : 126.00
mean E_x^2 : 0.40
mean E_y^2 : 0.80
mean E_xy^2 : 0.40
theta : -0.51
average greyscal : 86.60
average RGB [94.80,82.00,83.00]
(54 1)(89 1)(91 1)(96 1)(103 1)
