NUMBER OF AREAS : 1
---area label--- : 1
area size : 543
mean x : 128.52
mean y : 156.13
mean E_x^2 : 305.87
mean E_y^2 : 36.15
mean E_xy^2 : 81.07
theta : 0.78
average greyscal : 57.89
average RGB [62.38,54.75,57.53]
(0 5)(1 1)(2 3)(3 3)(4 3)(5 3)(6 5)(7 6)(8 2)(9 5)(10 4)(12 1)(13 4)(14 3)(15 2)(16 4)(17 2)(18 5)(19 3)(20 3)(21 4)(22 3)(23 7)(24 3)(25 11)(26 6)(27 9)(28 10)(29 3)(30 3)(31 11)(32 9)(33 4)(34 8)(35 11)(36 2)(37 2)(38 5)(39 4)(40 7)(41 3)(42 4)(43 3)(44 4)(45 6)(46 7)(47 6)(48 6)(49 9)(50 7)(51 3)(52 2)(53 8)(54 3)(55 4)(56 8)(57 4)(58 3)(59 4)(60 13)(61 4)(62 7)(63 10)(64 10)(65 6)(66 15)(67 12)(68 14)(69 4)(70 10)(71 10)(72 6)(73 7)(74 4)(75 5)(76 5)(77 1)(78 6)(79 1)(80 2)(81 4)(82 2)(83 1)(84 1)(85 5)(86 3)(87 3)(88 2)(89 3)(90 1)(91 3)(93 2)(94 1)(95 2)(96 2)(97 3)(99 2)(100 1)(101 5)(102 2)(103 1)(104 3)(105 1)(106 4)(107 2)(108 3)(109 3)(110 1)(111 4)(112 1)(113 1)(114 1)(117 4)(120 1)(121 3)(123 1)(126 1)(128 1)(129 1)(131 1)(138 1)(139 1)(140 1)(141 1)(147 1)(149 2)(150 1)(151 1)(153 1)(154 3)(157 1)(158 1)(159 2)(161 2)(163 1)(174 1)(183 1)
