NUMBER OF AREAS : 2
---area label--- : 1
area size : 41
mean x : 81.15
mean y : 84.41
mean E_x^2 : 5.98
mean E_y^2 : 6.00
mean E_xy^2 : 4.50
theta : -0.79
average greyscal : 29.02
average RGB [26.63,29.07,32.56]
(2 1)(5 1)(8 1)(10 1)(11 1)(12 1)(13 1)(14 1)(15 1)(16 1)(17 2)(18 2)(21 2)(22 1)(23 1)(25 1)(26 3)(28 3)(29 1)(30 1)(33 1)(34 1)(35 1)(37 1)(38 1)(40 2)(50 1)(55 1)(56 1)(59 1)(62 2)(80 1)
---area label--- : 2
area size : 628
mean x : 159.07
mean y : 112.58
mean E_x^2 : 126.87
mean E_y^2 : 65.23
mean E_xy^2 : 70.54
theta : 0.78
average greyscal : 51.56
average RGB [41.56,52.04,62.04]
(0 3)(1 2)(3 2)(4 1)(5 3)(7 2)(8 3)(9 4)(10 1)(11 2)(12 1)(13 2)(14 5)(15 4)(16 2)(17 4)(18 5)(19 5)(20 5)(21 1)(22 5)(23 3)(24 7)(25 13)(26 5)(27 10)(28 7)(29 8)(30 14)(31 14)(32 17)(33 12)(34 17)(35 11)(36 10)(37 11)(38 8)(39 6)(40 6)(41 8)(42 5)(43 10)(44 7)(45 14)(46 5)(47 7)(48 14)(49 8)(50 6)(51 5)(52 10)(53 11)(54 12)(55 9)(56 7)(57 15)(58 9)(59 11)(60 10)(61 9)(62 13)(63 16)(64 9)(65 7)(66 8)(67 11)(68 7)(69 7)(70 7)(71 3)(72 7)(73 3)(74 3)(75 4)(76 3)(77 3)(78 3)(79 9)(81 4)(82 1)(83 5)(84 3)(85 2)(86 2)(87 1)(89 2)(91 5)(92 1)(93 3)(94 3)(95 1)(97 1)(98 1)(99 1)(100 2)(101 1)(102 1)(103 2)(104 3)(105 2)(112 1)(113 1)(114 1)(115 1)(117 3)(119 1)(121 1)(122 1)(124 1)(125 1)(126 2)(128 2)(133 1)(136 1)(141 1)(143 1)(147 2)(150 1)(151 1)(174 1)
