NUMBER OF AREAS : 3
---area label--- : 1
area size : 168
mean x : 82.55
mean y : 98.62
mean E_x^2 : 50.07
mean E_y^2 : 20.89
mean E_xy^2 : 28.97
theta : 0.78
average greyscal : 39.86
average RGB [44.48,34.89,41.30]
(1 2)(2 3)(5 2)(6 2)(7 2)(8 2)(9 1)(10 1)(11 1)(12 2)(13 1)(14 3)(16 2)(17 3)(18 2)(19 6)(20 1)(21 3)(22 4)(23 1)(24 5)(25 2)(26 3)(27 1)(28 2)(29 5)(30 2)(31 3)(32 7)(33 9)(34 6)(35 3)(37 2)(38 5)(39 2)(40 2)(41 1)(42 2)(43 2)(44 2)(45 4)(46 3)(47 3)(48 1)(49 1)(50 2)(51 4)(52 5)(53 6)(54 1)(56 3)(58 2)(60 1)(63 1)(64 2)(68 1)(73 2)(75 1)(82 5)(83 2)(95 1)(101 1)(108 1)(117 1)(120 1)(141 1)(170 1)(176 1)
---area label--- : 2
area size : 219
mean x : 145.78
mean y : 161.26
mean E_x^2 : 15.33
mean E_y^2 : 23.83
mean E_xy^2 : -4.92
theta : -0.78
average greyscal : 62.98
average RGB [65.80,60.98,63.16]
(1 1)(5 1)(20 2)(24 2)(28 1)(32 1)(34 1)(36 1)(37 3)(38 1)(40 2)(41 3)(42 4)(43 1)(44 5)(45 2)(46 4)(47 5)(48 5)(49 1)(50 3)(51 2)(52 9)(53 2)(54 5)(55 5)(56 2)(57 6)(58 3)(59 3)(60 6)(61 8)(62 6)(63 8)(64 4)(65 3)(66 11)(67 13)(68 5)(69 7)(70 1)(71 10)(72 4)(73 6)(74 5)(75 4)(76 2)(78 1)(79 5)(82 1)(84 1)(85 1)(87 1)(88 2)(89 1)(92 1)(94 1)(95 1)(97 2)(98 2)(99 1)(101 1)(103 1)(109 2)(112 1)(114 1)(115 1)(119 1)(161 1)
---area label--- : 3
area size : 5
mean x : 89.00
mean y : 249.00
mean E_x^2 : 0.40
mean E_y^2 : 0.80
mean E_xy^2 : 0.40
theta : -0.51
average greyscal : 32.40
average RGB [45.00,36.20,17.20]
(4 1)(18 1)(27 1)(45 1)(68 1)
