NUMBER OF AREAS : 1
---area label--- : 1
area size : 366
mean x : 99.69
mean y : 120.69
mean E_x^2 : 70.78
mean E_y^2 : 30.55
mean E_xy^2 : 28.39
theta : 0.78
average greyscal : 62.83
average RGB [69.56,58.79,61.10]
(0 4)(1 5)(2 2)(3 1)(4 1)(5 4)(6 2)(8 1)(9 3)(10 5)(11 1)(12 3)(14 2)(15 2)(16 2)(21 3)(23 2)(24 3)(26 2)(28 4)(29 3)(30 1)(31 5)(32 2)(33 3)(34 2)(35 1)(36 1)(37 1)(38 1)(39 5)(40 1)(41 3)(42 3)(43 10)(44 3)(45 6)(46 8)(47 6)(48 4)(49 7)(50 6)(51 5)(52 3)(53 11)(54 7)(55 5)(56 2)(57 2)(58 5)(59 4)(60 3)(61 5)(62 5)(63 8)(64 8)(65 12)(66 7)(67 10)(68 5)(69 4)(70 8)(71 6)(72 4)(73 5)(74 2)(75 3)(76 3)(77 1)(78 3)(79 2)(80 1)(83 1)(84 2)(86 1)(87 4)(88 1)(89 2)(90 2)(92 3)(93 2)(94 1)(95 5)(96 1)(97 3)(98 3)(99 1)(100 1)(101 1)(102 2)(103 4)(104 1)(109 3)(110 3)(111 1)(112 2)(114 1)(115 2)(116 2)(117 1)(119 2)(120 1)(121 1)(125 3)(126 1)(133 1)(134 2)(135 1)(141 1)(142 2)(146 1)(151 1)(154 1)(155 1)(157 1)(158 1)(160 1)(162 1)(164 1)(168 1)(170 1)(171 1)
