NUMBER OF AREAS : 2
---area label--- : 1
area size : 14
mean x : 86.21
mean y : 69.57
mean E_x^2 : 1.31
mean E_y^2 : 2.67
mean E_xy^2 : 1.52
theta : -0.69
average greyscal : 22.21
average RGB [16.00,25.29,26.29]
(9 1)(12 1)(14 1)(16 1)(17 1)(18 1)(22 1)(25 3)(26 1)(31 2)(40 1)
---area label--- : 2
area size : 822
mean x : 260.23
mean y : 231.63
mean E_x^2 : 126.82
mean E_y^2 : 81.71
mean E_xy^2 : -4.25
theta : 0.78
average greyscal : 46.01
average RGB [38.55,45.24,55.31]
(1 1)(4 1)(6 3)(8 3)(9 4)(10 3)(12 3)(13 5)(14 6)(15 7)(16 10)(17 5)(18 12)(19 7)(20 7)(21 13)(22 8)(23 13)(24 12)(25 11)(26 15)(27 13)(28 21)(29 12)(30 21)(31 8)(32 24)(33 15)(34 19)(35 12)(36 19)(37 8)(38 11)(39 19)(40 18)(41 22)(42 16)(43 16)(44 15)(45 11)(46 18)(47 19)(48 14)(49 6)(50 11)(51 13)(52 9)(53 11)(54 15)(55 13)(56 10)(57 11)(58 8)(59 4)(60 13)(61 9)(62 7)(63 6)(64 2)(65 8)(66 7)(67 9)(68 6)(69 11)(70 12)(71 2)(72 4)(73 3)(74 11)(75 7)(76 9)(77 9)(78 6)(79 1)(80 8)(81 10)(82 2)(83 3)(84 4)(85 5)(86 2)(87 5)(88 4)(89 5)(90 1)(91 4)(92 1)(93 2)(95 2)(96 3)(97 1)(98 1)(101 1)(102 1)(104 1)(105 1)(111 1)(119 1)
