NUMBER OF AREAS : 4
---area label--- : 1
area size : 366
mean x : 212.86
mean y : 241.85
mean E_x^2 : 74.23
mean E_y^2 : 16.87
mean E_xy^2 : 9.44
theta : 0.77
average greyscal : 46.88
average RGB [43.13,46.81,51.76]
(4 1)(9 2)(11 1)(13 1)(14 1)(15 1)(16 4)(17 1)(18 1)(19 5)(20 1)(21 5)(22 3)(23 2)(24 8)(25 7)(26 14)(27 10)(28 4)(29 22)(30 17)(31 13)(32 6)(33 8)(34 4)(35 3)(36 5)(37 7)(38 2)(39 8)(40 4)(41 5)(42 1)(43 2)(44 1)(45 5)(46 1)(47 4)(48 4)(50 5)(51 3)(52 5)(53 9)(54 10)(55 8)(56 10)(57 13)(58 8)(59 2)(60 2)(61 4)(62 7)(63 4)(64 4)(65 5)(66 5)(67 5)(68 5)(69 6)(70 3)(72 5)(73 4)(74 2)(75 1)(76 4)(77 3)(78 2)(79 1)(80 4)(81 4)(82 2)(83 1)(84 1)(87 1)(88 1)(89 2)(90 5)(91 2)(92 1)(97 1)(101 1)(117 1)
---area label--- : 2
area size : 5
mean x : 181.00
mean y : 237.00
mean E_x^2 : 0.40
mean E_y^2 : 0.80
mean E_xy^2 : 0.40
theta : -0.51
average greyscal : 64.60
average RGB [74.60,58.40,61.40]
(4 1)(44 1)(47 1)(53 1)(175 1)
---area label--- : 3
area size : 5
mean x : 191.00
mean y : 240.00
mean E_x^2 : 0.40
mean E_y^2 : 0.80
mean E_xy^2 : 0.40
theta : -0.51
average greyscal : 63.80
average RGB [55.20,56.20,81.60]
(5 1)(47 1)(71 1)(81 1)(115 1)
---area label--- : 4
area size : 82
mean x : 183.54
mean y : 245.43
mean E_x^2 : 26.57
mean E_y^2 : 6.66
mean E_xy^2 : 9.83
theta : 0.76
average greyscal : 81.96
average RGB [83.88,76.06,86.89]
(20 1)(22 1)(26 1)(42 2)(43 2)(45 1)(46 1)(49 1)(51 1)(52 1)(53 3)(55 2)(56 1)(57 2)(58 3)(60 2)(62 1)(63 2)(64 2)(65 1)(66 2)(67 2)(69 2)(70 1)(71 1)(72 1)(74 2)(75 1)(76 2)(77 1)(78 3)(79 2)(80 2)(81 1)(83 1)(85 1)(86 1)(93 1)(100 1)(102 1)(107 2)(109 1)(110 1)(113 1)(114 1)(115 1)(116 1)(117 1)(118 2)(126 1)(130 1)(132 1)(137 1)(138 1)(143 1)(145 1)(148 1)(153 1)(180 1)(199 1)
