NUMBER OF AREAS : 1
---area label--- : 1
area size : 560
mean x : 129.02
mean y : 155.49
mean E_x^2 : 283.16
mean E_y^2 : 40.33
mean E_xy^2 : 83.75
theta : 0.78
average greyscal : 58.33
average RGB [64.24,54.79,57.02]
(0 2)(1 6)(2 4)(3 5)(5 1)(6 2)(7 4)(8 1)(9 2)(10 4)(11 3)(12 4)(13 2)(14 2)(15 2)(16 1)(17 3)(18 4)(19 1)(20 5)(21 2)(22 3)(23 1)(24 10)(25 12)(26 4)(27 8)(28 6)(29 3)(30 7)(31 6)(32 9)(33 11)(34 8)(35 7)(36 3)(37 4)(38 8)(39 4)(40 8)(41 8)(42 6)(43 6)(44 6)(45 6)(46 7)(47 6)(48 11)(49 3)(50 7)(51 8)(52 5)(53 6)(54 8)(55 3)(56 7)(57 7)(58 6)(59 3)(60 5)(61 8)(62 10)(63 7)(64 9)(65 9)(66 15)(67 8)(68 12)(69 6)(70 10)(71 12)(72 4)(73 8)(74 4)(75 7)(76 5)(77 1)(78 4)(79 4)(80 4)(81 5)(83 2)(85 2)(86 2)(87 2)(88 2)(90 1)(91 2)(92 4)(93 3)(94 1)(95 2)(96 6)(97 4)(98 2)(99 3)(100 2)(101 1)(102 6)(103 2)(104 2)(105 1)(106 2)(107 1)(109 2)(110 2)(111 1)(112 2)(114 2)(115 2)(116 4)(117 3)(123 1)(124 1)(127 1)(128 1)(130 1)(132 2)(133 1)(135 3)(137 1)(138 1)(140 1)(142 1)(143 1)(149 1)(150 1)(152 1)(157 1)(158 1)(159 1)(160 1)(162 1)(163 1)(168 2)(169 2)
