NUMBER OF AREAS : 2
---area label--- : 1
area size : 222
mean x : 145.83
mean y : 161.29
mean E_x^2 : 15.54
mean E_y^2 : 23.89
mean E_xy^2 : -4.91
theta : -0.78
average greyscal : 63.26
average RGB [68.43,60.31,62.07]
(5 1)(6 1)(22 1)(23 1)(24 1)(28 1)(34 1)(36 2)(37 2)(38 1)(39 3)(41 2)(42 2)(44 4)(45 8)(46 6)(47 2)(48 6)(49 4)(50 3)(51 6)(52 5)(53 5)(54 4)(55 2)(56 3)(57 2)(58 5)(59 2)(60 5)(61 5)(62 3)(63 7)(64 9)(65 7)(66 10)(67 8)(68 6)(69 11)(70 10)(71 6)(72 3)(73 6)(74 6)(75 2)(76 1)(77 1)(78 1)(79 1)(80 1)(81 2)(83 2)(84 2)(85 1)(86 1)(87 1)(90 1)(93 1)(94 2)(95 2)(96 1)(100 2)(104 1)(107 1)(108 1)(110 2)(113 1)(114 1)(118 1)(163 1)
---area label--- : 2
area size : 5
mean x : 89.00
mean y : 249.00
mean E_x^2 : 0.40
mean E_y^2 : 0.80
mean E_xy^2 : 0.40
theta : -0.51
average greyscal : 31.60
average RGB [35.40,25.80,35.00]
(13 1)(15 1)(21 1)(24 1)(85 1)
