NUMBER OF AREAS : 4
---area label--- : 1
area size : 36
mean x : 82.33
mean y : 79.03
mean E_x^2 : 4.50
mean E_y^2 : 6.30
mean E_xy^2 : 4.32
theta : -0.77
average greyscal : 28.44
average RGB [27.39,27.86,31.03]
(2 1)(10 1)(12 1)(16 2)(17 2)(18 2)(19 1)(20 2)(21 2)(22 1)(23 1)(24 1)(26 1)(27 1)(28 1)(29 1)(30 2)(31 1)(33 3)(34 1)(38 2)(42 1)(47 1)(48 1)(51 1)(54 1)(76 1)
---area label--- : 2
area size : 5
mean x : 138.00
mean y : 84.00
mean E_x^2 : 0.40
mean E_y^2 : 0.80
mean E_xy^2 : 0.40
theta : -0.51
average greyscal : 58.40
average RGB [65.60,53.60,56.80]
(39 1)(45 1)(48 1)(60 1)(100 1)
---area label--- : 3
area size : 5
mean x : 145.00
mean y : 92.00
mean E_x^2 : 0.40
mean E_y^2 : 0.80
mean E_xy^2 : 0.40
theta : -0.51
average greyscal : 91.40
average RGB [101.40,84.20,88.60]
(76 1)(84 1)(91 1)(103 2)
---area label--- : 4
area size : 629
mean x : 156.93
mean y : 112.16
mean E_x^2 : 157.63
mean E_y^2 : 63.38
mean E_xy^2 : 83.73
theta : 0.78
average greyscal : 52.13
average RGB [44.52,51.45,61.42]
(0 1)(1 2)(2 1)(3 1)(4 2)(5 5)(7 1)(8 1)(9 3)(10 1)(11 5)(12 2)(13 4)(14 2)(15 3)(16 6)(17 1)(18 2)(19 3)(20 3)(21 5)(22 7)(23 7)(24 6)(25 9)(26 9)(27 10)(28 10)(29 5)(30 19)(31 13)(32 19)(33 16)(34 17)(35 10)(36 7)(37 9)(38 8)(39 9)(40 19)(41 7)(42 10)(43 3)(44 8)(45 8)(46 7)(47 10)(48 15)(49 7)(50 14)(51 7)(52 9)(53 7)(54 8)(55 7)(56 10)(57 6)(58 11)(59 12)(60 3)(61 4)(62 9)(63 8)(64 7)(65 5)(66 4)(67 5)(68 2)(69 5)(70 4)(71 2)(72 8)(73 6)(74 2)(75 2)(76 6)(77 1)(78 6)(79 1)(80 7)(81 6)(82 3)(83 6)(84 5)(85 3)(86 4)(87 7)(88 2)(89 4)(90 4)(91 2)(92 1)(93 4)(94 4)(95 4)(96 2)(97 2)(98 3)(99 1)(100 1)(101 1)(102 1)(103 2)(105 1)(106 1)(107 1)(108 2)(110 2)(112 3)(114 2)(117 1)(118 1)(119 1)(120 1)(122 1)(124 2)(127 1)(131 1)(137 1)(139 1)(147 3)(152 1)(153 1)(163 1)(173 1)(177 1)
