NUMBER OF AREAS : 3
---area label--- : 1
area size : 15
mean x : 69.60
mean y : 86.13
mean E_x^2 : 0.91
mean E_y^2 : 1.72
mean E_xy^2 : 0.39
theta : -0.66
average greyscal : 29.67
average RGB [31.53,30.60,28.00]
(17 1)(18 1)(25 2)(26 2)(28 1)(29 1)(31 1)(32 1)(34 1)(35 1)(36 1)(38 1)(45 1)
---area label--- : 2
area size : 168
mean x : 81.48
mean y : 94.79
mean E_x^2 : 25.05
mean E_y^2 : 20.87
mean E_xy^2 : 17.12
theta : 0.78
average greyscal : 43.97
average RGB [48.34,40.67,43.95]
(1 1)(2 1)(3 1)(4 1)(5 1)(6 3)(8 2)(9 2)(10 2)(11 2)(13 4)(14 1)(15 3)(16 1)(18 1)(19 4)(20 3)(21 1)(22 4)(23 4)(24 4)(25 2)(26 4)(27 4)(28 3)(29 1)(30 4)(31 1)(32 4)(33 5)(34 2)(35 3)(36 3)(37 5)(38 4)(39 2)(40 1)(41 1)(42 3)(43 3)(44 6)(45 3)(46 2)(47 2)(48 3)(49 3)(50 1)(51 3)(52 1)(54 2)(55 2)(56 2)(57 1)(59 2)(60 1)(61 1)(62 1)(65 2)(66 1)(67 1)(69 1)(70 1)(71 3)(72 1)(75 2)(84 1)(85 1)(98 1)(100 1)(101 1)(104 1)(105 1)(111 1)(113 1)(120 1)(125 1)(126 1)(127 1)(128 1)(130 1)(131 1)(132 1)(136 1)(137 1)
---area label--- : 3
area size : 743
mean x : 199.42
mean y : 176.39
mean E_x^2 : 226.58
mean E_y^2 : 62.70
mean E_xy^2 : 88.30
theta : 0.78
average greyscal : 53.36
average RGB [43.45,52.69,65.11]
(3 1)(7 1)(10 2)(11 3)(12 2)(13 2)(14 3)(16 2)(17 2)(18 5)(19 4)(20 5)(21 4)(22 3)(23 6)(24 7)(25 11)(26 14)(27 17)(28 10)(29 20)(30 16)(31 22)(32 23)(33 10)(34 11)(35 9)(36 7)(37 12)(38 14)(39 10)(40 7)(41 7)(42 7)(43 8)(44 7)(45 6)(46 14)(47 4)(48 9)(49 15)(50 9)(51 11)(52 3)(53 9)(54 10)(55 21)(56 5)(57 16)(58 5)(59 4)(60 11)(61 7)(62 17)(63 9)(64 11)(65 13)(66 18)(67 9)(68 20)(69 11)(70 14)(71 10)(72 9)(73 7)(74 16)(75 11)(76 5)(77 8)(78 8)(79 3)(80 5)(81 3)(82 5)(83 3)(84 10)(85 9)(86 6)(87 2)(88 1)(89 5)(90 5)(91 6)(92 1)(93 1)(94 2)(95 2)(96 3)(97 1)(98 3)(100 1)(101 1)(102 2)(103 1)(104 1)(106 2)(108 1)(111 1)(115 1)(116 1)(123 1)(132 1)(133 1)(137 1)(156 1)(167 1)
