NUMBER OF AREAS : 1
---area label--- : 1
area size : 610
mean x : 183.11
mean y : 141.61
mean E_x^2 : 153.09
mean E_y^2 : 48.57
mean E_xy^2 : 52.32
theta : 0.78
average greyscal : 50.05
average RGB [42.40,49.62,59.19]
(2 1)(3 1)(4 1)(5 4)(9 1)(10 1)(11 2)(12 3)(13 4)(14 2)(16 4)(17 6)(18 7)(19 2)(20 5)(21 5)(22 2)(23 7)(24 5)(25 8)(26 13)(27 11)(28 7)(29 7)(30 11)(31 15)(32 7)(33 18)(34 12)(35 13)(36 9)(37 10)(38 13)(39 12)(40 14)(41 10)(42 14)(43 4)(44 9)(45 14)(46 8)(47 13)(48 19)(49 12)(50 11)(51 10)(52 7)(53 9)(54 12)(55 12)(56 9)(57 8)(58 6)(59 7)(60 6)(61 9)(62 6)(63 3)(64 7)(65 5)(66 4)(67 7)(68 5)(69 8)(70 8)(71 3)(72 2)(73 3)(74 4)(75 4)(76 5)(77 9)(78 5)(79 2)(80 7)(81 2)(82 3)(83 4)(84 2)(86 1)(87 3)(88 2)(89 4)(90 2)(91 1)(92 2)(93 1)(96 2)(97 2)(98 1)(100 2)(101 2)(103 3)(104 1)(105 2)(106 1)(107 2)(109 2)(110 1)(111 1)(112 1)(117 1)(119 1)(120 2)(127 1)(132 1)(135 1)(138 1)(139 1)(154 1)(159 1)
