NUMBER OF AREAS : 4
---area label--- : 1
area size : 12
mean x : 90.00
mean y : 70.17
mean E_x^2 : 1.17
mean E_y^2 : 1.97
mean E_xy^2 : 1.17
theta : -0.70
average greyscal : 23.42
average RGB [20.42,27.67,23.67]
(8 1)(9 1)(12 1)(14 1)(19 1)(22 1)(27 3)(30 1)(32 1)(54 1)
---area label--- : 2
area size : 5
mean x : 85.00
mean y : 72.00
mean E_x^2 : 0.40
mean E_y^2 : 0.80
mean E_xy^2 : 0.40
theta : -0.51
average greyscal : 18.40
average RGB [17.00,18.20,20.20]
(2 1)(10 2)(26 1)(44 1)
---area label--- : 3
area size : 5
mean x : 89.00
mean y : 75.00
mean E_x^2 : 0.40
mean E_y^2 : 0.80
mean E_xy^2 : 0.40
theta : -0.51
average greyscal : 19.00
average RGB [18.40,17.00,22.60]
(0 1)(8 1)(12 1)(31 1)(44 1)
---area label--- : 4
area size : 663
mean x : 158.20
mean y : 132.76
mean E_x^2 : 131.90
mean E_y^2 : 51.90
mean E_xy^2 : 49.71
theta : 0.78
average greyscal : 49.00
average RGB [38.80,49.48,59.77]
(0 1)(1 3)(2 5)(3 3)(4 2)(5 6)(6 7)(7 4)(8 5)(9 3)(10 5)(11 2)(12 2)(14 4)(15 2)(16 4)(17 4)(18 3)(19 6)(20 10)(21 4)(22 7)(23 8)(24 10)(25 14)(26 13)(27 8)(28 14)(29 6)(30 7)(31 10)(32 16)(33 25)(34 9)(35 10)(36 10)(37 8)(38 8)(39 1)(40 11)(41 6)(42 7)(43 5)(44 8)(45 5)(46 16)(47 12)(48 11)(49 7)(50 8)(51 6)(52 7)(53 12)(54 9)(55 13)(56 13)(57 6)(58 9)(59 10)(60 17)(61 15)(62 9)(63 4)(64 7)(65 8)(66 2)(67 10)(68 9)(69 9)(70 1)(71 6)(72 5)(73 1)(74 6)(75 7)(76 10)(77 3)(78 7)(79 7)(80 3)(81 3)(82 3)(83 4)(84 2)(85 3)(86 4)(87 1)(88 3)(89 4)(90 2)(91 3)(92 1)(94 1)(95 3)(96 1)(97 1)(98 1)(99 2)(100 1)(101 3)(104 1)(105 1)(106 1)(107 1)(108 1)(110 1)(112 2)(122 2)(123 1)(132 1)(136 1)(137 1)(163 2)(167 1)(170 1)(179 1)(180 1)(187 1)
