NUMBER OF AREAS : 5
---area label--- : 1
area size : 5
mean x : 84.00
mean y : 73.00
mean E_x^2 : 0.40
mean E_y^2 : 0.80
mean E_xy^2 : 0.40
theta : -0.51
average greyscal : 21.20
average RGB [17.60,21.20,25.20]
(8 1)(11 1)(13 1)(19 1)(55 1)
---area label--- : 2
area size : 5
mean x : 138.00
mean y : 85.00
mean E_x^2 : 0.40
mean E_y^2 : 0.80
mean E_xy^2 : 0.40
theta : -0.51
average greyscal : 63.60
average RGB [74.80,54.20,62.80]
(26 1)(49 1)(70 1)(76 1)(97 1)
---area label--- : 3
area size : 8
mean x : 143.50
mean y : 92.00
mean E_x^2 : 0.75
mean E_y^2 : 2.25
mean E_xy^2 : 1.12
theta : -0.58
average greyscal : 93.88
average RGB [103.00,89.12,90.25]
(80 1)(81 1)(83 1)(89 1)(94 1)(107 1)(108 1)(109 1)
---area label--- : 4
area size : 604
mean x : 157.06
mean y : 113.08
mean E_x^2 : 150.76
mean E_y^2 : 57.38
mean E_xy^2 : 77.57
theta : 0.78
average greyscal : 50.25
average RGB [42.72,48.76,60.35]
(1 3)(2 1)(4 3)(5 3)(6 4)(7 1)(8 2)(11 5)(12 2)(13 2)(14 6)(15 1)(16 6)(17 2)(18 2)(19 5)(20 6)(21 2)(22 3)(23 6)(24 2)(25 11)(26 10)(27 13)(28 12)(29 15)(30 11)(31 10)(32 15)(33 13)(34 18)(35 14)(36 4)(37 10)(38 13)(39 11)(40 11)(41 9)(42 6)(43 3)(44 8)(45 7)(46 11)(47 14)(48 8)(49 12)(50 4)(51 9)(52 8)(53 13)(54 10)(55 9)(56 5)(57 7)(58 8)(59 6)(60 13)(61 12)(62 3)(63 7)(64 7)(65 1)(66 2)(67 6)(68 6)(69 3)(70 3)(71 11)(72 5)(73 5)(74 1)(75 5)(76 2)(77 6)(78 5)(79 8)(80 2)(81 2)(82 2)(83 5)(84 4)(85 6)(86 5)(87 4)(88 2)(89 2)(90 3)(91 2)(94 2)(95 1)(96 2)(99 1)(100 1)(102 6)(103 2)(104 2)(105 1)(106 1)(111 1)(114 2)(116 5)(117 1)(118 1)(123 1)(127 1)(128 1)(129 1)(131 1)(133 1)(136 2)(149 1)(166 1)
---area label--- : 5
area size : 13
mean x : 130.46
mean y : 107.38
mean E_x^2 : 2.09
mean E_y^2 : 1.01
mean E_xy^2 : 0.98
theta : 0.66
average greyscal : 88.00
average RGB [91.69,82.77,90.54]
(52 1)(60 1)(73 1)(77 1)(82 1)(83 1)(86 1)(98 1)(101 1)(102 1)(109 1)(110 1)(111 1)
