NUMBER OF AREAS : 3
---area label--- : 1
area size : 16
mean x : 84.50
mean y : 72.50
mean E_x^2 : 1.75
mean E_y^2 : 1.25
mean E_xy^2 : 0.75
theta : 0.73
average greyscal : 24.00
average RGB [22.94,23.69,26.81]
(11 1)(17 3)(18 1)(19 1)(20 1)(21 1)(24 2)(25 1)(26 1)(30 1)(37 1)(38 1)(40 1)
---area label--- : 2
area size : 5
mean x : 137.00
mean y : 84.00
mean E_x^2 : 0.40
mean E_y^2 : 0.80
mean E_xy^2 : 0.40
theta : -0.51
average greyscal : 54.40
average RGB [63.20,48.60,53.00]
(40 1)(41 1)(47 1)(48 1)(96 1)
---area label--- : 3
area size : 629
mean x : 156.31
mean y : 112.59
mean E_x^2 : 161.54
mean E_y^2 : 61.18
mean E_xy^2 : 81.95
theta : 0.78
average greyscal : 51.97
average RGB [44.09,51.18,61.64]
(0 4)(1 1)(2 1)(3 3)(4 1)(5 1)(6 3)(7 4)(8 1)(9 2)(10 1)(11 2)(12 3)(13 3)(14 5)(15 5)(16 1)(17 4)(18 2)(19 5)(20 7)(21 6)(22 7)(23 6)(24 7)(25 8)(26 7)(27 10)(28 14)(29 5)(30 13)(31 16)(32 18)(33 14)(34 19)(35 10)(36 10)(37 8)(38 9)(39 6)(40 7)(41 6)(42 6)(43 2)(44 6)(45 9)(46 9)(47 9)(48 8)(49 7)(50 8)(51 9)(52 7)(53 10)(54 12)(55 8)(56 13)(57 5)(58 6)(59 3)(60 5)(61 11)(62 9)(63 11)(64 15)(65 7)(66 11)(67 7)(68 3)(69 10)(70 8)(71 1)(72 6)(73 3)(74 2)(75 4)(76 4)(77 2)(78 4)(79 5)(80 2)(81 3)(82 7)(83 6)(84 5)(85 2)(86 4)(87 4)(88 3)(89 3)(90 2)(91 3)(92 2)(93 3)(96 3)(97 2)(98 1)(99 2)(100 3)(101 3)(102 1)(103 1)(104 3)(105 1)(107 1)(108 1)(109 1)(110 1)(111 1)(113 1)(114 1)(115 1)(116 4)(117 1)(118 2)(120 2)(121 2)(124 1)(128 1)(130 1)(134 1)(139 2)(140 1)(143 1)(154 1)(170 1)(171 1)
