NUMBER OF AREAS : 2
---area label--- : 1
area size : 607
mean x : 180.33
mean y : 140.08
mean E_x^2 : 136.43
mean E_y^2 : 42.30
mean E_xy^2 : 40.63
theta : 0.78
average greyscal : 50.66
average RGB [42.89,49.71,60.40]
(0 3)(1 2)(2 1)(4 3)(5 7)(6 3)(8 2)(9 1)(11 3)(12 4)(13 2)(14 3)(15 3)(17 7)(18 1)(19 6)(20 9)(21 6)(22 4)(23 5)(24 11)(25 8)(26 4)(27 9)(28 9)(29 5)(30 12)(31 13)(32 16)(33 7)(34 15)(35 7)(36 11)(37 9)(38 13)(39 7)(40 7)(41 10)(42 6)(43 6)(44 14)(45 11)(46 12)(47 13)(48 13)(49 10)(50 13)(51 10)(52 9)(53 11)(54 8)(55 8)(56 4)(57 8)(58 7)(59 13)(60 9)(61 4)(62 4)(63 6)(64 9)(65 6)(66 6)(67 4)(68 6)(69 6)(70 4)(71 7)(72 2)(73 7)(74 6)(75 4)(76 6)(77 1)(78 4)(79 6)(80 1)(81 2)(82 1)(83 3)(84 3)(85 5)(86 5)(87 1)(88 1)(89 3)(90 3)(91 1)(92 3)(93 2)(94 3)(95 5)(96 1)(97 1)(98 2)(99 5)(100 1)(101 1)(103 3)(108 1)(112 1)(116 1)(118 1)(122 1)(126 1)(132 2)(133 1)(134 1)(137 1)(144 2)(150 1)(153 2)(158 2)(163 1)(167 1)
---area label--- : 2
area size : 5
mean x : 105.00
mean y : 264.00
mean E_x^2 : 0.40
mean E_y^2 : 0.80
mean E_xy^2 : 0.40
theta : -0.51
average greyscal : 112.60
average RGB [158.00,111.60,68.80]
(43 1)(59 1)(131 1)(132 1)(198 1)
