NUMBER OF AREAS : 2
---area label--- : 1
area size : 87
mean x : 83.05
mean y : 85.61
mean E_x^2 : 15.58
mean E_y^2 : 10.40
mean E_xy^2 : 10.20
theta : 0.78
average greyscal : 30.05
average RGB [28.89,29.39,32.66]
(4 1)(6 1)(10 2)(11 1)(12 1)(13 1)(14 3)(15 1)(17 2)(18 3)(19 1)(20 1)(21 2)(22 3)(23 6)(24 3)(25 4)(26 3)(28 3)(29 3)(30 5)(31 3)(32 5)(33 5)(35 1)(36 2)(37 3)(39 3)(40 2)(41 2)(43 2)(47 1)(51 1)(52 1)(56 1)(61 1)(62 1)(66 1)(75 1)(76 1)
---area label--- : 2
area size : 782
mean x : 183.10
mean y : 158.03
mean E_x^2 : 175.43
mean E_y^2 : 71.25
mean E_xy^2 : 77.82
theta : 0.78
average greyscal : 51.91
average RGB [41.44,51.30,63.97]
(0 1)(2 1)(3 2)(4 2)(5 1)(7 1)(8 3)(9 3)(10 6)(11 1)(12 3)(13 3)(14 1)(15 1)(16 2)(17 5)(18 3)(19 5)(20 7)(21 7)(22 5)(23 7)(24 7)(25 8)(26 16)(27 17)(28 13)(29 9)(30 17)(31 19)(32 15)(33 21)(34 16)(35 13)(36 3)(37 10)(38 11)(39 14)(40 13)(41 11)(42 8)(43 5)(44 9)(45 10)(46 11)(47 7)(48 14)(49 14)(50 11)(51 11)(52 11)(53 16)(54 17)(55 12)(56 10)(57 13)(58 3)(59 8)(60 6)(61 10)(62 10)(63 11)(64 11)(65 13)(66 8)(67 5)(68 12)(69 16)(70 10)(71 12)(72 4)(73 9)(74 10)(75 7)(76 8)(77 12)(78 9)(79 9)(80 5)(81 7)(82 5)(83 3)(84 5)(85 10)(86 2)(87 5)(88 4)(89 4)(90 2)(91 4)(92 2)(93 3)(95 5)(96 2)(97 2)(98 4)(99 4)(100 3)(102 1)(103 2)(105 2)(106 1)(112 2)(113 1)(118 2)(120 1)(121 1)(125 1)(132 1)(137 1)
