NUMBER OF AREAS : 3
---area label--- : 1
area size : 300
mean x : 93.80
mean y : 144.17
mean E_x^2 : 83.00
mean E_y^2 : 19.95
mean E_xy^2 : 32.10
theta : 0.78
average greyscal : 46.59
average RGB [55.96,40.47,44.31]
(0 5)(1 1)(2 4)(3 2)(4 4)(5 3)(6 3)(8 2)(9 3)(10 2)(11 1)(12 1)(14 2)(16 1)(17 2)(18 2)(19 1)(20 7)(21 2)(22 1)(23 2)(24 3)(25 6)(26 11)(27 6)(28 3)(29 5)(30 5)(31 4)(32 10)(33 4)(34 7)(35 6)(36 6)(37 4)(38 8)(39 9)(40 5)(41 2)(42 4)(43 3)(44 4)(45 6)(46 4)(47 4)(48 3)(49 5)(50 4)(51 3)(52 4)(53 10)(54 4)(55 8)(56 3)(57 1)(59 1)(60 4)(61 4)(62 1)(63 2)(65 3)(66 4)(67 5)(68 2)(69 1)(70 1)(72 4)(74 2)(75 1)(80 1)(82 1)(83 3)(84 1)(85 2)(86 2)(87 1)(88 1)(89 2)(91 1)(92 1)(93 1)(94 2)(96 1)(100 3)(101 2)(103 1)(106 1)(107 1)(108 1)(111 1)(112 1)(113 1)(123 1)(127 1)(132 1)(159 1)(161 1)(166 1)(188 1)(214 1)
---area label--- : 2
area size : 222
mean x : 145.80
mean y : 161.24
mean E_x^2 : 15.37
mean E_y^2 : 24.27
mean E_xy^2 : -4.92
theta : -0.78
average greyscal : 63.31
average RGB [66.95,60.95,62.81]
(2 1)(10 2)(14 1)(27 1)(29 1)(32 2)(34 1)(37 2)(38 2)(39 1)(40 3)(41 3)(42 5)(44 6)(45 1)(46 3)(47 3)(48 5)(49 2)(50 1)(51 6)(52 7)(53 4)(54 2)(55 2)(56 4)(57 2)(58 3)(59 7)(60 5)(61 6)(62 5)(63 5)(64 10)(65 18)(66 7)(67 13)(68 7)(69 4)(70 3)(71 10)(72 4)(73 6)(74 1)(75 2)(76 2)(77 2)(78 2)(79 2)(80 1)(84 2)(86 1)(88 2)(90 1)(92 1)(95 2)(97 1)(98 1)(101 2)(102 1)(107 1)(109 1)(110 1)(111 1)(112 1)(115 1)(116 1)(117 2)(150 1)
---area label--- : 3
area size : 5
mean x : 89.00
mean y : 249.00
mean E_x^2 : 0.40
mean E_y^2 : 0.80
mean E_xy^2 : 0.40
theta : -0.51
average greyscal : 37.00
average RGB [41.80,32.40,38.40]
(3 1)(13 1)(41 1)(59 1)(69 1)
