NUMBER OF AREAS : 3
---area label--- : 1
area size : 11
mean x : 77.00
mean y : 87.00
mean E_x^2 : 1.27
mean E_y^2 : 0.73
mean E_xy^2 : 0.36
theta : 0.64
average greyscal : 44.73
average RGB [46.00,41.82,47.36]
(31 1)(34 1)(37 1)(40 1)(43 1)(45 2)(49 1)(51 1)(56 1)(61 1)
---area label--- : 2
area size : 67
mean x : 83.43
mean y : 96.52
mean E_x^2 : 18.16
mean E_y^2 : 3.59
mean E_xy^2 : 5.76
theta : 0.73
average greyscal : 34.34
average RGB [33.87,32.13,38.18]
(3 3)(4 2)(5 1)(6 3)(8 2)(11 1)(12 1)(13 2)(14 1)(15 1)(16 1)(17 1)(18 2)(19 2)(20 2)(21 1)(23 2)(24 1)(25 2)(26 2)(27 2)(28 2)(30 2)(31 2)(32 2)(33 1)(34 1)(36 1)(38 2)(39 1)(44 1)(52 1)(57 1)(58 1)(61 1)(63 2)(68 1)(75 1)(76 2)(77 1)(79 1)(82 1)(85 1)(90 1)(100 1)(107 1)
---area label--- : 3
area size : 733
mean x : 199.77
mean y : 176.95
mean E_x^2 : 168.42
mean E_y^2 : 70.13
mean E_xy^2 : 64.94
theta : 0.78
average greyscal : 49.14
average RGB [41.39,48.75,58.39]
(0 1)(2 1)(3 1)(5 2)(6 1)(7 4)(8 1)(9 2)(10 2)(11 3)(12 3)(13 6)(15 6)(16 6)(17 4)(18 4)(19 6)(20 3)(21 5)(22 7)(23 12)(24 14)(25 18)(26 18)(27 10)(28 11)(29 11)(30 18)(31 20)(32 22)(33 18)(34 17)(35 11)(36 13)(37 7)(38 6)(39 13)(40 13)(41 10)(42 4)(43 14)(44 6)(45 14)(46 7)(47 16)(48 13)(49 8)(50 10)(51 9)(52 13)(53 11)(54 7)(55 8)(56 11)(57 7)(58 11)(59 5)(60 14)(61 4)(62 6)(63 11)(64 11)(65 5)(66 9)(67 13)(68 7)(69 8)(70 7)(71 6)(72 8)(73 4)(74 2)(75 7)(76 2)(77 8)(78 3)(79 2)(80 2)(81 3)(82 4)(83 7)(84 7)(85 3)(86 1)(87 4)(88 3)(89 5)(90 8)(91 6)(92 4)(93 5)(94 2)(95 1)(96 3)(97 2)(100 1)(101 1)(102 2)(103 1)(104 1)(105 1)(106 1)(109 2)(114 1)(115 1)(118 1)(119 2)(124 1)(132 1)(137 1)(138 1)(139 1)(140 1)(157 1)
