NUMBER OF AREAS : 3
---area label--- : 1
area size : 380
mean x : 185.59
mean y : 189.39
mean E_x^2 : 80.98
mean E_y^2 : 46.03
mean E_xy^2 : 42.82
theta : 0.78
average greyscal : 54.84
average RGB [49.96,51.68,63.87]
(2 1)(4 1)(6 1)(8 2)(9 1)(10 3)(11 2)(12 1)(14 1)(15 2)(16 1)(18 3)(19 6)(20 1)(22 3)(23 5)(24 7)(25 4)(26 8)(27 4)(28 4)(29 5)(30 8)(31 13)(32 11)(33 14)(34 6)(35 4)(36 8)(37 5)(38 5)(39 5)(40 7)(41 8)(42 4)(43 7)(44 7)(45 5)(46 2)(47 6)(48 4)(49 3)(50 3)(51 4)(52 5)(53 2)(54 4)(55 4)(56 3)(57 7)(58 8)(59 3)(60 3)(61 4)(62 5)(63 3)(64 6)(65 5)(66 3)(67 1)(68 5)(70 4)(71 3)(72 6)(74 5)(75 2)(76 4)(77 2)(78 2)(79 3)(80 1)(81 2)(82 5)(83 2)(85 4)(86 2)(87 2)(89 3)(90 3)(91 1)(92 4)(94 1)(95 4)(96 2)(97 1)(99 2)(100 2)(101 1)(102 1)(104 1)(105 2)(106 2)(109 1)(110 2)(111 2)(112 1)(113 1)(114 1)(115 2)(119 1)(122 1)(124 1)(125 1)(129 1)(130 2)(132 2)(134 2)(140 1)(163 2)(204 1)
---area label--- : 2
area size : 14
mean x : 154.00
mean y : 182.50
mean E_x^2 : 3.29
mean E_y^2 : 0.82
mean E_xy^2 : 1.07
theta : 0.57
average greyscal : 82.14
average RGB [90.21,76.79,80.07]
(43 1)(52 1)(64 1)(72 1)(73 1)(74 1)(79 1)(80 1)(86 1)(87 1)(88 1)(102 1)(123 1)(127 1)
---area label--- : 3
area size : 37
mean x : 171.16
mean y : 201.73
mean E_x^2 : 4.03
mean E_y^2 : 2.52
mean E_xy^2 : 0.64
theta : 0.75
average greyscal : 153.03
average RGB [166.35,149.46,144.05]
(80 2)(81 1)(86 1)(93 1)(102 1)(111 1)(114 1)(140 1)(141 1)(146 1)(149 1)(159 1)(160 1)(164 1)(167 2)(168 1)(169 3)(170 2)(171 1)(172 3)(173 1)(176 3)(177 1)(179 1)(180 1)(183 1)(196 1)(204 1)
