NUMBER OF AREAS : 1
---area label--- : 1
area size : 228
mean x : 90.11
mean y : 104.40
mean E_x^2 : 37.63
mean E_y^2 : 44.10
mean E_xy^2 : 32.26
theta : -0.78
average greyscal : 54.91
average RGB [59.62,50.66,55.43]
(0 4)(1 3)(2 1)(3 2)(4 1)(5 1)(6 5)(7 3)(8 1)(9 1)(10 2)(11 1)(12 1)(13 3)(14 2)(15 2)(16 3)(18 1)(19 2)(20 3)(21 1)(23 2)(24 2)(25 1)(26 3)(27 1)(28 3)(31 2)(32 3)(33 1)(34 2)(35 2)(36 2)(37 2)(39 5)(40 3)(41 2)(42 3)(43 1)(44 1)(45 5)(46 2)(47 5)(48 6)(49 2)(50 3)(51 2)(52 1)(53 3)(54 2)(56 1)(57 2)(58 6)(59 8)(60 4)(61 2)(62 12)(63 4)(64 6)(65 4)(66 3)(67 1)(68 4)(69 5)(70 1)(72 5)(73 1)(74 3)(75 1)(77 3)(78 2)(79 1)(80 2)(82 1)(83 1)(85 2)(87 1)(88 1)(91 1)(92 1)(95 2)(96 1)(98 2)(99 1)(104 2)(108 1)(116 1)(125 1)(134 1)(136 1)(146 1)(147 1)(154 1)(158 1)(160 1)(161 1)(168 2)(172 1)(182 1)(188 1)
