NUMBER OF AREAS : 1
---area label--- : 1
area size : 566
mean x : 129.26
mean y : 154.93
mean E_x^2 : 265.85
mean E_y^2 : 46.22
mean E_xy^2 : 90.27
theta : 0.78
average greyscal : 57.90
average RGB [63.11,53.92,57.55]
(0 9)(1 4)(2 1)(3 3)(4 3)(5 2)(6 3)(7 4)(8 1)(9 6)(10 2)(11 1)(12 2)(14 2)(16 1)(17 2)(18 2)(19 5)(20 2)(21 5)(22 2)(23 6)(24 7)(25 5)(26 4)(27 10)(28 8)(29 9)(30 8)(31 7)(32 5)(33 9)(34 6)(35 9)(36 6)(37 6)(38 11)(39 3)(40 2)(41 2)(42 7)(43 5)(44 4)(45 9)(46 10)(47 7)(48 13)(49 6)(50 9)(51 2)(52 6)(53 4)(54 5)(55 5)(56 7)(57 6)(58 6)(59 14)(60 9)(61 6)(62 5)(63 5)(64 8)(65 8)(66 13)(67 11)(68 14)(69 6)(70 12)(71 9)(72 7)(73 7)(74 6)(75 3)(76 4)(77 4)(78 3)(79 6)(80 4)(81 5)(82 1)(83 3)(84 1)(85 3)(86 3)(87 4)(88 3)(89 4)(91 2)(92 2)(93 2)(94 1)(95 2)(96 1)(97 1)(98 3)(99 3)(100 2)(101 2)(102 2)(103 1)(104 1)(105 1)(106 3)(107 4)(108 2)(109 2)(110 3)(111 3)(112 1)(113 2)(115 1)(116 1)(117 1)(118 1)(119 1)(120 1)(123 1)(125 2)(126 1)(127 1)(129 1)(130 2)(133 1)(134 1)(135 1)(137 1)(138 1)(144 1)(147 1)(150 1)(155 2)(159 1)(163 2)(164 1)(165 1)(167 1)(169 1)(171 1)(176 1)
