NUMBER OF AREAS : 4
---area label--- : 1
area size : 21
mean x : 77.86
mean y : 88.81
mean E_x^2 : 5.27
mean E_y^2 : 1.49
mean E_xy^2 : 2.16
theta : 0.67
average greyscal : 40.38
average RGB [42.86,36.38,43.19]
(19 1)(22 1)(29 1)(31 1)(33 1)(36 1)(37 2)(39 2)(40 1)(41 1)(44 1)(45 1)(46 1)(47 1)(49 1)(50 1)(53 1)(54 1)(57 1)
---area label--- : 2
area size : 51
mean x : 84.31
mean y : 98.24
mean E_x^2 : 15.71
mean E_y^2 : 4.42
mean E_xy^2 : 6.59
theta : 0.74
average greyscal : 30.49
average RGB [33.18,25.88,33.45]
(0 1)(1 1)(2 1)(3 2)(4 1)(5 1)(6 1)(7 3)(11 1)(12 1)(13 2)(14 1)(15 1)(17 3)(18 1)(19 1)(20 1)(22 1)(24 1)(26 1)(27 2)(28 1)(29 1)(31 2)(34 1)(37 1)(39 1)(40 1)(43 1)(44 1)(46 1)(49 1)(57 1)(58 2)(62 1)(63 1)(65 1)(67 1)(68 1)(76 1)(84 1)(89 1)
---area label--- : 3
area size : 680
mean x : 206.82
mean y : 188.93
mean E_x^2 : 217.00
mean E_y^2 : 39.90
mean E_xy^2 : 72.35
theta : 0.78
average greyscal : 49.60
average RGB [41.83,49.64,58.51]
(3 1)(4 1)(5 2)(7 1)(8 1)(10 1)(11 2)(12 1)(13 1)(14 4)(16 1)(17 3)(18 6)(19 1)(20 6)(21 7)(22 4)(23 4)(24 14)(25 15)(26 13)(27 20)(28 15)(29 22)(30 19)(31 18)(32 23)(33 16)(34 11)(35 11)(36 12)(37 7)(38 11)(39 8)(40 6)(41 3)(42 5)(43 10)(44 8)(45 5)(46 4)(47 10)(48 6)(49 7)(50 7)(51 12)(52 13)(53 13)(54 10)(55 15)(56 11)(57 18)(58 13)(59 3)(60 12)(61 8)(62 11)(63 13)(64 9)(65 6)(66 4)(67 4)(68 11)(69 7)(70 7)(71 7)(72 10)(73 6)(74 1)(75 6)(76 8)(77 5)(78 8)(79 4)(80 5)(81 5)(82 2)(83 4)(84 3)(85 2)(86 4)(87 4)(88 3)(89 5)(90 4)(91 2)(92 3)(93 1)(94 3)(95 5)(96 4)(97 2)(98 1)(100 2)(103 1)(104 2)(110 1)(111 1)(117 2)(118 1)
---area label--- : 4
area size : 8
mean x : 190.50
mean y : 203.00
mean E_x^2 : 0.75
mean E_y^2 : 0.75
mean E_xy^2 : 0.38
theta : 0.79
average greyscal : 119.25
average RGB [125.75,111.75,121.00]
(15 1)(54 1)(72 1)(155 1)(161 1)(165 2)(167 1)
