NUMBER OF AREAS : 1
---area label--- : 1
area size : 558
mean x : 172.32
mean y : 135.03
mean E_x^2 : 94.25
mean E_y^2 : 35.91
mean E_xy^2 : 33.05
theta : 0.78
average greyscal : 51.96
average RGB [45.05,51.19,60.65]
(2 2)(5 1)(6 3)(7 1)(8 2)(10 4)(11 2)(12 3)(13 3)(14 1)(15 1)(16 3)(17 5)(18 7)(19 5)(20 5)(21 2)(22 6)(23 10)(24 11)(25 14)(26 7)(27 5)(28 8)(29 14)(30 8)(31 12)(32 8)(33 12)(34 10)(35 9)(36 5)(37 4)(38 8)(39 10)(40 11)(41 5)(42 13)(43 8)(44 12)(45 10)(46 16)(47 9)(48 13)(49 9)(50 6)(51 2)(52 9)(53 9)(54 9)(55 5)(56 6)(58 5)(59 8)(60 8)(61 8)(62 5)(63 2)(64 5)(65 1)(66 6)(67 5)(68 5)(69 5)(70 6)(71 2)(72 2)(73 2)(74 3)(75 10)(76 5)(77 5)(78 3)(79 5)(80 1)(81 2)(82 4)(83 2)(84 3)(85 1)(86 1)(87 3)(88 5)(89 6)(90 4)(91 1)(92 4)(94 4)(95 1)(96 2)(97 2)(98 2)(99 3)(100 1)(101 2)(102 2)(104 3)(105 1)(106 3)(108 1)(109 1)(110 2)(111 1)(112 2)(113 3)(115 1)(118 1)(122 1)(124 1)(127 1)(128 1)(131 2)(132 2)(135 1)(137 1)(148 2)(154 1)(155 1)
