NUMBER OF AREAS : 1
---area label--- : 1
area size : 543
mean x : 186.64
mean y : 196.26
mean E_x^2 : 103.89
mean E_y^2 : 69.60
mean E_xy^2 : 22.71
theta : 0.78
average greyscal : 78.52
average RGB [77.25,74.75,84.52]
(3 1)(4 3)(6 2)(7 1)(8 1)(9 1)(11 2)(13 3)(14 4)(15 1)(16 1)(17 1)(19 1)(20 4)(21 1)(22 4)(23 3)(24 4)(25 6)(26 4)(27 7)(28 4)(29 6)(30 3)(31 12)(32 12)(33 17)(34 18)(35 10)(36 7)(37 9)(38 12)(39 11)(40 11)(41 7)(42 3)(43 7)(44 2)(45 5)(46 2)(47 4)(48 1)(49 3)(50 3)(51 5)(52 3)(53 3)(54 4)(55 1)(56 5)(57 4)(58 2)(59 5)(60 2)(61 9)(62 5)(63 3)(64 4)(65 2)(66 6)(67 4)(68 5)(69 3)(70 6)(71 3)(72 6)(73 2)(74 4)(75 4)(76 3)(77 4)(78 8)(79 5)(81 4)(82 3)(83 3)(84 7)(85 3)(86 5)(87 1)(88 1)(89 3)(90 3)(91 1)(92 1)(94 2)(96 4)(97 5)(98 1)(99 4)(100 2)(101 1)(103 1)(105 3)(106 2)(107 5)(108 2)(110 1)(111 3)(112 3)(113 2)(114 2)(116 2)(117 4)(121 1)(123 2)(124 1)(125 1)(128 1)(130 1)(134 1)(138 2)(142 6)(144 2)(145 1)(146 1)(147 1)(148 1)(149 1)(150 1)(151 3)(153 1)(154 1)(155 2)(156 2)(157 3)(158 3)(160 4)(161 3)(162 3)(163 4)(164 4)(165 2)(167 4)(169 3)(170 1)(171 3)(172 5)(173 2)(175 1)(177 4)(178 1)(179 1)(181 4)(182 1)(183 3)(184 4)(185 2)(186 1)(188 2)(189 1)(193 1)(194 1)(195 2)(201 1)(203 2)(213 1)(244 1)(249 2)
