NUMBER OF AREAS : 4
---area label--- : 1
area size : 26
mean x : 83.65
mean y : 74.38
mean E_x^2 : 3.00
mean E_y^2 : 4.08
mean E_xy^2 : 2.71
theta : -0.76
average greyscal : 21.58
average RGB [16.62,21.15,28.04]
(3 1)(4 1)(5 1)(10 1)(11 2)(13 2)(16 1)(17 2)(20 1)(21 3)(22 2)(23 1)(24 1)(26 1)(27 1)(33 1)(38 1)(39 1)(50 1)(54 1)
---area label--- : 2
area size : 8
mean x : 137.50
mean y : 83.50
mean E_x^2 : 0.75
mean E_y^2 : 1.25
mean E_xy^2 : 0.75
theta : -0.66
average greyscal : 65.50
average RGB [74.50,59.25,63.50]
(24 1)(33 1)(61 1)(64 1)(69 1)(83 1)(94 1)(96 1)
---area label--- : 3
area size : 614
mean x : 156.98
mean y : 112.68
mean E_x^2 : 150.86
mean E_y^2 : 61.51
mean E_xy^2 : 81.05
theta : 0.78
average greyscal : 51.32
average RGB [43.09,49.71,62.08]
(0 1)(1 2)(3 1)(4 3)(5 2)(7 2)(8 1)(9 1)(10 3)(11 5)(12 4)(13 6)(14 4)(15 1)(16 4)(17 2)(18 1)(19 6)(20 4)(21 5)(22 1)(23 5)(24 9)(25 4)(26 9)(27 11)(28 4)(29 4)(30 24)(31 26)(32 12)(33 20)(34 12)(35 11)(36 13)(37 12)(38 8)(39 11)(40 10)(41 6)(42 11)(43 4)(44 5)(45 11)(46 8)(47 10)(48 6)(49 4)(50 10)(51 2)(52 9)(53 4)(54 8)(55 4)(56 14)(57 11)(58 8)(59 6)(60 14)(61 6)(62 7)(63 10)(64 9)(65 4)(66 9)(67 3)(68 4)(69 9)(70 12)(71 3)(72 1)(73 9)(74 7)(75 3)(76 3)(77 3)(78 4)(79 4)(80 2)(81 3)(82 4)(83 4)(84 4)(85 3)(86 4)(87 4)(88 1)(89 1)(90 2)(91 4)(92 1)(93 3)(94 1)(95 1)(96 1)(97 2)(99 2)(100 1)(101 3)(102 1)(103 1)(104 1)(105 2)(108 2)(109 1)(110 1)(111 2)(112 3)(113 1)(114 1)(115 2)(117 1)(124 1)(125 2)(131 2)(133 1)(134 1)(135 1)(136 1)(138 1)(139 1)(140 1)(147 2)(162 1)
---area label--- : 4
area size : 5
mean x : 130.00
mean y : 106.00
mean E_x^2 : 0.40
mean E_y^2 : 0.80
mean E_xy^2 : 0.40
theta : -0.51
average greyscal : 85.20
average RGB [100.40,76.20,80.60]
(63 1)(72 1)(75 1)(105 1)(111 1)
