NUMBER OF AREAS : 1
---area label--- : 1
area size : 566
mean x : 203.95
mean y : 236.98
mean E_x^2 : 182.96
mean E_y^2 : 18.05
mean E_xy^2 : -1.19
theta : 0.77
average greyscal : 57.29
average RGB [55.32,54.28,63.30]
(0 1)(3 1)(4 1)(5 2)(6 1)(7 3)(10 1)(11 1)(15 1)(16 2)(17 2)(18 2)(19 4)(20 2)(21 4)(22 6)(23 7)(24 5)(25 8)(26 13)(27 8)(28 16)(29 27)(30 12)(31 24)(32 10)(33 12)(34 16)(35 9)(36 11)(37 6)(38 8)(39 3)(40 6)(41 7)(42 8)(43 2)(44 2)(45 2)(46 4)(47 4)(48 6)(49 4)(50 2)(51 5)(52 11)(53 3)(54 5)(55 7)(56 11)(57 8)(58 5)(59 8)(60 6)(61 5)(62 7)(63 7)(64 8)(65 10)(66 10)(67 10)(68 2)(69 6)(70 6)(71 7)(72 8)(73 8)(74 14)(75 8)(76 4)(77 5)(79 5)(80 1)(81 5)(82 2)(83 2)(84 1)(85 2)(86 2)(87 1)(88 2)(89 2)(90 3)(91 1)(92 1)(93 2)(94 2)(95 1)(96 4)(97 1)(98 2)(99 1)(101 1)(102 1)(103 2)(104 1)(105 2)(106 1)(109 2)(112 3)(114 2)(115 1)(120 1)(123 1)(129 1)(130 1)(132 3)(133 1)(137 1)(139 1)(140 1)(147 1)(148 2)(150 1)(153 1)(156 1)(162 1)(163 2)(166 3)(169 1)(171 2)(172 1)(174 1)(176 1)(178 1)(183 1)(187 2)(189 1)(193 1)(197 1)(202 1)
