NUMBER OF AREAS : 1
---area label--- : 1
area size : 670
mean x : 190.21
mean y : 146.89
mean E_x^2 : 132.68
mean E_y^2 : 52.90
mean E_xy^2 : 41.27
theta : 0.78
average greyscal : 50.94
average RGB [43.32,49.44,61.05]
(0 1)(1 1)(2 1)(4 2)(6 2)(7 1)(9 2)(10 2)(11 4)(12 3)(13 2)(14 2)(15 1)(16 2)(17 4)(18 2)(19 6)(20 4)(21 6)(22 4)(23 3)(24 14)(25 13)(26 14)(27 11)(28 12)(29 10)(30 12)(31 18)(32 23)(33 19)(34 7)(35 12)(36 12)(37 5)(38 10)(39 6)(40 9)(41 11)(42 7)(43 10)(44 12)(45 16)(46 15)(47 15)(48 11)(49 11)(50 8)(51 10)(52 14)(53 11)(54 13)(55 3)(56 7)(57 4)(58 10)(59 4)(60 11)(61 6)(62 8)(63 6)(64 1)(65 6)(66 9)(67 9)(68 10)(69 3)(70 2)(71 6)(72 6)(73 6)(74 4)(75 9)(76 9)(77 4)(78 8)(79 6)(80 2)(81 5)(82 7)(83 3)(84 4)(85 3)(86 1)(87 9)(88 2)(89 3)(90 2)(92 3)(93 2)(94 3)(95 2)(96 3)(97 1)(98 2)(99 3)(101 3)(102 1)(103 3)(104 3)(105 1)(107 2)(110 1)(115 1)(119 2)(123 1)(125 1)(127 1)(133 1)(135 1)(141 2)(148 2)(163 1)
