NUMBER OF AREAS : 2
---area label--- : 1
area size : 539
mean x : 139.95
mean y : 120.37
mean E_x^2 : 139.59
mean E_y^2 : 55.02
mean E_xy^2 : 73.99
theta : 0.78
average greyscal : 51.81
average RGB [44.06,51.73,60.70]
(0 1)(1 3)(2 1)(3 4)(4 3)(5 1)(6 2)(7 3)(8 2)(9 5)(10 4)(11 2)(12 1)(13 4)(14 5)(15 1)(16 4)(17 5)(18 6)(19 3)(20 8)(21 4)(22 4)(23 9)(24 5)(25 5)(26 9)(27 6)(28 6)(29 10)(30 9)(31 10)(32 13)(33 11)(34 9)(35 13)(36 10)(37 9)(38 4)(39 10)(40 5)(41 5)(42 5)(43 5)(44 3)(45 7)(46 6)(47 6)(48 9)(49 9)(50 11)(51 5)(52 6)(53 3)(54 9)(55 8)(56 7)(57 10)(58 5)(59 5)(60 4)(61 3)(62 4)(63 5)(64 7)(65 4)(66 9)(67 7)(68 6)(69 3)(70 4)(71 5)(72 5)(73 4)(74 5)(75 4)(76 6)(77 5)(78 4)(79 2)(80 3)(81 6)(82 5)(83 3)(84 2)(85 3)(86 1)(87 3)(88 4)(90 1)(91 3)(92 2)(93 3)(94 4)(96 2)(97 3)(98 3)(99 1)(100 1)(101 3)(104 2)(105 4)(106 2)(107 3)(108 1)(110 3)(113 1)(114 1)(116 1)(120 1)(123 1)(126 2)(127 1)(128 1)(134 1)(137 2)(145 1)(150 1)(152 1)(157 1)(160 2)(172 1)
---area label--- : 2
area size : 5
mean x : 113.00
mean y : 113.00
mean E_x^2 : 0.40
mean E_y^2 : 0.80
mean E_xy^2 : 0.40
theta : -0.51
average greyscal : 76.80
average RGB [84.40,69.20,77.40]
(50 1)(62 1)(80 1)(88 1)(104 1)
