NUMBER OF AREAS : 2
---area label--- : 1
area size : 20
mean x : 86.05
mean y : 70.55
mean E_x^2 : 2.45
mean E_y^2 : 3.55
mean E_xy^2 : 2.37
theta : -0.75
average greyscal : 24.35
average RGB [22.20,22.95,28.60]
(15 1)(16 1)(17 1)(19 1)(20 1)(21 1)(23 2)(24 2)(25 5)(26 1)(27 1)(34 1)(35 1)(38 1)
---area label--- : 2
area size : 727
mean x : 268.08
mean y : 251.26
mean E_x^2 : 156.08
mean E_y^2 : 36.82
mean E_xy^2 : -39.32
theta : 0.78
average greyscal : 44.57
average RGB [35.76,44.16,54.80]
(6 1)(7 1)(8 1)(9 1)(11 1)(12 1)(15 1)(16 4)(17 2)(18 4)(19 10)(20 7)(21 6)(22 11)(23 12)(24 14)(25 22)(26 23)(27 18)(28 13)(29 13)(30 14)(31 24)(32 17)(33 17)(34 11)(35 17)(36 11)(37 9)(38 17)(39 11)(40 9)(41 9)(42 8)(43 16)(44 19)(45 12)(46 22)(47 23)(48 20)(49 20)(50 14)(51 12)(52 10)(53 12)(54 21)(55 15)(56 6)(57 7)(58 6)(59 7)(60 6)(61 8)(62 10)(63 13)(64 9)(65 9)(66 4)(67 5)(68 3)(69 8)(70 10)(71 5)(72 4)(73 8)(74 6)(75 5)(76 2)(77 2)(78 3)(79 4)(80 1)(81 3)(82 2)(83 2)(84 1)(86 1)(90 2)(91 1)(93 2)(94 1)(96 1)(102 1)(120 1)(126 1)(130 1)
