NUMBER OF AREAS : 1
---area label--- : 1
area size : 485
mean x : 159.63
mean y : 147.20
mean E_x^2 : 182.03
mean E_y^2 : 55.52
mean E_xy^2 : 89.67
theta : 0.78
average greyscal : 55.97
average RGB [50.53,53.42,64.91]
(1 1)(2 2)(3 1)(4 1)(5 1)(6 1)(7 1)(8 3)(9 2)(10 1)(11 3)(12 2)(13 4)(14 1)(15 4)(16 6)(17 2)(18 4)(19 5)(20 1)(21 7)(22 3)(23 3)(24 6)(25 3)(26 6)(27 4)(28 9)(29 9)(30 6)(31 5)(32 11)(33 5)(34 4)(35 9)(36 8)(37 3)(38 12)(39 8)(40 2)(41 5)(42 6)(43 4)(44 7)(45 3)(46 3)(47 4)(48 5)(49 4)(50 4)(51 4)(52 6)(53 7)(54 3)(55 7)(56 4)(57 8)(58 8)(59 9)(60 4)(61 5)(62 7)(63 5)(64 3)(65 5)(66 5)(67 9)(68 5)(69 4)(70 6)(71 4)(72 10)(73 1)(74 5)(75 8)(76 9)(77 7)(78 2)(79 4)(80 12)(81 4)(82 1)(83 7)(84 6)(85 4)(86 4)(87 6)(88 4)(89 2)(90 4)(91 6)(92 3)(93 7)(95 4)(96 1)(97 1)(98 1)(99 2)(100 2)(101 2)(102 3)(103 2)(104 1)(105 1)(107 1)(108 1)(112 2)(113 3)(114 1)(119 1)(120 1)(124 1)(125 1)(130 1)(132 1)(134 1)(137 1)(144 1)
