NUMBER OF AREAS : 3
---area label--- : 1
area size : 230
mean x : 87.76
mean y : 121.86
mean E_x^2 : 41.23
mean E_y^2 : 20.10
mean E_xy^2 : 18.65
theta : 0.78
average greyscal : 52.48
average RGB [59.72,46.62,52.23]
(0 3)(1 2)(2 3)(3 3)(4 4)(5 1)(6 2)(7 1)(8 1)(9 3)(10 1)(11 4)(12 3)(13 3)(14 2)(16 1)(17 1)(18 3)(19 4)(20 1)(21 1)(22 2)(23 4)(24 6)(25 3)(27 4)(28 4)(29 1)(30 4)(31 4)(32 3)(33 5)(34 3)(35 2)(36 5)(37 1)(38 4)(40 5)(41 2)(42 2)(43 3)(44 2)(45 4)(46 2)(47 3)(48 3)(49 4)(50 5)(51 2)(52 2)(53 2)(54 2)(55 4)(56 4)(57 2)(58 2)(59 2)(60 1)(61 1)(62 1)(63 3)(64 1)(67 2)(70 2)(74 1)(75 2)(77 1)(78 1)(79 4)(80 1)(81 3)(82 1)(83 1)(84 1)(85 2)(86 1)(87 2)(88 1)(89 1)(92 1)(93 2)(94 2)(95 1)(97 3)(98 3)(100 2)(102 2)(105 2)(106 1)(107 1)(108 1)(113 1)(123 1)(128 1)(138 2)(146 1)(160 1)(164 1)(171 1)(173 1)(174 3)(175 1)(176 1)(178 1)
---area label--- : 2
area size : 225
mean x : 145.83
mean y : 161.27
mean E_x^2 : 15.42
mean E_y^2 : 24.73
mean E_xy^2 : -4.42
theta : -0.78
average greyscal : 64.01
average RGB [67.93,62.27,62.96]
(6 1)(9 1)(22 1)(26 1)(29 1)(30 1)(32 1)(33 1)(35 1)(36 3)(37 1)(38 1)(39 3)(40 4)(41 1)(42 3)(43 1)(44 4)(45 5)(46 3)(47 5)(48 2)(49 2)(50 3)(51 1)(52 2)(53 4)(54 3)(55 3)(56 3)(57 5)(58 2)(59 4)(60 9)(61 9)(62 5)(63 7)(64 6)(65 9)(66 12)(67 6)(68 9)(69 6)(70 8)(71 6)(72 7)(73 6)(74 3)(75 2)(76 2)(77 1)(78 3)(80 1)(81 1)(82 2)(84 1)(85 2)(86 1)(87 1)(88 1)(89 2)(90 2)(92 1)(94 2)(95 1)(96 1)(97 1)(101 1)(102 1)(103 1)(104 1)(108 1)(111 2)(112 1)(113 1)(116 1)(117 1)(138 1)
---area label--- : 3
area size : 5
mean x : 89.00
mean y : 249.00
mean E_x^2 : 0.40
mean E_y^2 : 0.80
mean E_xy^2 : 0.40
theta : -0.51
average greyscal : 44.80
average RGB [54.20,34.20,46.80]
(11 1)(31 2)(71 1)(80 1)
