NUMBER OF AREAS : 2
---area label--- : 1
area size : 223
mean x : 145.75
mean y : 161.21
mean E_x^2 : 15.65
mean E_y^2 : 23.83
mean E_xy^2 : -4.89
theta : -0.78
average greyscal : 64.46
average RGB [67.69,60.58,66.00]
(4 1)(14 1)(22 1)(24 1)(26 1)(35 1)(36 1)(37 1)(38 2)(39 1)(40 5)(41 2)(43 3)(44 2)(45 2)(46 5)(47 7)(48 3)(49 4)(50 9)(51 3)(52 3)(53 2)(54 5)(55 1)(56 5)(57 4)(58 3)(59 4)(60 2)(61 6)(62 4)(63 4)(64 6)(65 7)(66 12)(67 10)(68 13)(69 10)(70 5)(71 8)(72 6)(73 2)(74 4)(75 4)(76 3)(77 2)(78 2)(79 1)(81 1)(82 2)(83 1)(85 2)(87 1)(89 1)(93 1)(94 1)(95 1)(97 3)(98 2)(99 1)(101 1)(103 1)(105 1)(106 1)(109 1)(110 1)(111 1)(113 1)(116 1)(122 1)(125 1)(132 1)
---area label--- : 2
area size : 312
mean x : 113.71
mean y : 164.27
mean E_x^2 : 112.09
mean E_y^2 : 14.70
mean E_xy^2 : 29.73
theta : 0.77
average greyscal : 56.95
average RGB [62.40,52.41,56.89]
(0 6)(1 1)(2 1)(3 3)(4 1)(5 4)(7 2)(8 1)(9 2)(10 2)(11 2)(12 2)(13 2)(15 1)(16 1)(18 3)(19 5)(20 1)(21 2)(22 1)(23 4)(24 6)(25 4)(26 2)(27 4)(28 1)(29 2)(30 7)(31 4)(32 6)(33 3)(34 9)(35 5)(36 6)(37 7)(38 7)(39 6)(40 11)(41 7)(42 5)(43 6)(44 6)(45 3)(46 5)(47 5)(48 2)(49 1)(50 3)(51 2)(52 2)(53 2)(55 1)(56 2)(57 2)(59 1)(60 1)(61 2)(62 5)(64 2)(65 4)(66 1)(67 3)(68 2)(69 1)(70 3)(71 2)(72 3)(73 1)(74 1)(75 1)(77 1)(78 3)(79 2)(80 4)(82 1)(83 1)(84 1)(85 1)(86 1)(87 2)(88 2)(89 2)(90 1)(91 3)(93 3)(94 2)(95 3)(96 3)(97 3)(99 1)(100 1)(102 1)(103 2)(104 2)(107 2)(108 1)(109 4)(110 1)(111 1)(112 2)(113 1)(114 4)(115 1)(117 3)(118 2)(120 1)(123 1)(125 1)(126 1)(127 1)(131 1)(133 2)(138 1)(139 2)(141 1)(142 1)(161 1)(163 1)(169 2)(171 1)(173 1)(181 1)
