NUMBER OF AREAS : 4
---area label--- : 1
area size : 8
mean x : 78.50
mean y : 86.00
mean E_x^2 : 0.75
mean E_y^2 : 0.75
mean E_xy^2 : 0.38
theta : 0.79
average greyscal : 44.25
average RGB [49.12,40.62,44.62]
(31 1)(38 1)(39 1)(41 1)(45 1)(50 1)(52 1)(58 1)
---area label--- : 2
area size : 72
mean x : 82.94
mean y : 93.96
mean E_x^2 : 8.66
mean E_y^2 : 6.57
mean E_xy^2 : 2.98
theta : 0.78
average greyscal : 42.62
average RGB [42.10,42.89,43.82]
(0 2)(2 1)(3 3)(4 3)(5 2)(6 3)(7 2)(8 2)(9 2)(10 3)(12 1)(15 5)(17 1)(18 1)(19 3)(21 1)(22 1)(28 1)(30 1)(31 1)(32 1)(34 1)(36 1)(37 2)(39 3)(49 1)(53 1)(54 1)(57 1)(59 1)(60 1)(67 1)(69 1)(71 2)(84 1)(94 1)(98 1)(100 1)(104 1)(112 1)(113 1)(116 1)(122 1)(124 2)(127 1)(130 2)(148 1)
---area label--- : 3
area size : 627
mean x : 185.47
mean y : 149.95
mean E_x^2 : 147.23
mean E_y^2 : 49.31
mean E_xy^2 : 50.42
theta : 0.78
average greyscal : 50.39
average RGB [43.00,49.48,59.72]
(0 1)(1 2)(3 1)(4 1)(5 1)(7 3)(9 1)(10 5)(11 2)(12 1)(13 5)(14 5)(15 1)(16 5)(17 3)(18 3)(19 2)(20 3)(21 5)(22 3)(23 5)(24 10)(25 6)(26 12)(27 14)(28 13)(29 11)(30 13)(31 14)(32 17)(33 16)(34 13)(35 12)(36 15)(37 6)(38 6)(39 12)(40 10)(41 7)(42 10)(43 13)(44 7)(45 13)(46 14)(47 9)(48 14)(49 7)(50 8)(51 6)(52 9)(53 12)(54 10)(55 7)(56 8)(57 6)(58 6)(59 7)(60 2)(61 9)(62 10)(63 7)(64 7)(65 6)(66 7)(67 11)(68 1)(69 9)(70 7)(71 5)(72 3)(73 5)(74 4)(75 5)(76 10)(77 5)(78 4)(79 3)(80 6)(81 2)(82 5)(83 4)(84 2)(85 3)(86 4)(87 2)(88 2)(90 2)(91 5)(92 4)(94 3)(95 1)(96 1)(97 1)(99 1)(100 1)(102 3)(104 1)(105 1)(106 1)(107 2)(110 2)(113 1)(116 1)(120 1)(123 1)(129 1)(134 2)(135 1)(137 1)(138 2)(140 2)(142 2)(143 1)(145 1)
---area label--- : 4
area size : 8
mean x : 181.50
mean y : 161.00
mean E_x^2 : 0.75
mean E_y^2 : 0.75
mean E_xy^2 : 0.38
theta : 0.79
average greyscal : 75.25
average RGB [77.75,68.38,79.75]
(24 1)(44 1)(64 1)(76 1)(95 1)(98 1)(100 1)(101 1)
