NUMBER OF AREAS : 3
---area label--- : 1
area size : 15
mean x : 76.53
mean y : 87.40
mean E_x^2 : 1.85
mean E_y^2 : 1.17
mean E_xy^2 : 0.85
theta : 0.71
average greyscal : 41.73
average RGB [44.40,40.47,40.80]
(23 1)(25 1)(29 1)(32 1)(38 2)(42 1)(43 1)(44 1)(46 1)(47 1)(48 1)(52 1)(54 1)(65 1)
---area label--- : 2
area size : 56
mean x : 84.09
mean y : 97.14
mean E_x^2 : 13.33
mean E_y^2 : 4.19
mean E_xy^2 : 5.49
theta : 0.74
average greyscal : 32.71
average RGB [34.91,29.41,34.61]
(0 3)(2 1)(5 1)(6 1)(7 1)(12 2)(13 4)(15 1)(17 3)(18 2)(19 1)(20 1)(21 3)(22 2)(24 1)(25 1)(26 1)(27 1)(28 2)(31 2)(33 2)(36 1)(41 1)(42 1)(43 1)(45 1)(46 1)(53 1)(54 1)(56 1)(58 1)(61 2)(63 1)(64 1)(67 1)(72 1)(80 1)(82 1)(86 1)(92 1)
---area label--- : 3
area size : 719
mean x : 202.58
mean y : 182.01
mean E_x^2 : 171.91
mean E_y^2 : 47.55
mean E_xy^2 : 48.18
theta : 0.78
average greyscal : 47.44
average RGB [40.26,46.94,56.03]
(2 1)(5 1)(6 1)(7 1)(8 1)(10 2)(11 1)(12 3)(13 1)(15 3)(16 4)(17 2)(18 1)(19 6)(20 6)(21 7)(22 6)(23 9)(24 14)(25 16)(26 20)(27 20)(28 19)(29 16)(30 17)(31 25)(32 24)(33 27)(34 19)(35 12)(36 16)(37 5)(38 12)(39 10)(40 13)(41 10)(42 9)(43 6)(44 4)(45 9)(46 6)(47 7)(48 5)(49 12)(50 11)(51 8)(52 7)(53 8)(54 15)(55 16)(56 12)(57 15)(58 8)(59 13)(60 14)(61 10)(62 8)(63 8)(64 6)(65 7)(66 5)(67 10)(68 3)(69 4)(70 6)(71 6)(72 5)(73 4)(74 7)(75 4)(76 6)(77 2)(78 5)(79 5)(80 2)(81 4)(82 6)(83 3)(84 12)(85 2)(86 7)(87 3)(88 2)(89 4)(90 2)(91 3)(92 3)(93 1)(94 2)(96 1)(97 2)(98 1)(99 1)(100 1)(101 2)(102 2)(104 1)(106 2)(109 1)(112 1)(119 1)
