NUMBER OF AREAS : 1
---area label--- : 1
area size : 641
mean x : 184.88
mean y : 143.34
mean E_x^2 : 156.60
mean E_y^2 : 52.75
mean E_xy^2 : 53.16
theta : 0.78
average greyscal : 51.03
average RGB [43.68,50.05,60.27]
(2 3)(3 3)(4 2)(5 4)(6 2)(7 3)(10 2)(11 5)(12 3)(13 3)(14 3)(15 4)(16 5)(17 1)(18 5)(19 3)(20 3)(21 6)(22 4)(23 4)(24 2)(25 10)(26 12)(27 15)(28 6)(29 11)(30 10)(31 9)(32 12)(33 11)(34 10)(35 14)(36 6)(37 16)(38 8)(39 11)(40 17)(41 8)(42 8)(43 11)(44 12)(45 4)(46 10)(47 14)(48 8)(49 13)(50 19)(51 9)(52 10)(53 14)(54 8)(55 9)(56 12)(57 10)(58 6)(59 3)(60 7)(61 7)(62 5)(63 6)(64 5)(65 9)(66 8)(67 10)(68 9)(69 3)(70 8)(71 6)(72 7)(73 5)(74 7)(75 5)(76 3)(77 8)(78 3)(79 5)(80 3)(81 5)(82 3)(83 5)(85 3)(86 2)(87 5)(88 3)(89 3)(90 4)(91 1)(92 2)(93 3)(94 5)(95 2)(96 3)(97 1)(98 1)(99 3)(100 1)(101 1)(102 3)(106 1)(110 1)(111 2)(115 1)(118 1)(120 1)(123 1)(136 1)(138 1)(142 1)(148 1)(149 1)(157 1)(165 1)(175 1)(183 1)
