NUMBER OF AREAS : 1
---area label--- : 1
area size : 529
mean x : 139.79
mean y : 120.44
mean E_x^2 : 134.15
mean E_y^2 : 52.75
mean E_xy^2 : 70.58
theta : 0.78
average greyscal : 51.17
average RGB [44.56,49.77,60.08]
(0 1)(2 1)(3 1)(4 2)(5 2)(6 2)(7 3)(10 3)(11 2)(12 5)(13 3)(14 2)(15 2)(16 5)(17 2)(18 3)(19 3)(20 4)(21 1)(22 4)(23 4)(24 7)(25 6)(26 12)(27 10)(28 10)(29 9)(30 7)(31 16)(32 10)(33 15)(34 15)(35 10)(36 7)(37 9)(38 8)(39 8)(40 10)(41 7)(42 5)(43 8)(44 9)(45 7)(46 5)(47 9)(48 6)(49 5)(50 6)(51 5)(52 7)(53 7)(54 8)(55 7)(56 6)(57 8)(58 7)(59 9)(60 2)(61 5)(62 7)(63 3)(64 5)(65 12)(66 3)(67 9)(68 7)(69 6)(70 9)(71 8)(72 4)(73 2)(74 3)(75 3)(76 1)(77 4)(78 4)(79 5)(80 2)(81 1)(82 4)(83 2)(84 3)(85 1)(86 1)(87 1)(88 3)(89 3)(90 1)(91 1)(92 1)(93 1)(94 2)(95 4)(97 6)(98 4)(99 1)(100 2)(102 3)(103 1)(104 1)(106 2)(107 2)(108 2)(110 1)(111 1)(113 1)(116 1)(119 1)(120 1)(121 2)(124 2)(125 1)(128 1)(129 1)(131 1)(148 1)(154 1)(162 1)
