NUMBER OF AREAS : 2
---area label--- : 1
area size : 362
mean x : 101.23
mean y : 153.93
mean E_x^2 : 106.99
mean E_y^2 : 26.66
mean E_xy^2 : 43.78
theta : 0.78
average greyscal : 48.17
average RGB [53.36,43.12,49.08]
(0 2)(1 5)(2 1)(4 1)(5 3)(6 2)(7 7)(8 1)(9 1)(10 4)(11 2)(12 4)(13 3)(14 3)(15 1)(16 2)(17 1)(18 2)(19 5)(20 3)(21 3)(22 4)(23 2)(24 4)(25 4)(26 7)(27 10)(28 5)(29 4)(30 3)(31 10)(32 7)(33 17)(34 11)(35 4)(36 10)(37 6)(38 11)(39 5)(40 13)(41 5)(42 7)(43 2)(44 4)(45 3)(46 2)(47 3)(48 1)(49 4)(50 1)(51 2)(52 3)(53 2)(54 12)(55 6)(56 4)(57 1)(58 9)(59 4)(60 6)(61 4)(62 2)(63 1)(64 2)(65 2)(66 2)(67 3)(68 1)(69 3)(70 1)(71 2)(72 2)(73 2)(74 3)(75 2)(76 2)(78 2)(79 1)(80 2)(81 2)(82 1)(83 1)(84 1)(87 2)(89 1)(90 2)(91 1)(92 1)(93 1)(95 1)(96 1)(99 2)(100 1)(101 1)(102 1)(104 1)(106 1)(108 1)(109 1)(110 2)(111 2)(112 2)(113 1)(115 2)(116 1)(117 1)(118 1)(120 2)(121 1)(125 2)(129 1)(133 1)(138 1)(140 1)(163 1)(170 1)(174 1)(224 1)
---area label--- : 2
area size : 225
mean x : 145.89
mean y : 161.26
mean E_x^2 : 15.73
mean E_y^2 : 24.00
mean E_xy^2 : -4.77
theta : -0.78
average greyscal : 64.61
average RGB [67.82,61.90,65.10]
(1 1)(8 1)(20 1)(22 1)(23 1)(30 1)(32 1)(38 1)(39 3)(40 2)(41 3)(43 1)(44 1)(45 5)(46 2)(47 3)(48 7)(49 7)(50 6)(51 2)(52 5)(53 5)(54 4)(55 7)(57 2)(58 5)(59 2)(60 1)(61 3)(62 4)(63 6)(64 9)(65 13)(66 17)(67 9)(68 8)(69 6)(70 10)(71 7)(72 6)(73 7)(74 5)(75 2)(76 1)(78 2)(80 1)(82 1)(83 1)(86 1)(88 2)(89 1)(90 1)(92 1)(93 1)(95 1)(96 1)(97 2)(98 2)(99 1)(100 1)(104 1)(105 1)(108 1)(110 1)(111 2)(112 1)(115 1)(116 2)(146 1)
