NUMBER OF AREAS : 3
---area label--- : 1
area size : 8
mean x : 118.50
mean y : 95.00
mean E_x^2 : 0.75
mean E_y^2 : 0.75
mean E_xy^2 : 0.38
theta : 0.79
average greyscal : 82.12
average RGB [89.12,76.25,81.38]
(66 2)(73 1)(75 1)(89 1)(94 1)(96 1)(98 1)
---area label--- : 2
area size : 5
mean x : 126.00
mean y : 102.00
mean E_x^2 : 0.40
mean E_y^2 : 0.80
mean E_xy^2 : 0.40
theta : -0.51
average greyscal : 76.20
average RGB [91.40,71.00,67.20]
(55 1)(59 1)(65 1)(96 1)(106 1)
---area label--- : 3
area size : 535
mean x : 139.89
mean y : 120.18
mean E_x^2 : 140.47
mean E_y^2 : 54.69
mean E_xy^2 : 74.90
theta : 0.78
average greyscal : 51.31
average RGB [42.31,50.98,61.51]
(0 3)(1 3)(2 3)(3 4)(4 5)(5 3)(6 1)(7 2)(8 1)(9 1)(10 1)(11 6)(12 6)(13 1)(14 1)(15 6)(16 1)(17 2)(18 5)(19 2)(20 3)(21 2)(22 9)(23 9)(24 7)(25 9)(26 5)(27 7)(28 2)(29 12)(30 11)(31 15)(32 12)(33 13)(34 8)(35 7)(36 9)(37 13)(38 9)(39 7)(40 10)(41 5)(42 8)(43 5)(44 3)(45 6)(46 7)(47 7)(48 9)(49 2)(50 5)(51 5)(52 8)(53 11)(54 5)(55 6)(56 6)(57 8)(58 5)(59 4)(60 6)(61 6)(62 5)(63 5)(64 5)(65 4)(66 5)(67 5)(68 5)(69 1)(70 4)(71 8)(72 3)(73 5)(74 5)(75 2)(76 7)(77 4)(78 7)(79 7)(80 3)(81 2)(82 4)(83 3)(84 2)(85 4)(87 2)(89 2)(90 2)(91 2)(92 3)(94 2)(95 6)(96 2)(97 7)(98 1)(99 3)(100 3)(101 1)(102 4)(103 3)(104 2)(107 1)(109 2)(110 1)(111 1)(115 1)(123 1)(124 3)(125 2)(127 1)(129 1)(136 1)(137 1)(140 1)(145 1)(151 1)(159 2)(177 1)
