NUMBER OF AREAS : 5
---area label--- : 1
area size : 56
mean x : 81.61
mean y : 80.84
mean E_x^2 : 4.63
mean E_y^2 : 6.13
mean E_xy^2 : 2.42
theta : -0.77
average greyscal : 36.61
average RGB [37.55,35.30,38.00]
(0 1)(2 1)(3 3)(5 2)(6 2)(7 2)(9 1)(10 3)(11 2)(13 1)(14 1)(15 1)(17 1)(18 1)(19 1)(21 1)(22 2)(23 3)(26 1)(27 1)(30 1)(32 1)(33 1)(42 2)(43 1)(44 1)(47 2)(50 1)(52 1)(54 2)(60 1)(68 1)(71 1)(76 1)(78 1)(94 1)(95 1)(96 1)(105 1)(111 1)(114 1)(121 1)
---area label--- : 2
area size : 5
mean x : 138.00
mean y : 84.00
mean E_x^2 : 0.40
mean E_y^2 : 0.80
mean E_xy^2 : 0.40
theta : -0.51
average greyscal : 60.60
average RGB [74.00,51.20,57.80]
(42 1)(44 1)(66 1)(67 1)(84 1)
---area label--- : 3
area size : 5
mean x : 143.00
mean y : 89.00
mean E_x^2 : 0.40
mean E_y^2 : 0.80
mean E_xy^2 : 0.40
theta : -0.51
average greyscal : 91.40
average RGB [98.60,85.80,90.60]
(74 1)(80 1)(91 1)(101 1)(111 1)
---area label--- : 4
area size : 613
mean x : 157.54
mean y : 112.30
mean E_x^2 : 145.78
mean E_y^2 : 64.26
mean E_xy^2 : 82.07
theta : 0.78
average greyscal : 51.17
average RGB [42.38,51.24,60.85]
(0 1)(1 2)(2 2)(3 2)(5 4)(6 1)(7 4)(9 2)(10 2)(11 1)(12 3)(13 2)(14 2)(15 1)(16 1)(17 8)(18 2)(19 4)(20 10)(21 7)(22 4)(23 4)(24 5)(25 5)(26 15)(27 9)(28 13)(29 17)(30 8)(31 11)(32 17)(33 15)(34 14)(35 8)(36 8)(37 6)(38 11)(39 15)(40 11)(41 6)(42 12)(43 10)(44 12)(45 6)(46 15)(47 8)(48 4)(49 9)(50 10)(51 6)(52 14)(53 8)(54 7)(55 4)(56 8)(57 9)(58 7)(59 10)(60 5)(61 9)(62 5)(63 8)(64 1)(65 8)(66 4)(67 5)(68 9)(69 3)(70 5)(71 10)(72 4)(73 2)(74 7)(75 1)(76 2)(77 5)(78 3)(79 1)(80 6)(81 5)(82 4)(83 4)(84 7)(85 4)(86 1)(87 3)(88 3)(89 6)(91 5)(92 3)(93 2)(94 1)(95 1)(97 1)(98 2)(100 1)(102 2)(103 2)(104 1)(108 3)(109 1)(110 2)(113 1)(115 1)(116 2)(120 1)(121 2)(122 4)(124 2)(132 1)(136 1)(140 2)(141 1)(148 1)(152 1)(154 1)(158 1)(177 1)(178 1)
---area label--- : 5
area size : 10
mean x : 132.00
mean y : 105.50
mean E_x^2 : 1.40
mean E_y^2 : 1.05
mean E_xy^2 : 0.90
theta : 0.73
average greyscal : 85.30
average RGB [95.20,80.70,80.40]
(47 1)(53 1)(70 1)(73 1)(91 1)(95 1)(101 2)(104 1)(118 1)
