NUMBER OF AREAS : 4
---area label--- : 1
area size : 5
mean x : 121.00
mean y : 96.00
mean E_x^2 : 0.40
mean E_y^2 : 0.80
mean E_xy^2 : 0.40
theta : -0.51
average greyscal : 68.60
average RGB [77.40,62.40,67.60]
(58 1)(63 1)(68 1)(71 1)(83 1)
---area label--- : 2
area size : 554
mean x : 139.33
mean y : 119.45
mean E_x^2 : 141.35
mean E_y^2 : 57.58
mean E_xy^2 : 76.82
theta : 0.78
average greyscal : 52.43
average RGB [45.10,50.53,62.63]
(0 2)(1 2)(2 4)(3 2)(4 1)(5 3)(6 2)(7 3)(8 3)(9 2)(10 3)(11 5)(12 2)(13 1)(14 4)(15 4)(16 4)(17 3)(18 6)(19 1)(20 8)(21 5)(22 6)(23 7)(24 9)(25 8)(26 9)(27 11)(28 6)(29 10)(30 14)(31 10)(32 10)(33 10)(34 4)(35 8)(36 6)(37 13)(38 5)(39 11)(40 9)(41 5)(42 7)(43 6)(44 6)(45 5)(46 10)(47 11)(48 6)(49 5)(50 4)(51 6)(52 7)(53 5)(54 3)(55 6)(56 7)(57 3)(58 10)(59 6)(60 3)(61 10)(62 7)(63 3)(64 5)(65 3)(66 8)(67 3)(68 4)(69 9)(70 6)(71 5)(72 7)(73 7)(74 4)(75 4)(76 8)(77 2)(78 2)(79 3)(80 2)(81 1)(83 5)(84 2)(85 3)(86 3)(87 2)(88 1)(89 4)(90 4)(91 3)(92 4)(93 2)(94 1)(95 2)(96 4)(97 4)(98 2)(99 3)(100 2)(101 4)(102 3)(103 2)(105 2)(106 1)(107 1)(109 2)(110 2)(112 3)(113 3)(114 1)(115 2)(117 3)(120 1)(125 1)(127 1)(133 1)(135 2)(142 1)(143 1)(147 1)(150 1)(152 1)(159 1)(171 1)(172 1)
---area label--- : 3
area size : 5
mean x : 106.00
mean y : 112.00
mean E_x^2 : 0.40
mean E_y^2 : 0.80
mean E_xy^2 : 0.40
theta : -0.51
average greyscal : 65.80
average RGB [70.20,64.80,62.80]
(15 1)(44 1)(81 1)(82 1)(107 1)
---area label--- : 4
area size : 8
mean x : 113.50
mean y : 114.00
mean E_x^2 : 0.75
mean E_y^2 : 0.75
mean E_xy^2 : 0.38
theta : 0.79
average greyscal : 83.88
average RGB [93.12,82.38,77.00]
(64 1)(66 1)(75 1)(80 1)(93 1)(96 2)(101 1)
