NUMBER OF AREAS : 4
---area label--- : 1
area size : 13
mean x : 80.77
mean y : 76.00
mean E_x^2 : 1.41
mean E_y^2 : 1.69
mean E_xy^2 : 1.15
theta : -0.76
average greyscal : 20.23
average RGB [23.77,18.85,19.54]
(10 1)(13 1)(16 1)(17 2)(18 1)(21 1)(23 3)(24 2)(34 1)
---area label--- : 2
area size : 5
mean x : 138.00
mean y : 84.00
mean E_x^2 : 0.40
mean E_y^2 : 0.80
mean E_xy^2 : 0.40
theta : -0.51
average greyscal : 59.40
average RGB [65.60,55.40,57.60]
(26 1)(48 1)(54 1)(65 1)(104 1)
---area label--- : 3
area size : 5
mean x : 144.00
mean y : 91.00
mean E_x^2 : 0.40
mean E_y^2 : 0.80
mean E_xy^2 : 0.40
theta : -0.51
average greyscal : 96.20
average RGB [100.00,93.60,96.20]
(82 1)(87 1)(88 1)(108 1)(116 1)
---area label--- : 4
area size : 628
mean x : 156.71
mean y : 112.39
mean E_x^2 : 155.67
mean E_y^2 : 62.52
mean E_xy^2 : 82.72
theta : 0.78
average greyscal : 52.64
average RGB [45.55,51.05,62.45]
(2 3)(4 3)(5 1)(6 4)(7 1)(8 4)(9 2)(10 2)(11 2)(12 1)(13 5)(14 1)(15 7)(17 3)(18 7)(19 3)(21 5)(22 3)(23 6)(24 6)(25 7)(26 14)(27 10)(28 18)(29 8)(30 18)(31 17)(32 13)(33 12)(34 11)(35 8)(36 8)(37 8)(38 6)(39 10)(40 11)(41 7)(42 8)(43 5)(44 11)(45 9)(46 7)(47 6)(48 9)(49 13)(50 9)(51 8)(52 6)(53 8)(54 8)(55 6)(56 10)(57 7)(58 8)(59 9)(60 7)(61 8)(62 14)(63 7)(64 7)(65 8)(66 6)(67 6)(68 4)(69 6)(70 7)(71 7)(72 6)(73 5)(74 7)(75 5)(76 4)(77 3)(78 3)(79 6)(80 5)(81 1)(82 7)(83 5)(84 3)(85 6)(86 4)(87 6)(88 7)(89 4)(90 3)(92 2)(93 1)(94 2)(95 1)(96 1)(97 2)(98 2)(99 1)(100 3)(101 1)(102 1)(103 1)(105 1)(106 3)(107 2)(108 1)(109 1)(110 1)(111 1)(113 1)(114 1)(116 4)(119 2)(124 1)(128 1)(129 1)(131 1)(139 1)(141 1)(144 1)(151 1)(155 1)(161 1)(168 1)(169 1)(176 1)
