NUMBER OF AREAS : 3
---area label--- : 1
area size : 75
mean x : 86.59
mean y : 74.57
mean E_x^2 : 12.30
mean E_y^2 : 9.63
mean E_xy^2 : 4.26
theta : 0.78
average greyscal : 24.79
average RGB [22.59,25.41,27.36]
(0 1)(1 2)(3 1)(4 1)(5 1)(6 1)(8 1)(10 3)(11 1)(13 3)(14 4)(15 4)(16 1)(17 3)(18 5)(19 2)(21 3)(22 1)(23 6)(24 2)(25 1)(26 3)(27 3)(28 2)(29 1)(30 2)(31 1)(32 2)(34 1)(36 1)(37 1)(41 1)(42 1)(47 1)(51 1)(54 1)(56 1)(59 1)(60 2)(62 1)(106 1)
---area label--- : 2
area size : 219
mean x : 145.71
mean y : 161.36
mean E_x^2 : 14.98
mean E_y^2 : 23.74
mean E_xy^2 : -4.20
theta : -0.78
average greyscal : 63.37
average RGB [65.53,61.24,64.28]
(3 1)(7 1)(12 1)(21 1)(25 1)(26 1)(28 1)(33 2)(34 1)(35 2)(37 2)(39 2)(40 4)(41 3)(42 2)(43 1)(44 1)(45 2)(46 5)(47 5)(48 7)(49 1)(50 4)(51 2)(52 5)(53 1)(54 6)(55 2)(56 2)(57 2)(58 7)(59 6)(60 6)(61 5)(62 4)(63 3)(64 5)(65 9)(66 15)(67 9)(68 12)(69 7)(70 6)(71 6)(72 7)(73 8)(74 2)(75 2)(76 1)(77 1)(78 1)(81 1)(83 2)(84 2)(85 1)(88 1)(89 1)(91 1)(94 1)(96 1)(102 2)(103 2)(104 2)(105 1)(108 1)(109 1)(110 1)(119 1)(121 3)(152 1)
---area label--- : 3
area size : 5
mean x : 89.00
mean y : 249.00
mean E_x^2 : 0.40
mean E_y^2 : 0.80
mean E_xy^2 : 0.40
theta : -0.51
average greyscal : 31.00
average RGB [48.80,20.80,25.00]
(12 1)(20 2)(39 1)(64 1)
