NUMBER OF AREAS : 3
---area label--- : 1
area size : 232
mean x : 86.26
mean y : 125.49
mean E_x^2 : 61.06
mean E_y^2 : 18.28
mean E_xy^2 : 27.16
theta : 0.78
average greyscal : 42.69
average RGB [49.54,38.16,41.24]
(0 4)(1 1)(3 3)(4 5)(5 1)(6 4)(7 1)(8 2)(9 2)(10 1)(11 3)(12 2)(14 3)(15 1)(16 1)(17 1)(18 2)(20 3)(21 2)(22 3)(23 3)(24 3)(25 5)(26 3)(27 7)(28 5)(29 4)(30 7)(31 4)(32 7)(33 9)(34 4)(35 5)(36 7)(37 2)(38 4)(39 1)(40 3)(41 3)(42 1)(43 1)(44 5)(45 4)(46 3)(48 6)(49 6)(50 5)(51 4)(52 3)(53 1)(54 3)(55 2)(56 4)(57 3)(59 1)(60 2)(61 3)(63 3)(64 1)(65 1)(66 2)(68 1)(69 3)(70 1)(71 1)(72 1)(74 2)(75 1)(76 1)(77 1)(80 3)(81 2)(83 2)(84 1)(87 1)(91 1)(92 1)(103 1)(104 2)(106 1)(109 1)(110 2)(111 2)(114 1)(115 2)(118 1)(166 1)
---area label--- : 2
area size : 225
mean x : 145.84
mean y : 161.24
mean E_x^2 : 15.71
mean E_y^2 : 23.97
mean E_xy^2 : -4.81
theta : -0.78
average greyscal : 63.48
average RGB [65.34,62.56,63.53]
(7 1)(8 1)(15 1)(21 1)(25 1)(26 1)(34 2)(35 3)(38 4)(40 2)(41 1)(42 3)(43 2)(44 5)(45 5)(46 4)(47 10)(48 6)(49 2)(50 4)(51 4)(52 4)(53 1)(54 4)(55 2)(56 4)(57 3)(58 1)(59 1)(60 4)(61 4)(62 8)(63 8)(64 6)(65 14)(66 8)(67 10)(68 9)(69 3)(70 5)(71 6)(72 8)(73 4)(74 4)(75 3)(76 3)(77 2)(78 2)(79 1)(80 2)(81 2)(82 1)(83 1)(84 1)(85 1)(88 1)(91 1)(92 2)(94 1)(95 1)(97 1)(98 1)(100 1)(102 2)(104 2)(105 2)(108 1)(112 1)(114 1)(116 1)(117 1)(118 1)(147 1)
---area label--- : 3
area size : 5
mean x : 89.00
mean y : 249.00
mean E_x^2 : 0.40
mean E_y^2 : 0.80
mean E_xy^2 : 0.40
theta : -0.51
average greyscal : 36.20
average RGB [44.40,33.00,32.40]
(4 1)(15 1)(45 1)(56 1)(61 1)
