NUMBER OF AREAS : 2
---area label--- : 1
area size : 221
mean x : 145.77
mean y : 161.25
mean E_x^2 : 15.20
mean E_y^2 : 24.35
mean E_xy^2 : -4.87
theta : -0.78
average greyscal : 64.37
average RGB [67.65,60.90,65.33]
(2 1)(4 1)(26 2)(28 1)(30 1)(37 3)(38 1)(39 1)(40 1)(41 1)(42 1)(43 2)(44 3)(46 2)(47 6)(48 7)(49 4)(50 3)(51 4)(52 5)(53 3)(54 5)(55 3)(56 6)(57 1)(58 2)(59 3)(60 5)(61 5)(62 11)(63 9)(64 10)(65 7)(66 8)(67 7)(68 8)(69 15)(70 5)(71 9)(72 5)(73 5)(74 3)(75 3)(76 2)(77 3)(78 1)(79 2)(80 1)(81 1)(83 1)(84 1)(86 1)(87 2)(88 2)(92 1)(96 2)(97 2)(98 1)(102 1)(103 2)(108 1)(109 1)(110 1)(113 1)(115 1)(118 1)(154 1)
---area label--- : 2
area size : 5
mean x : 89.00
mean y : 249.00
mean E_x^2 : 0.40
mean E_y^2 : 0.80
mean E_xy^2 : 0.40
theta : -0.51
average greyscal : 32.40
average RGB [44.40,33.20,20.20]
(15 1)(18 1)(19 1)(34 1)(76 1)
