NUMBER OF AREAS : 2
---area label--- : 1
area size : 230
mean x : 145.80
mean y : 161.29
mean E_x^2 : 16.14
mean E_y^2 : 24.32
mean E_xy^2 : -4.62
theta : -0.78
average greyscal : 64.07
average RGB [67.06,61.05,64.84]
(7 1)(15 1)(17 1)(26 1)(33 1)(35 2)(36 1)(37 2)(38 2)(39 2)(40 2)(41 3)(42 3)(43 1)(44 1)(45 5)(46 1)(47 6)(48 6)(49 4)(50 3)(51 6)(52 6)(53 4)(54 5)(55 5)(56 7)(57 4)(58 2)(59 2)(60 3)(61 5)(62 9)(63 7)(64 11)(65 4)(66 13)(67 7)(68 12)(69 6)(70 6)(71 7)(72 3)(73 3)(74 4)(75 3)(76 5)(79 1)(80 1)(81 1)(85 1)(86 1)(87 2)(88 1)(90 1)(91 1)(95 2)(96 2)(97 2)(98 1)(99 1)(101 2)(102 2)(103 1)(106 1)(109 1)(110 1)(111 1)(116 1)(117 1)(125 1)(140 1)(144 1)
---area label--- : 2
area size : 432
mean x : 125.70
mean y : 186.07
mean E_x^2 : 93.13
mean E_y^2 : 26.50
mean E_xy^2 : 30.86
theta : 0.78
average greyscal : 72.33
average RGB [81.18,65.42,71.45]
(2 6)(3 2)(4 2)(5 2)(6 1)(7 1)(8 3)(9 2)(10 2)(11 1)(13 1)(14 1)(15 2)(16 3)(17 2)(18 2)(19 3)(21 4)(22 1)(23 3)(24 4)(25 2)(26 1)(27 2)(28 5)(29 4)(30 3)(31 6)(32 8)(33 5)(34 9)(35 7)(36 3)(37 5)(38 8)(39 5)(40 6)(41 6)(42 3)(43 3)(44 9)(45 13)(46 4)(47 6)(48 5)(49 6)(50 6)(51 3)(52 4)(53 1)(54 7)(55 1)(56 6)(57 7)(58 5)(59 3)(60 3)(61 2)(62 4)(63 2)(64 5)(65 3)(66 5)(67 6)(68 5)(69 2)(70 4)(71 4)(72 4)(73 1)(74 4)(75 2)(76 2)(77 1)(78 4)(79 3)(80 4)(81 1)(82 5)(84 3)(85 2)(86 2)(87 3)(88 1)(89 2)(90 3)(92 2)(94 2)(95 3)(96 1)(97 1)(98 3)(100 3)(101 3)(102 1)(103 1)(104 1)(105 2)(106 1)(110 2)(111 4)(112 1)(113 1)(114 1)(115 1)(116 1)(117 2)(118 1)(119 1)(120 2)(121 1)(122 1)(123 2)(124 1)(125 1)(126 3)(128 4)(129 1)(130 1)(132 1)(134 1)(135 1)(136 1)(137 1)(138 2)(140 3)(143 4)(144 1)(145 1)(146 2)(148 1)(149 1)(150 1)(152 1)(155 2)(158 1)(164 1)(170 2)(171 1)(172 1)(173 1)(174 1)(176 3)(177 2)(181 1)(183 2)(188 2)(189 2)(190 1)(194 1)(195 1)(199 1)(200 1)(208 1)(211 1)(212 1)(214 1)(216 1)(217 1)(219 1)(234 1)(241 1)(252 1)
