NUMBER OF AREAS : 1
---area label--- : 1
area size : 497
mean x : 140.59
mean y : 119.19
mean E_x^2 : 141.64
mean E_y^2 : 45.78
mean E_xy^2 : 67.24
theta : 0.78
average greyscal : 56.98
average RGB [50.29,55.18,66.49]
(0 4)(1 3)(2 1)(3 3)(4 3)(5 1)(6 3)(8 6)(11 3)(12 2)(13 4)(14 1)(16 1)(17 3)(18 1)(19 4)(20 6)(21 3)(22 5)(23 5)(24 9)(25 9)(26 9)(27 6)(28 6)(29 6)(30 5)(31 6)(32 14)(33 9)(34 8)(35 7)(36 5)(37 8)(38 3)(39 8)(40 11)(41 7)(42 6)(43 2)(44 4)(45 7)(46 4)(47 2)(48 6)(49 3)(50 7)(51 5)(52 3)(53 5)(54 6)(55 5)(56 3)(57 10)(58 5)(59 6)(60 5)(61 9)(62 1)(63 4)(64 2)(65 7)(66 14)(67 7)(68 10)(69 8)(70 3)(71 4)(72 7)(73 3)(74 3)(75 5)(76 2)(77 2)(78 2)(79 3)(80 1)(81 2)(82 5)(83 1)(84 4)(85 6)(86 5)(87 6)(88 5)(89 3)(90 2)(91 4)(92 2)(93 1)(94 1)(95 3)(96 1)(97 2)(98 3)(99 1)(100 2)(101 1)(102 2)(103 7)(104 1)(105 1)(106 1)(107 2)(108 1)(109 1)(112 1)(113 1)(115 1)(116 2)(117 2)(118 2)(120 1)(125 1)(126 1)(131 1)(132 1)(134 2)(142 1)(148 1)(153 2)(155 2)(158 1)(159 1)(160 1)(169 1)(176 1)(179 1)(183 1)(185 1)(188 1)(189 1)
