NUMBER OF AREAS : 3
---area label--- : 1
area size : 316
mean x : 92.12
mean y : 137.70
mean E_x^2 : 75.27
mean E_y^2 : 26.63
mean E_xy^2 : 35.33
theta : 0.78
average greyscal : 51.31
average RGB [57.24,46.71,50.97]
(0 3)(1 6)(2 4)(3 1)(4 7)(5 4)(6 6)(7 1)(8 1)(9 6)(10 2)(11 2)(12 5)(14 1)(15 1)(16 3)(17 2)(18 7)(19 2)(21 4)(22 5)(23 4)(24 4)(25 10)(26 4)(27 1)(28 3)(29 3)(30 8)(31 6)(32 13)(33 5)(34 8)(35 2)(36 2)(37 3)(38 7)(39 1)(40 4)(41 5)(42 2)(43 5)(44 2)(45 3)(46 7)(47 5)(48 4)(49 3)(50 4)(52 1)(53 2)(54 1)(55 1)(56 1)(57 3)(58 3)(59 3)(60 2)(61 8)(62 2)(63 1)(64 5)(65 5)(66 2)(67 6)(68 4)(69 1)(71 2)(72 1)(73 2)(74 1)(76 1)(77 1)(85 2)(88 3)(90 2)(91 2)(94 1)(96 2)(100 1)(102 2)(105 1)(106 1)(108 1)(110 3)(111 1)(112 1)(113 2)(114 1)(116 1)(117 1)(120 1)(124 2)(126 5)(127 1)(131 1)(137 1)(138 1)(144 1)(152 1)(154 1)(160 1)(166 1)(169 1)(174 1)(176 2)(178 1)(179 1)(184 2)(193 1)(198 1)(218 1)
---area label--- : 2
area size : 217
mean x : 145.65
mean y : 161.38
mean E_x^2 : 14.63
mean E_y^2 : 23.92
mean E_xy^2 : -4.11
theta : -0.78
average greyscal : 62.83
average RGB [65.48,60.82,63.08]
(0 1)(8 1)(14 1)(21 1)(28 1)(31 1)(34 1)(35 1)(36 1)(37 2)(38 2)(39 1)(41 2)(43 1)(44 3)(45 5)(46 10)(47 6)(48 3)(49 4)(50 3)(51 6)(52 6)(53 1)(54 4)(55 4)(56 3)(57 4)(58 3)(59 7)(60 4)(61 2)(62 4)(63 8)(64 8)(65 10)(66 8)(67 10)(68 8)(69 4)(70 5)(71 6)(72 4)(73 6)(74 7)(75 4)(76 3)(77 2)(78 1)(79 2)(81 1)(82 1)(83 1)(86 3)(89 1)(91 1)(92 1)(94 1)(98 1)(99 1)(101 1)(103 1)(105 1)(107 1)(110 1)(112 1)(115 1)(117 1)(120 1)(145 1)
---area label--- : 3
area size : 5
mean x : 89.00
mean y : 249.00
mean E_x^2 : 0.40
mean E_y^2 : 0.80
mean E_xy^2 : 0.40
theta : -0.51
average greyscal : 36.40
average RGB [45.00,42.80,22.20]
(1 1)(26 1)(34 1)(48 1)(73 1)
