NUMBER OF AREAS : 3
---area label--- : 1
area size : 149
mean x : 81.03
mean y : 95.82
mean E_x^2 : 49.50
mean E_y^2 : 20.83
mean E_xy^2 : 29.38
theta : 0.78
average greyscal : 34.38
average RGB [39.10,30.41,34.81]
(0 1)(1 2)(2 2)(4 4)(6 3)(9 2)(10 2)(11 3)(14 1)(15 1)(16 1)(17 4)(18 1)(19 3)(20 4)(21 1)(22 4)(23 5)(24 4)(25 5)(26 5)(27 1)(29 2)(30 6)(31 3)(32 1)(33 6)(34 4)(35 2)(36 3)(37 3)(39 1)(40 6)(41 3)(42 5)(43 3)(44 2)(45 3)(46 5)(47 2)(48 2)(50 3)(52 3)(53 3)(54 4)(55 1)(56 1)(57 1)(60 3)(63 2)(68 1)(76 1)(78 1)(87 1)(99 1)(100 1)(109 1)
---area label--- : 2
area size : 222
mean x : 145.77
mean y : 161.21
mean E_x^2 : 15.57
mean E_y^2 : 23.93
mean E_xy^2 : -4.94
theta : -0.78
average greyscal : 63.86
average RGB [66.07,62.45,64.18]
(1 1)(7 1)(11 1)(18 1)(25 1)(28 1)(30 1)(37 2)(39 2)(40 2)(41 3)(42 1)(43 2)(44 4)(45 3)(46 5)(47 3)(48 6)(49 2)(50 10)(51 4)(52 3)(53 2)(54 8)(55 1)(56 2)(57 3)(58 7)(59 6)(60 3)(61 7)(62 3)(63 4)(64 9)(65 11)(66 16)(67 8)(68 3)(69 9)(70 9)(71 3)(72 5)(73 6)(74 2)(75 4)(76 2)(77 1)(78 1)(81 2)(83 2)(86 1)(87 1)(90 3)(93 1)(99 3)(100 2)(103 1)(109 2)(110 2)(111 2)(112 1)(113 1)(115 2)(133 1)(149 1)
---area label--- : 3
area size : 5
mean x : 89.00
mean y : 249.00
mean E_x^2 : 0.40
mean E_y^2 : 0.80
mean E_xy^2 : 0.40
theta : -0.51
average greyscal : 26.80
average RGB [34.20,33.80,13.80]
(8 1)(17 1)(19 1)(37 1)(53 1)
