NUMBER OF AREAS : 3
---area label--- : 1
area size : 230
mean x : 145.41
mean y : 161.37
mean E_x^2 : 17.95
mean E_y^2 : 23.93
mean E_xy^2 : -5.74
theta : -0.78
average greyscal : 63.75
average RGB [65.52,61.29,65.21]
(3 1)(7 1)(12 1)(16 1)(18 1)(25 1)(29 1)(33 1)(34 2)(35 1)(36 2)(37 1)(38 3)(39 1)(40 2)(42 1)(43 3)(44 2)(45 2)(46 3)(47 7)(48 8)(49 6)(50 4)(51 2)(52 4)(53 5)(54 4)(55 5)(56 3)(57 1)(58 1)(59 8)(60 5)(61 6)(62 6)(63 9)(64 3)(65 9)(66 16)(67 8)(68 9)(69 5)(70 3)(71 10)(72 3)(73 4)(74 3)(75 2)(76 5)(77 1)(78 2)(79 1)(80 1)(82 3)(85 1)(86 1)(88 3)(89 1)(90 1)(93 1)(97 3)(98 1)(100 3)(101 1)(103 1)(106 1)(111 1)(113 1)(114 1)(115 1)(125 1)(128 1)(130 1)(131 1)(137 1)
---area label--- : 2
area size : 469
mean x : 118.84
mean y : 176.45
mean E_x^2 : 137.49
mean E_y^2 : 35.45
mean E_xy^2 : 55.75
theta : 0.78
average greyscal : 57.22
average RGB [62.25,52.83,57.70]
(0 5)(1 2)(2 3)(3 2)(4 2)(5 4)(6 4)(7 6)(8 6)(9 2)(10 2)(11 3)(12 3)(13 4)(14 1)(15 1)(16 2)(17 1)(18 2)(19 2)(20 4)(21 1)(22 3)(23 2)(24 4)(25 2)(26 5)(27 2)(28 7)(29 2)(30 2)(31 4)(32 10)(33 5)(34 11)(35 5)(36 9)(37 11)(38 11)(39 11)(40 13)(41 8)(42 10)(43 3)(44 12)(45 7)(46 5)(47 14)(48 16)(49 4)(50 2)(51 5)(52 1)(53 4)(54 2)(55 7)(56 1)(57 3)(58 4)(59 3)(60 7)(61 5)(62 3)(63 1)(64 9)(65 4)(66 6)(67 4)(68 7)(69 5)(70 7)(71 5)(72 1)(73 3)(74 1)(75 5)(76 2)(77 2)(78 3)(80 1)(81 2)(82 2)(83 3)(84 4)(86 1)(88 1)(89 2)(90 3)(91 1)(92 2)(94 2)(95 4)(96 1)(97 1)(98 1)(100 1)(101 1)(102 3)(103 4)(104 1)(105 1)(107 1)(108 2)(109 3)(111 2)(113 1)(114 1)(115 1)(117 1)(118 2)(119 1)(121 1)(122 1)(124 1)(125 2)(126 1)(127 2)(128 1)(129 2)(130 1)(131 3)(133 1)(134 1)(135 2)(143 1)(149 1)(155 2)(157 1)(161 3)(162 1)(164 2)(166 1)(167 1)(174 2)(175 1)(177 1)(178 1)(184 1)(191 1)(194 1)
---area label--- : 3
area size : 5
mean x : 89.00
mean y : 249.00
mean E_x^2 : 0.40
mean E_y^2 : 0.80
mean E_xy^2 : 0.40
theta : -0.51
average greyscal : 35.40
average RGB [49.40,40.40,17.80]
(0 1)(30 1)(38 1)(46 1)(63 1)
