NUMBER OF AREAS : 2
---area label--- : 1
area size : 34
mean x : 86.26
mean y : 77.94
mean E_x^2 : 8.08
mean E_y^2 : 4.58
mean E_xy^2 : 5.31
theta : 0.76
average greyscal : 29.41
average RGB [28.59,29.74,30.82]
(0 1)(5 1)(6 1)(9 1)(13 1)(14 3)(15 1)(16 1)(17 2)(19 1)(20 1)(21 1)(23 1)(24 1)(25 1)(28 1)(30 1)(32 1)(33 1)(34 1)(37 2)(38 1)(42 1)(53 2)(54 1)(55 1)(61 1)(68 1)(73 1)
---area label--- : 2
area size : 216
mean x : 282.75
mean y : 278.98
mean E_x^2 : 64.83
mean E_y^2 : 21.89
mean E_xy^2 : -24.63
theta : 0.78
average greyscal : 34.09
average RGB [27.13,34.26,42.06]
(13 2)(14 1)(15 1)(16 2)(17 3)(18 5)(19 3)(20 5)(21 5)(22 4)(23 12)(24 12)(25 11)(26 14)(27 15)(28 3)(29 5)(30 5)(31 4)(32 7)(33 7)(34 7)(35 2)(36 4)(37 6)(38 1)(39 7)(40 6)(41 2)(42 6)(43 3)(44 3)(45 4)(46 3)(47 1)(48 4)(49 2)(50 5)(53 5)(54 1)(55 4)(56 1)(58 2)(59 2)(60 2)(62 1)(64 1)(70 1)(75 2)(87 1)(113 1)
