NUMBER OF AREAS : 3
---area label--- : 1
area size : 21
mean x : 90.43
mean y : 70.19
mean E_x^2 : 3.77
mean E_y^2 : 3.01
mean E_xy^2 : 2.87
theta : 0.77
average greyscal : 22.14
average RGB [25.19,18.05,24.19]
(7 1)(9 1)(11 3)(12 1)(15 1)(19 2)(20 1)(21 1)(24 1)(25 2)(26 1)(31 1)(33 1)(34 1)(35 1)(37 1)(40 1)
---area label--- : 2
area size : 222
mean x : 145.80
mean y : 161.24
mean E_x^2 : 15.37
mean E_y^2 : 24.27
mean E_xy^2 : -4.92
theta : -0.78
average greyscal : 64.08
average RGB [66.87,60.34,65.90]
(2 1)(3 1)(14 1)(22 1)(25 1)(29 1)(32 2)(35 1)(37 1)(38 1)(39 1)(40 1)(41 4)(42 1)(43 2)(44 1)(45 2)(46 5)(47 6)(48 3)(49 2)(50 6)(51 3)(52 4)(53 7)(54 6)(55 1)(56 4)(57 4)(58 2)(59 6)(60 5)(61 8)(62 4)(63 3)(64 6)(65 10)(66 10)(67 12)(68 9)(69 9)(70 3)(71 8)(72 6)(73 5)(74 3)(75 2)(76 4)(77 2)(78 4)(79 4)(81 1)(82 1)(84 1)(86 1)(89 1)(93 1)(95 1)(96 1)(97 1)(98 1)(101 1)(103 1)(106 1)(107 1)(110 2)(111 1)(112 2)(114 1)(117 1)(118 1)(153 1)
---area label--- : 3
area size : 5
mean x : 89.00
mean y : 249.00
mean E_x^2 : 0.40
mean E_y^2 : 0.80
mean E_xy^2 : 0.40
theta : -0.51
average greyscal : 35.40
average RGB [43.00,24.60,39.00]
(20 1)(21 1)(22 1)(36 1)(78 1)
