NUMBER OF AREAS : 1
---area label--- : 1
area size : 593
mean x : 174.52
mean y : 135.92
mean E_x^2 : 98.10
mean E_y^2 : 34.06
mean E_xy^2 : 27.54
theta : 0.78
average greyscal : 51.87
average RGB [46.45,50.88,59.31]
(2 3)(3 1)(4 3)(5 1)(6 4)(7 1)(9 3)(11 2)(13 1)(14 3)(15 2)(16 4)(17 1)(18 3)(19 3)(20 6)(21 10)(22 7)(23 6)(24 11)(25 8)(26 16)(27 7)(28 13)(29 16)(30 15)(31 13)(32 15)(33 10)(34 11)(35 8)(36 11)(37 2)(38 3)(39 14)(40 8)(41 9)(42 12)(43 8)(44 6)(45 5)(46 10)(47 8)(48 4)(49 12)(50 7)(51 7)(52 12)(53 13)(54 4)(55 5)(56 5)(57 10)(58 12)(59 8)(60 7)(61 6)(62 4)(63 2)(64 6)(65 7)(66 9)(67 4)(68 1)(69 3)(70 7)(71 6)(72 7)(73 6)(74 3)(75 4)(76 6)(77 5)(78 4)(79 1)(80 4)(81 4)(82 1)(83 1)(84 3)(85 3)(86 3)(87 5)(88 4)(89 4)(91 1)(92 5)(93 3)(94 4)(95 1)(96 2)(97 1)(99 1)(100 2)(101 1)(102 3)(103 4)(104 3)(105 2)(107 1)(108 2)(109 2)(110 4)(113 2)(114 1)(115 1)(118 1)(126 2)(128 1)(132 1)(134 1)(135 1)(136 1)(137 1)(142 1)(148 1)(154 1)(164 1)(165 2)
