NUMBER OF AREAS : 3
---area label--- : 1
area size : 26
mean x : 81.73
mean y : 78.27
mean E_x^2 : 4.81
mean E_y^2 : 2.04
mean E_xy^2 : 2.15
theta : 0.72
average greyscal : 23.81
average RGB [22.23,23.92,26.23]
(0 1)(6 1)(9 1)(10 3)(13 1)(19 1)(20 1)(21 2)(23 3)(24 1)(26 1)(27 1)(28 3)(30 1)(33 1)(38 1)(46 1)(49 1)(54 1)
---area label--- : 2
area size : 5
mean x : 138.00
mean y : 84.00
mean E_x^2 : 0.40
mean E_y^2 : 0.80
mean E_xy^2 : 0.40
theta : -0.51
average greyscal : 56.20
average RGB [60.80,55.80,53.40]
(31 1)(38 1)(47 1)(57 1)(108 1)
---area label--- : 3
area size : 630
mean x : 156.71
mean y : 112.13
mean E_x^2 : 154.93
mean E_y^2 : 64.11
mean E_xy^2 : 83.23
theta : 0.78
average greyscal : 52.39
average RGB [44.10,51.76,62.26]
(1 1)(2 3)(3 1)(4 1)(5 1)(6 3)(7 1)(8 3)(9 2)(10 1)(11 3)(12 3)(13 7)(14 3)(15 3)(16 2)(17 4)(18 5)(19 2)(21 6)(22 2)(23 4)(24 6)(25 10)(26 5)(27 12)(28 12)(29 15)(30 14)(31 26)(32 16)(33 18)(34 11)(35 9)(36 6)(37 3)(38 9)(39 8)(40 12)(41 11)(42 9)(43 6)(44 3)(45 5)(46 3)(47 7)(48 15)(49 14)(50 12)(51 7)(52 5)(53 3)(54 13)(55 10)(56 3)(57 9)(58 11)(59 7)(60 7)(61 10)(62 7)(63 6)(64 9)(65 10)(66 10)(67 5)(68 9)(69 3)(70 8)(71 6)(72 2)(73 5)(74 8)(75 4)(76 6)(77 8)(78 4)(79 1)(80 4)(81 4)(82 3)(83 5)(84 5)(85 3)(86 3)(87 2)(88 6)(89 4)(90 1)(91 1)(92 4)(93 3)(94 1)(95 4)(96 4)(97 2)(98 2)(100 1)(101 3)(102 2)(103 1)(104 1)(106 1)(108 1)(109 1)(110 1)(112 1)(113 2)(114 1)(115 1)(116 1)(118 2)(121 1)(124 1)(125 1)(127 1)(128 1)(132 1)(133 1)(134 2)(145 1)(148 1)(154 1)(167 1)(175 1)(176 1)
