NUMBER OF AREAS : 1
---area label--- : 1
area size : 540
mean x : 129.01
mean y : 155.66
mean E_x^2 : 299.09
mean E_y^2 : 39.76
mean E_xy^2 : 85.32
theta : 0.78
average greyscal : 57.43
average RGB [62.97,53.68,56.75]
(0 6)(1 3)(2 2)(3 3)(4 6)(5 5)(6 6)(7 4)(8 3)(10 2)(12 1)(13 2)(14 4)(15 2)(16 3)(17 1)(18 2)(19 1)(20 3)(21 2)(22 3)(23 3)(24 3)(25 9)(26 13)(27 7)(28 4)(29 8)(30 10)(31 11)(32 16)(33 9)(34 4)(35 4)(36 6)(37 2)(38 6)(39 5)(40 3)(41 6)(42 4)(43 5)(44 4)(45 4)(46 9)(47 6)(48 5)(49 2)(50 7)(51 3)(52 5)(53 10)(54 4)(55 4)(56 5)(57 5)(58 7)(59 9)(60 3)(61 6)(62 7)(63 9)(64 13)(65 11)(66 13)(67 10)(68 7)(69 12)(70 11)(71 6)(72 8)(73 2)(74 6)(75 3)(76 7)(77 3)(80 1)(81 3)(82 2)(83 2)(84 2)(85 5)(86 1)(87 3)(88 2)(89 3)(90 3)(92 4)(93 3)(94 4)(95 4)(96 4)(98 2)(99 3)(100 1)(101 2)(102 1)(103 3)(104 2)(105 1)(106 2)(107 2)(108 4)(109 5)(110 3)(111 1)(113 3)(114 1)(117 1)(118 1)(120 3)(122 1)(125 1)(130 3)(131 1)(133 1)(134 1)(136 2)(137 1)(142 1)(143 1)(145 1)(150 2)(151 1)(154 1)(155 3)(156 1)(161 1)(170 1)(171 1)
