NUMBER OF AREAS : 5
---area label--- : 1
area size : 34
mean x : 81.76
mean y : 78.88
mean E_x^2 : 5.42
mean E_y^2 : 2.75
mean E_xy^2 : 2.56
theta : 0.74
average greyscal : 24.62
average RGB [26.18,24.29,24.32]
(11 2)(12 3)(14 1)(17 3)(18 2)(19 1)(20 1)(21 1)(23 2)(24 1)(26 3)(28 4)(29 3)(30 2)(32 1)(37 1)(38 1)(47 1)(57 1)
---area label--- : 2
area size : 5
mean x : 138.00
mean y : 84.00
mean E_x^2 : 0.40
mean E_y^2 : 0.80
mean E_xy^2 : 0.40
theta : -0.51
average greyscal : 60.20
average RGB [68.40,55.20,58.80]
(38 1)(47 2)(60 1)(109 1)
---area label--- : 3
area size : 5
mean x : 145.00
mean y : 92.00
mean E_x^2 : 0.40
mean E_y^2 : 0.80
mean E_xy^2 : 0.40
theta : -0.51
average greyscal : 91.00
average RGB [101.60,83.60,88.00]
(73 1)(94 2)(95 1)(99 1)
---area label--- : 4
area size : 632
mean x : 156.61
mean y : 112.10
mean E_x^2 : 160.13
mean E_y^2 : 63.06
mean E_xy^2 : 83.85
theta : 0.78
average greyscal : 52.13
average RGB [44.33,51.60,61.63]
(1 4)(3 3)(4 2)(5 3)(6 2)(7 1)(8 3)(9 3)(11 5)(12 2)(13 3)(14 3)(15 1)(16 2)(17 4)(18 4)(19 4)(20 3)(21 3)(22 5)(23 6)(24 5)(25 9)(26 9)(27 8)(28 8)(29 10)(30 17)(31 16)(32 16)(33 21)(34 12)(35 6)(36 14)(37 8)(38 11)(39 9)(40 12)(41 11)(42 9)(43 12)(44 5)(45 3)(46 9)(47 11)(48 13)(49 6)(50 5)(51 11)(52 8)(53 8)(54 9)(55 8)(56 11)(57 5)(58 9)(59 6)(60 12)(61 7)(62 6)(63 8)(64 10)(65 7)(66 4)(67 6)(68 8)(69 3)(70 4)(71 6)(72 3)(73 4)(74 5)(75 1)(76 6)(77 4)(78 7)(79 5)(80 2)(81 5)(82 4)(83 2)(84 4)(85 5)(86 4)(87 9)(88 3)(89 1)(90 2)(91 3)(92 2)(93 3)(94 3)(95 1)(96 2)(97 2)(98 2)(99 2)(100 2)(101 3)(102 2)(104 2)(105 2)(106 2)(110 1)(111 1)(112 4)(114 3)(116 1)(117 1)(118 1)(119 1)(121 1)(123 1)(126 2)(129 1)(132 1)(139 1)(140 1)(152 1)(153 1)(164 1)(177 1)(186 1)
---area label--- : 5
area size : 5
mean x : 123.00
mean y : 102.00
mean E_x^2 : 0.40
mean E_y^2 : 0.80
mean E_xy^2 : 0.40
theta : -0.51
average greyscal : 76.60
average RGB [84.60,72.60,72.80]
(33 1)(52 1)(81 1)(106 1)(111 1)
