NUMBER OF AREAS : 3
---area label--- : 1
area size : 174
mean x : 79.24
mean y : 97.56
mean E_x^2 : 51.89
mean E_y^2 : 25.53
mean E_xy^2 : 31.91
theta : 0.78
average greyscal : 40.18
average RGB [43.61,37.21,40.67]
(2 1)(5 1)(6 1)(7 1)(8 1)(9 2)(10 1)(11 1)(12 4)(13 2)(16 3)(17 2)(18 1)(19 6)(20 5)(21 2)(22 2)(23 6)(24 1)(25 3)(26 3)(27 2)(28 6)(29 4)(30 5)(31 6)(32 8)(33 6)(34 5)(35 9)(36 7)(37 1)(38 2)(39 4)(40 6)(42 2)(43 1)(44 4)(45 3)(46 3)(47 2)(48 2)(50 1)(54 1)(55 1)(61 4)(62 2)(63 1)(64 1)(65 1)(66 2)(67 1)(70 1)(74 1)(75 1)(78 1)(79 1)(81 1)(82 1)(83 1)(85 1)(86 1)(89 2)(92 1)(94 1)(95 1)(99 1)(103 1)(104 1)(110 1)(131 1)(138 1)(140 1)
---area label--- : 2
area size : 869
mean x : 210.72
mean y : 191.16
mean E_x^2 : 159.70
mean E_y^2 : 54.17
mean E_xy^2 : 48.10
theta : 0.78
average greyscal : 50.87
average RGB [41.64,50.33,61.65]
(0 4)(2 1)(3 4)(5 2)(6 1)(7 3)(9 2)(10 2)(11 2)(12 4)(13 3)(15 6)(16 3)(17 5)(18 6)(19 7)(20 7)(21 1)(22 9)(23 7)(24 12)(25 13)(26 14)(27 22)(28 15)(29 18)(30 21)(31 19)(32 23)(33 12)(34 19)(35 19)(36 17)(37 19)(38 11)(39 11)(40 15)(41 10)(42 11)(43 8)(44 7)(45 10)(46 3)(47 9)(48 15)(49 16)(50 12)(51 7)(52 14)(53 12)(54 10)(55 19)(56 17)(57 18)(58 15)(59 15)(60 10)(61 11)(62 10)(63 12)(64 13)(65 7)(66 12)(67 7)(68 8)(69 14)(70 8)(71 10)(72 16)(74 11)(75 4)(76 7)(77 8)(78 4)(79 1)(80 3)(81 5)(82 6)(83 8)(84 5)(85 3)(86 3)(87 5)(88 3)(89 5)(90 4)(91 4)(92 1)(93 2)(94 4)(95 4)(96 1)(97 3)(98 1)(100 2)(101 3)(102 2)(104 3)(105 3)(107 2)(108 1)(109 2)(110 3)(111 2)(112 3)(115 1)(116 1)(117 2)(118 1)(119 1)(124 1)(126 1)(146 1)(150 1)(163 1)(165 1)(173 1)
---area label--- : 3
area size : 8
mean x : 195.50
mean y : 204.00
mean E_x^2 : 0.75
mean E_y^2 : 0.75
mean E_xy^2 : 0.38
theta : 0.79
average greyscal : 125.50
average RGB [134.00,120.38,123.25]
(59 1)(76 1)(88 1)(127 1)(152 1)(158 1)(166 1)(178 1)
