NUMBER OF AREAS : 1
---area label--- : 1
area size : 479
mean x : 112.76
mean y : 136.57
mean E_x^2 : 98.99
mean E_y^2 : 27.28
mean E_xy^2 : 31.38
theta : 0.78
average greyscal : 63.60
average RGB [71.03,60.51,60.12]
(0 4)(3 5)(4 4)(5 6)(6 5)(7 1)(8 2)(10 1)(11 1)(12 2)(13 3)(14 3)(16 2)(17 4)(18 1)(19 3)(20 3)(21 2)(22 5)(23 4)(24 1)(25 4)(26 2)(27 4)(28 3)(29 4)(30 5)(31 4)(32 2)(33 4)(34 4)(35 6)(36 8)(37 2)(38 5)(39 4)(40 7)(41 3)(42 6)(43 4)(44 6)(45 9)(46 6)(47 3)(48 3)(49 10)(50 3)(51 6)(52 4)(53 6)(54 6)(55 10)(56 10)(57 6)(58 3)(60 1)(61 3)(62 11)(63 2)(64 8)(65 11)(66 3)(67 6)(68 7)(69 8)(70 11)(71 9)(72 12)(73 7)(74 11)(75 5)(76 4)(77 4)(78 5)(79 5)(80 5)(81 2)(82 2)(83 2)(84 4)(86 1)(87 1)(88 1)(92 1)(93 2)(95 2)(96 2)(97 4)(100 6)(101 2)(103 1)(104 2)(105 2)(106 2)(107 6)(108 2)(109 2)(110 2)(111 6)(113 2)(116 2)(117 3)(118 1)(119 2)(120 1)(121 1)(122 2)(124 1)(125 2)(128 1)(129 2)(130 1)(131 4)(133 2)(136 2)(137 1)(144 1)(145 2)(146 2)(148 1)(149 1)(151 2)(152 1)(153 1)(159 1)(160 2)(164 1)(172 1)(178 1)(186 1)(199 1)(201 1)
