NUMBER OF AREAS : 2
---area label--- : 1
area size : 5
mean x : 119.00
mean y : 96.00
mean E_x^2 : 0.40
mean E_y^2 : 0.80
mean E_xy^2 : 0.40
theta : -0.51
average greyscal : 80.20
average RGB [86.60,80.60,74.00]
(59 1)(61 1)(82 1)(91 1)(108 1)
---area label--- : 2
area size : 528
mean x : 139.65
mean y : 120.23
mean E_x^2 : 137.68
mean E_y^2 : 53.37
mean E_xy^2 : 72.87
theta : 0.78
average greyscal : 52.04
average RGB [43.67,50.72,62.92]
(1 4)(3 2)(4 2)(5 4)(6 4)(7 2)(8 1)(9 2)(10 5)(11 6)(12 5)(13 3)(14 2)(15 2)(17 5)(18 1)(19 3)(20 7)(21 6)(22 2)(23 4)(24 5)(25 7)(26 10)(27 8)(28 7)(29 8)(30 7)(31 16)(32 10)(33 6)(34 11)(35 10)(36 13)(37 5)(38 11)(39 3)(40 11)(41 5)(42 10)(43 4)(44 11)(45 7)(46 10)(47 6)(48 4)(49 4)(50 5)(51 3)(52 5)(53 8)(54 9)(55 8)(56 6)(57 3)(58 6)(59 5)(60 6)(61 7)(62 4)(63 7)(64 9)(65 6)(66 4)(67 6)(68 5)(69 8)(70 5)(71 3)(72 5)(73 7)(74 3)(75 4)(76 4)(77 1)(78 2)(79 2)(80 4)(81 2)(82 4)(83 6)(84 5)(85 1)(87 2)(88 4)(89 4)(90 1)(91 4)(92 2)(94 3)(95 2)(96 2)(97 2)(98 2)(99 3)(100 1)(101 1)(102 1)(103 3)(104 1)(105 2)(106 2)(108 2)(111 4)(112 2)(113 2)(115 1)(116 1)(118 1)(119 1)(120 1)(124 1)(130 1)(131 1)(134 1)(138 1)(141 1)(145 1)(148 1)(149 1)(150 1)(151 1)(166 1)
