NUMBER OF AREAS : 1
---area label--- : 1
area size : 547
mean x : 128.27
mean y : 157.03
mean E_x^2 : 307.70
mean E_y^2 : 32.35
mean E_xy^2 : 72.23
theta : 0.78
average greyscal : 56.66
average RGB [60.85,52.32,57.75]
(0 3)(1 3)(2 4)(3 6)(4 1)(5 1)(6 3)(7 1)(8 4)(10 1)(11 7)(12 6)(14 1)(15 6)(16 1)(17 4)(18 2)(19 4)(20 2)(21 4)(22 2)(23 2)(24 5)(25 6)(26 5)(27 8)(28 6)(29 3)(30 11)(31 14)(32 10)(33 16)(34 7)(35 10)(36 9)(37 8)(38 5)(39 4)(40 2)(41 5)(42 8)(43 6)(44 3)(45 2)(46 3)(47 9)(48 7)(49 5)(50 7)(51 2)(52 9)(53 4)(54 5)(55 6)(56 6)(57 4)(58 7)(59 10)(60 8)(61 10)(62 9)(63 6)(64 9)(65 7)(66 10)(67 6)(68 18)(69 4)(70 6)(71 5)(72 4)(73 9)(74 6)(75 10)(76 1)(77 2)(78 2)(79 1)(80 3)(81 1)(82 1)(83 4)(84 5)(85 1)(86 1)(87 1)(88 5)(89 4)(90 4)(91 6)(92 2)(93 5)(94 2)(95 1)(96 3)(97 2)(98 2)(99 2)(100 1)(101 1)(102 1)(103 5)(104 1)(105 1)(106 5)(107 1)(108 1)(109 1)(110 3)(111 1)(112 1)(113 2)(114 1)(116 2)(117 1)(118 2)(120 2)(121 1)(123 1)(127 1)(131 1)(133 1)(137 1)(138 1)(139 1)(141 1)(142 1)(146 2)(150 1)(152 2)(157 1)(167 1)(172 1)(179 1)(182 1)(197 1)
