NUMBER OF AREAS : 4
---area label--- : 1
area size : 5
mean x : 118.00
mean y : 95.00
mean E_x^2 : 0.40
mean E_y^2 : 0.80
mean E_xy^2 : 0.40
theta : -0.51
average greyscal : 81.60
average RGB [90.80,71.40,83.40]
(75 1)(80 2)(86 1)(87 1)
---area label--- : 2
area size : 533
mean x : 139.45
mean y : 120.11
mean E_x^2 : 139.17
mean E_y^2 : 55.27
mean E_xy^2 : 75.17
theta : 0.78
average greyscal : 51.66
average RGB [43.02,51.28,61.71]
(1 2)(2 2)(3 1)(4 4)(5 2)(6 2)(7 4)(8 2)(9 5)(10 3)(11 3)(12 1)(13 2)(14 5)(15 1)(16 5)(17 3)(18 5)(19 3)(20 2)(21 3)(22 4)(23 8)(24 3)(25 10)(26 13)(27 7)(28 9)(29 5)(30 11)(31 8)(32 19)(33 12)(34 11)(35 9)(36 8)(37 6)(38 7)(39 14)(40 10)(41 6)(42 6)(43 8)(44 4)(45 1)(46 3)(47 4)(48 8)(49 12)(50 6)(51 7)(52 7)(53 10)(54 10)(55 3)(56 8)(57 6)(58 1)(59 3)(60 8)(61 2)(62 6)(63 7)(64 5)(65 8)(66 12)(67 8)(68 1)(69 2)(70 4)(71 6)(72 2)(73 4)(74 2)(75 5)(76 4)(77 6)(78 1)(79 3)(80 2)(81 3)(82 8)(83 1)(84 2)(85 2)(86 2)(87 7)(88 2)(89 2)(91 2)(92 1)(93 5)(94 2)(95 3)(96 2)(97 2)(98 1)(99 1)(100 3)(101 1)(102 2)(103 4)(104 1)(105 1)(106 2)(107 1)(109 2)(110 2)(111 2)(112 4)(121 2)(123 1)(124 1)(127 1)(132 1)(136 1)(138 1)(140 1)(143 1)(148 1)(149 1)(156 1)(160 1)(162 1)
---area label--- : 3
area size : 5
mean x : 105.00
mean y : 107.00
mean E_x^2 : 0.40
mean E_y^2 : 0.80
mean E_xy^2 : 0.40
theta : -0.51
average greyscal : 89.80
average RGB [97.40,85.40,87.80]
(52 1)(96 1)(97 1)(101 1)(103 1)
---area label--- : 4
area size : 5
mean x : 114.00
mean y : 112.00
mean E_x^2 : 0.40
mean E_y^2 : 0.80
mean E_xy^2 : 0.40
theta : -0.51
average greyscal : 83.00
average RGB [92.40,81.60,75.80]
(57 1)(62 1)(93 1)(99 1)(104 1)
