NUMBER OF AREAS : 2
---area label--- : 1
area size : 32
mean x : 86.38
mean y : 75.88
mean E_x^2 : 4.36
mean E_y^2 : 10.48
mean E_xy^2 : 6.11
theta : -0.75
average greyscal : 30.25
average RGB [28.78,27.28,35.75]
(0 1)(8 1)(13 1)(14 1)(17 1)(19 1)(21 1)(24 1)(25 1)(26 4)(30 1)(31 3)(33 3)(34 3)(37 1)(39 1)(40 2)(43 1)(44 2)(54 1)(58 1)
---area label--- : 2
area size : 649
mean x : 163.89
mean y : 137.92
mean E_x^2 : 152.89
mean E_y^2 : 45.03
mean E_xy^2 : 58.67
theta : 0.78
average greyscal : 50.14
average RGB [41.16,50.54,59.82]
(0 2)(1 2)(2 3)(3 3)(4 2)(5 3)(6 2)(7 3)(8 3)(9 3)(10 6)(11 3)(12 5)(13 6)(14 3)(16 3)(17 7)(18 6)(19 3)(20 3)(21 3)(22 3)(23 6)(24 9)(25 15)(26 9)(27 11)(28 5)(29 11)(30 15)(31 9)(32 13)(33 13)(34 11)(35 8)(36 8)(37 9)(38 16)(39 8)(40 8)(41 6)(42 10)(43 7)(44 10)(45 9)(46 8)(47 10)(48 13)(49 9)(50 9)(51 8)(52 7)(53 13)(54 11)(55 15)(56 12)(57 7)(58 5)(59 7)(60 11)(61 8)(62 8)(63 7)(64 12)(65 8)(66 9)(67 3)(68 8)(69 10)(70 5)(71 4)(72 6)(73 6)(74 7)(75 2)(76 8)(77 5)(78 8)(79 2)(80 7)(81 4)(82 1)(83 5)(84 5)(85 3)(86 1)(87 3)(88 3)(89 1)(90 3)(91 4)(92 3)(95 2)(98 2)(100 1)(101 1)(102 1)(103 1)(104 2)(105 1)(107 1)(108 1)(111 1)(114 1)(117 1)(118 1)(120 2)(125 1)(128 1)(133 1)(135 1)(151 1)(152 1)(155 2)(161 1)(162 1)(164 1)(165 1)(173 1)
