NUMBER OF AREAS : 1
---area label--- : 1
area size : 572
mean x : 128.90
mean y : 154.81
mean E_x^2 : 267.93
mean E_y^2 : 46.84
mean E_xy^2 : 91.75
theta : 0.78
average greyscal : 59.05
average RGB [66.19,53.34,58.53]
(0 4)(1 5)(2 4)(3 3)(4 7)(5 1)(6 2)(7 4)(8 2)(9 1)(11 3)(13 2)(14 1)(15 2)(16 1)(17 1)(18 2)(19 1)(20 3)(21 3)(22 3)(23 4)(24 5)(25 2)(26 8)(27 6)(28 9)(29 7)(30 11)(31 12)(32 13)(33 8)(34 10)(35 6)(36 7)(37 3)(38 6)(39 8)(40 4)(41 7)(42 5)(43 6)(44 3)(45 4)(46 7)(47 8)(48 3)(49 7)(50 7)(51 7)(52 8)(53 7)(54 8)(55 4)(56 8)(57 2)(58 9)(59 5)(60 7)(61 12)(62 9)(63 9)(64 7)(65 12)(66 11)(67 18)(68 13)(69 9)(70 7)(71 4)(72 8)(73 6)(74 4)(75 6)(76 3)(77 5)(78 3)(79 4)(80 5)(81 3)(82 2)(83 3)(84 1)(85 4)(86 2)(87 2)(88 2)(89 2)(90 2)(91 3)(92 2)(93 3)(94 1)(95 3)(96 2)(99 1)(100 1)(101 6)(102 2)(103 4)(104 2)(105 2)(106 1)(107 3)(108 2)(109 1)(110 6)(111 3)(112 3)(114 1)(116 1)(117 3)(118 1)(119 1)(120 2)(125 1)(126 1)(127 1)(129 1)(131 2)(132 2)(136 1)(144 2)(145 2)(146 1)(148 2)(151 1)(153 1)(154 1)(155 1)(156 1)(159 1)(161 1)(164 1)(165 1)(166 1)(170 1)(193 1)
