NUMBER OF AREAS : 1
---area label--- : 1
area size : 150
mean x : 88.15
mean y : 99.89
mean E_x^2 : 30.66
mean E_y^2 : 32.43
mean E_xy^2 : 25.11
theta : -0.78
average greyscal : 48.94
average RGB [54.58,45.99,47.19]
(0 2)(1 1)(2 2)(3 1)(4 1)(5 3)(6 1)(7 1)(10 3)(12 1)(13 1)(15 1)(18 2)(19 1)(22 3)(23 1)(24 1)(25 1)(26 1)(27 4)(28 1)(29 2)(30 2)(31 3)(32 1)(34 2)(35 2)(36 1)(37 2)(38 1)(39 1)(40 4)(42 1)(43 3)(44 1)(46 4)(47 3)(48 3)(49 4)(50 3)(52 2)(53 1)(54 4)(56 3)(57 7)(58 5)(59 6)(60 4)(61 2)(62 3)(63 4)(64 4)(65 1)(66 2)(67 1)(68 2)(69 1)(70 3)(71 1)(72 1)(74 1)(75 2)(80 1)(88 1)(91 1)(96 1)(97 2)(98 1)(99 1)(103 1)(104 1)(106 1)(113 1)(125 1)(135 1)
