NUMBER OF AREAS : 3
---area label--- : 1
area size : 313
mean x : 91.76
mean y : 136.73
mean E_x^2 : 77.41
mean E_y^2 : 27.21
mean E_xy^2 : 36.95
theta : 0.78
average greyscal : 49.46
average RGB [55.07,43.95,50.34]
(0 4)(1 2)(2 3)(3 4)(4 4)(5 1)(6 3)(7 6)(8 2)(9 3)(10 3)(11 5)(12 2)(13 2)(14 4)(15 1)(16 1)(17 3)(18 4)(19 5)(20 5)(21 4)(23 5)(24 3)(25 3)(26 5)(27 3)(28 6)(29 4)(30 6)(31 7)(32 4)(33 10)(34 2)(35 8)(36 4)(37 3)(38 7)(39 10)(40 4)(41 1)(42 4)(43 5)(44 3)(45 6)(46 2)(47 3)(48 5)(49 3)(51 2)(52 2)(53 3)(54 4)(55 4)(56 2)(57 1)(58 3)(59 2)(60 6)(61 1)(62 3)(63 3)(64 2)(65 2)(66 4)(67 3)(68 1)(69 3)(70 1)(72 1)(74 2)(75 1)(76 1)(77 2)(79 1)(80 2)(81 1)(82 4)(83 1)(85 2)(86 1)(87 3)(89 1)(90 1)(92 2)(95 1)(96 3)(97 1)(98 1)(101 1)(102 2)(105 1)(106 1)(108 1)(110 1)(115 1)(116 2)(117 1)(118 1)(122 1)(123 1)(124 2)(125 1)(130 1)(134 1)(146 2)(147 1)(154 1)(165 1)(169 1)(173 1)(174 1)(178 2)(181 1)(189 1)(198 1)
---area label--- : 2
area size : 221
mean x : 145.77
mean y : 161.25
mean E_x^2 : 15.20
mean E_y^2 : 24.35
mean E_xy^2 : -4.87
theta : -0.78
average greyscal : 62.55
average RGB [63.09,62.65,62.94]
(3 1)(6 1)(17 1)(23 1)(28 1)(31 1)(32 1)(34 1)(36 1)(37 1)(38 1)(39 1)(40 1)(41 2)(42 1)(43 3)(44 5)(45 6)(46 6)(47 6)(48 6)(49 4)(50 5)(51 2)(52 3)(53 3)(54 2)(55 3)(56 5)(57 2)(58 7)(59 3)(60 8)(61 5)(62 8)(63 11)(64 19)(65 6)(66 9)(67 1)(68 4)(69 4)(70 5)(71 11)(72 5)(73 4)(74 3)(75 1)(76 1)(78 3)(79 2)(82 2)(83 1)(84 1)(85 1)(86 1)(90 1)(92 2)(94 2)(98 1)(100 1)(103 2)(106 1)(110 1)(111 2)(113 1)(114 1)(117 1)(120 1)(150 1)
---area label--- : 3
area size : 5
mean x : 89.00
mean y : 249.00
mean E_x^2 : 0.40
mean E_y^2 : 0.80
mean E_xy^2 : 0.40
theta : -0.51
average greyscal : 41.80
average RGB [45.00,38.80,42.40]
(5 1)(27 1)(33 1)(65 1)(79 1)
