NUMBER OF AREAS : 3
---area label--- : 1
area size : 251
mean x : 88.24
mean y : 131.23
mean E_x^2 : 76.76
mean E_y^2 : 23.86
mean E_xy^2 : 36.93
theta : 0.78
average greyscal : 42.26
average RGB [50.86,36.43,40.43]
(0 4)(1 5)(2 1)(3 4)(4 4)(5 4)(6 3)(7 2)(8 2)(9 5)(10 1)(11 1)(12 1)(13 4)(14 3)(15 1)(18 2)(19 2)(21 1)(22 1)(23 3)(24 4)(25 3)(26 4)(27 6)(28 4)(29 1)(30 2)(31 6)(32 10)(33 4)(34 9)(35 2)(36 4)(37 8)(38 6)(39 5)(40 9)(41 3)(42 7)(44 3)(45 2)(46 2)(47 7)(48 3)(49 4)(50 2)(51 2)(52 4)(53 3)(54 5)(55 8)(56 2)(57 2)(59 1)(60 1)(61 1)(62 4)(63 2)(64 1)(65 2)(66 2)(68 1)(71 2)(72 1)(73 1)(74 1)(75 1)(76 1)(78 2)(80 1)(81 2)(82 2)(83 2)(85 1)(87 3)(90 1)(91 1)(95 1)(98 1)(99 1)(101 1)(102 1)(104 1)(108 1)(109 1)(123 1)(125 1)(126 1)(129 1)(133 1)(184 1)
---area label--- : 2
area size : 221
mean x : 145.77
mean y : 161.25
mean E_x^2 : 15.20
mean E_y^2 : 24.35
mean E_xy^2 : -4.87
theta : -0.78
average greyscal : 63.10
average RGB [66.33,60.53,63.51]
(3 1)(9 1)(20 1)(23 2)(26 1)(33 1)(34 1)(38 3)(39 1)(40 6)(42 1)(43 4)(44 2)(45 5)(46 3)(47 3)(48 5)(49 3)(50 5)(51 5)(52 1)(53 5)(54 4)(55 1)(56 4)(57 4)(58 3)(59 7)(60 6)(61 8)(62 4)(63 6)(64 15)(65 10)(66 5)(67 9)(68 8)(69 4)(70 13)(71 10)(72 5)(73 3)(74 2)(75 1)(76 2)(78 1)(79 1)(80 3)(82 1)(84 1)(86 1)(88 1)(89 1)(93 2)(96 1)(97 2)(102 1)(103 1)(104 1)(105 2)(108 2)(110 1)(114 1)(115 1)(116 1)(152 1)
---area label--- : 3
area size : 5
mean x : 89.00
mean y : 249.00
mean E_x^2 : 0.40
mean E_y^2 : 0.80
mean E_xy^2 : 0.40
theta : -0.51
average greyscal : 41.80
average RGB [63.00,24.00,39.80]
(13 1)(21 1)(37 1)(67 1)(71 1)
