NUMBER OF AREAS : 2
---area label--- : 1
area size : 37
mean x : 85.27
mean y : 72.32
mean E_x^2 : 2.36
mean E_y^2 : 5.46
mean E_xy^2 : 1.13
theta : -0.73
average greyscal : 35.38
average RGB [37.03,33.35,36.89]
(0 1)(1 1)(4 1)(7 1)(8 1)(9 1)(12 1)(13 3)(14 3)(15 1)(16 1)(17 1)(18 1)(19 2)(20 3)(24 1)(27 1)(30 1)(32 1)(49 1)(50 1)(67 1)(74 1)(79 1)(89 1)(92 1)(94 1)(99 2)(118 1)
---area label--- : 2
area size : 803
mean x : 270.80
mean y : 256.24
mean E_x^2 : 140.23
mean E_y^2 : 60.56
mean E_xy^2 : -25.42
theta : 0.78
average greyscal : 44.44
average RGB [35.17,44.95,54.19]
(2 1)(4 1)(6 1)(7 1)(8 1)(9 1)(10 1)(11 3)(13 1)(14 2)(15 3)(16 7)(17 5)(18 8)(19 7)(20 10)(21 5)(22 12)(23 12)(24 21)(25 27)(26 20)(27 21)(28 18)(29 12)(30 22)(31 19)(32 12)(33 17)(34 13)(35 15)(36 2)(37 12)(38 11)(39 17)(40 24)(41 13)(42 15)(43 15)(44 14)(45 13)(46 15)(47 25)(48 24)(49 26)(50 15)(51 14)(52 11)(53 11)(54 12)(55 8)(56 7)(57 9)(58 7)(59 15)(60 9)(61 7)(62 8)(63 6)(64 10)(65 10)(66 8)(67 10)(68 14)(69 10)(70 9)(71 3)(72 10)(73 2)(74 6)(75 7)(76 2)(77 3)(78 3)(80 3)(81 2)(82 3)(84 3)(85 3)(86 3)(87 1)(88 1)(90 1)(91 1)(92 1)(93 1)(95 1)(98 3)(99 2)(116 1)(118 1)(125 1)
