NUMBER OF AREAS : 2
---area label--- : 1
area size : 216
mean x : 92.21
mean y : 108.08
mean E_x^2 : 35.30
mean E_y^2 : 33.80
mean E_xy^2 : 26.57
theta : 0.79
average greyscal : 53.19
average RGB [58.15,50.87,51.60]
(1 2)(2 3)(3 2)(5 3)(7 5)(9 1)(11 2)(12 1)(13 1)(14 1)(15 1)(16 2)(18 1)(19 3)(21 3)(22 3)(24 2)(25 1)(26 1)(27 3)(28 3)(29 2)(30 3)(31 1)(32 2)(33 2)(34 3)(36 2)(37 1)(38 3)(39 2)(40 4)(41 1)(42 2)(43 1)(44 4)(45 5)(46 5)(47 5)(48 1)(49 3)(51 3)(52 6)(53 1)(54 1)(55 6)(56 4)(57 5)(58 8)(59 3)(60 5)(61 4)(62 3)(63 2)(64 3)(65 6)(66 8)(67 7)(68 4)(69 1)(70 3)(72 3)(73 1)(74 1)(75 1)(76 2)(77 1)(79 1)(80 3)(81 1)(85 1)(86 2)(89 2)(94 1)(95 1)(96 1)(97 1)(98 1)(101 1)(106 1)(108 1)(109 1)(116 1)(127 1)(134 1)(143 1)(147 1)(150 1)(153 1)(154 1)(171 1)
---area label--- : 2
area size : 5
mean x : 82.00
mean y : 111.00
mean E_x^2 : 0.40
mean E_y^2 : 0.80
mean E_xy^2 : 0.40
theta : -0.51
average greyscal : 66.80
average RGB [90.20,51.20,59.60]
(28 1)(59 1)(69 1)(87 1)(91 1)
