NUMBER OF AREAS : 1
---area label--- : 1
area size : 117
mean x : 86.95
mean y : 94.80
mean E_x^2 : 23.83
mean E_y^2 : 21.78
mean E_xy^2 : 19.67
theta : 0.78
average greyscal : 46.29
average RGB [50.26,42.51,47.05]
(0 3)(1 2)(3 6)(4 3)(5 1)(6 2)(7 3)(8 1)(9 1)(10 3)(11 1)(13 1)(15 4)(16 1)(17 1)(18 1)(19 1)(23 3)(25 1)(26 3)(27 1)(28 2)(29 2)(30 1)(31 1)(32 5)(33 3)(35 2)(36 2)(37 1)(38 3)(40 1)(41 1)(42 1)(43 2)(45 2)(46 2)(47 2)(48 2)(49 1)(50 1)(51 3)(52 3)(53 1)(54 1)(61 1)(62 1)(65 1)(66 1)(67 1)(68 1)(73 1)(76 1)(77 2)(81 1)(87 1)(92 1)(93 1)(108 1)(118 1)(124 2)(133 1)(137 1)(138 1)(139 1)(142 1)(143 2)(147 1)(155 1)(160 1)(167 1)
