NUMBER OF AREAS : 2
---area label--- : 1
area size : 95
mean x : 82.12
mean y : 86.18
mean E_x^2 : 20.86
mean E_y^2 : 10.90
mean E_xy^2 : 11.44
theta : 0.77
average greyscal : 32.20
average RGB [33.94,29.68,33.88]
(4 1)(5 1)(7 1)(10 1)(12 1)(15 2)(16 3)(17 3)(18 2)(19 3)(20 2)(21 2)(23 2)(24 3)(25 4)(26 4)(27 1)(28 4)(29 5)(30 2)(31 1)(32 2)(33 3)(34 1)(35 4)(36 2)(37 3)(38 2)(39 4)(40 6)(41 3)(42 1)(43 1)(44 1)(45 4)(46 1)(47 1)(51 1)(52 1)(59 1)(60 1)(62 1)(66 1)(67 1)(86 1)
---area label--- : 2
area size : 764
mean x : 184.35
mean y : 159.19
mean E_x^2 : 173.53
mean E_y^2 : 67.49
mean E_xy^2 : 74.47
theta : 0.78
average greyscal : 52.44
average RGB [43.38,50.91,64.07]
(0 3)(2 1)(3 3)(5 1)(6 3)(7 3)(8 4)(9 3)(10 3)(11 1)(12 3)(13 2)(14 3)(15 8)(16 1)(17 5)(18 4)(19 7)(20 3)(21 3)(22 10)(23 7)(24 8)(25 9)(26 13)(27 12)(28 14)(29 11)(30 10)(31 14)(32 18)(33 19)(34 16)(35 10)(36 12)(37 10)(38 11)(39 6)(40 10)(41 9)(42 12)(43 7)(44 8)(45 6)(46 4)(47 5)(48 7)(49 8)(50 6)(51 5)(52 17)(53 11)(54 13)(55 17)(56 19)(57 13)(58 14)(59 7)(60 8)(61 10)(62 8)(63 17)(64 8)(65 18)(66 4)(67 7)(68 8)(69 18)(70 5)(71 7)(72 14)(73 6)(74 10)(75 6)(76 7)(77 12)(78 6)(79 4)(80 8)(81 5)(82 2)(83 7)(84 9)(85 4)(86 2)(87 5)(88 4)(89 6)(90 3)(91 9)(93 2)(94 2)(95 3)(96 4)(97 3)(98 1)(99 4)(101 3)(102 3)(103 4)(104 1)(105 2)(106 1)(107 2)(109 2)(113 1)(114 1)(117 1)(126 1)(130 1)(131 1)(136 1)(152 1)
