NUMBER OF AREAS : 1
---area label--- : 1
area size : 580
mean x : 151.58
mean y : 124.27
mean E_x^2 : 137.91
mean E_y^2 : 49.93
mean E_xy^2 : 66.15
theta : 0.78
average greyscal : 50.23
average RGB [43.28,50.86,57.60]
(0 4)(1 4)(2 2)(3 2)(4 5)(5 3)(6 1)(7 5)(8 4)(9 3)(10 1)(11 3)(12 5)(13 3)(14 4)(16 2)(17 4)(18 7)(19 5)(20 6)(21 7)(22 5)(23 8)(24 9)(25 9)(26 10)(27 8)(28 12)(29 7)(30 13)(31 12)(32 15)(33 9)(34 7)(35 7)(36 13)(37 11)(38 6)(39 8)(40 6)(41 8)(42 5)(43 6)(44 9)(45 6)(46 5)(47 9)(48 7)(49 7)(50 10)(51 5)(52 14)(53 8)(54 10)(55 9)(56 9)(57 7)(58 9)(59 7)(60 7)(61 9)(62 3)(63 5)(64 4)(65 11)(66 8)(67 6)(68 5)(69 5)(70 6)(71 3)(72 5)(73 1)(74 5)(75 3)(76 2)(77 2)(78 4)(79 4)(80 1)(81 2)(83 2)(84 5)(85 5)(86 2)(87 1)(88 3)(89 1)(90 1)(93 1)(94 1)(95 2)(96 3)(97 2)(99 2)(100 1)(102 2)(103 1)(104 2)(105 1)(106 1)(107 1)(108 2)(109 1)(110 2)(111 2)(113 2)(114 1)(118 1)(129 2)(132 1)(136 1)(137 1)(139 1)(141 1)(142 1)(143 1)(144 1)(146 2)(147 2)(149 1)(150 1)(152 1)(153 1)(154 1)(155 1)(159 1)(167 1)(182 1)
