NUMBER OF AREAS : 2
---area label--- : 1
area size : 218
mean x : 145.60
mean y : 161.47
mean E_x^2 : 15.08
mean E_y^2 : 23.31
mean E_xy^2 : -4.19
theta : -0.78
average greyscal : 62.96
average RGB [65.77,60.95,63.17]
(2 1)(3 1)(15 1)(21 1)(29 1)(31 1)(33 2)(34 1)(35 1)(36 1)(37 1)(38 1)(39 1)(40 2)(41 2)(42 1)(43 2)(44 2)(45 3)(46 4)(47 3)(48 4)(49 8)(50 3)(51 4)(52 9)(53 2)(54 2)(55 4)(57 3)(58 5)(59 2)(60 7)(61 8)(62 7)(63 6)(64 8)(65 6)(66 12)(67 8)(68 11)(69 10)(70 10)(71 5)(72 5)(73 3)(74 1)(75 4)(76 1)(77 1)(78 3)(79 1)(80 2)(82 1)(83 1)(87 2)(90 1)(91 1)(96 1)(99 1)(100 1)(102 1)(103 1)(104 1)(105 1)(107 1)(108 1)(110 1)(112 1)(113 1)(136 1)(145 1)
---area label--- : 2
area size : 380
mean x : 109.21
mean y : 166.21
mean E_x^2 : 126.19
mean E_y^2 : 23.16
mean E_xy^2 : 42.46
theta : 0.78
average greyscal : 51.89
average RGB [58.18,45.57,53.00]
(0 1)(2 4)(3 2)(4 1)(5 4)(6 4)(7 4)(8 1)(11 1)(13 4)(14 1)(16 2)(17 2)(18 4)(20 3)(21 2)(22 1)(23 4)(24 6)(25 5)(26 1)(27 2)(28 3)(29 1)(30 4)(31 7)(32 10)(33 10)(34 3)(35 6)(36 9)(37 6)(38 5)(39 11)(40 10)(41 15)(42 11)(43 10)(44 6)(45 14)(47 5)(48 6)(49 8)(50 3)(51 1)(52 6)(53 7)(54 6)(55 6)(56 6)(57 8)(58 3)(59 4)(60 5)(61 7)(62 5)(63 2)(64 2)(65 4)(66 3)(67 1)(69 7)(70 1)(72 3)(74 3)(75 4)(76 3)(77 7)(78 1)(79 2)(81 2)(82 1)(83 1)(86 1)(87 2)(88 1)(90 1)(91 1)(93 2)(94 2)(95 3)(96 1)(97 1)(98 2)(100 1)(102 1)(103 2)(104 1)(105 1)(107 1)(108 1)(110 2)(114 2)(117 1)(119 1)(121 3)(123 1)(124 1)(125 1)(128 1)(132 1)(136 1)(142 1)(144 1)(145 1)(159 1)(165 1)(195 1)(198 1)
