NUMBER OF AREAS : 3
---area label--- : 1
area size : 306
mean x : 93.88
mean y : 143.60
mean E_x^2 : 85.69
mean E_y^2 : 19.68
mean E_xy^2 : 32.36
theta : 0.78
average greyscal : 46.20
average RGB [54.31,40.37,44.82]
(0 5)(1 3)(2 2)(3 4)(4 2)(5 3)(6 1)(7 4)(8 1)(9 2)(10 3)(11 2)(13 4)(15 1)(16 4)(17 1)(18 5)(20 3)(22 3)(23 1)(24 4)(25 4)(26 7)(27 5)(28 4)(29 3)(30 6)(31 9)(32 13)(33 8)(34 9)(35 1)(36 8)(37 5)(38 7)(39 5)(40 3)(41 3)(42 2)(43 6)(44 1)(45 8)(46 6)(47 4)(48 7)(49 3)(50 2)(51 5)(52 4)(53 3)(54 5)(55 6)(56 4)(57 2)(58 6)(59 4)(61 1)(62 2)(63 3)(64 4)(65 1)(66 3)(67 3)(69 3)(70 1)(71 1)(72 2)(73 2)(74 1)(75 1)(76 1)(78 1)(80 1)(81 1)(83 5)(84 1)(85 1)(86 1)(88 1)(90 1)(92 1)(94 1)(95 1)(96 1)(97 2)(100 1)(101 1)(102 1)(103 1)(104 2)(108 2)(110 1)(115 3)(116 1)(117 1)(119 1)(122 1)(123 1)(126 1)(133 1)(137 1)(172 1)(224 1)
---area label--- : 2
area size : 217
mean x : 145.65
mean y : 161.38
mean E_x^2 : 14.63
mean E_y^2 : 23.92
mean E_xy^2 : -4.11
theta : -0.78
average greyscal : 63.09
average RGB [66.98,60.06,63.13]
(1 1)(8 1)(13 2)(30 1)(32 1)(33 3)(37 1)(38 1)(39 3)(40 1)(41 2)(43 3)(44 2)(45 3)(46 3)(47 4)(48 5)(49 3)(50 6)(51 2)(52 4)(53 4)(54 5)(55 6)(56 4)(57 6)(58 3)(59 5)(60 3)(61 2)(62 5)(63 10)(64 9)(65 16)(66 6)(67 14)(68 9)(69 4)(70 4)(71 6)(72 6)(73 5)(74 4)(75 2)(76 1)(77 3)(79 2)(81 1)(83 1)(89 1)(91 2)(93 1)(95 2)(96 2)(98 1)(101 1)(103 1)(110 1)(111 1)(113 1)(114 1)(115 1)(117 1)(119 1)(153 1)
---area label--- : 3
area size : 5
mean x : 89.00
mean y : 249.00
mean E_x^2 : 0.40
mean E_y^2 : 0.80
mean E_xy^2 : 0.40
theta : -0.51
average greyscal : 34.20
average RGB [53.20,32.00,19.00]
(6 1)(8 1)(38 1)(55 1)(64 1)
