NUMBER OF AREAS : 2
---area label--- : 1
area size : 547
mean x : 135.17
mean y : 154.04
mean E_x^2 : 126.21
mean E_y^2 : 55.60
mean E_xy^2 : 61.76
theta : 0.78
average greyscal : 55.49
average RGB [58.62,53.45,55.36]
(0 4)(2 1)(3 2)(4 5)(5 1)(6 5)(8 2)(9 1)(10 1)(11 1)(12 2)(13 1)(15 3)(16 5)(17 2)(18 3)(19 1)(20 3)(21 4)(22 2)(23 4)(24 7)(25 7)(26 8)(27 12)(28 9)(29 4)(30 12)(31 9)(32 6)(33 11)(34 6)(35 3)(36 10)(37 6)(38 10)(39 5)(40 6)(41 3)(42 5)(43 5)(44 3)(45 5)(46 7)(47 6)(48 5)(49 5)(50 4)(51 8)(52 12)(53 10)(54 5)(55 5)(56 1)(57 5)(58 7)(59 11)(60 8)(61 12)(62 7)(63 15)(64 14)(65 12)(66 11)(67 12)(68 11)(69 9)(70 10)(71 13)(72 3)(73 8)(74 8)(75 4)(76 1)(77 2)(78 1)(79 5)(80 3)(81 2)(82 3)(83 2)(84 2)(85 1)(86 1)(87 2)(88 2)(89 2)(90 3)(91 1)(92 4)(93 2)(94 5)(95 3)(96 3)(97 3)(98 1)(99 3)(100 1)(101 2)(102 3)(104 2)(105 2)(107 2)(108 1)(109 3)(110 1)(112 1)(115 1)(116 3)(117 2)(119 1)(120 1)(121 1)(124 1)(125 1)(127 1)(128 1)(131 2)(151 2)(162 1)(164 1)
---area label--- : 2
area size : 5
mean x : 123.00
mean y : 157.00
mean E_x^2 : 0.40
mean E_y^2 : 0.80
mean E_xy^2 : 0.40
theta : -0.51
average greyscal : 63.80
average RGB [79.20,51.60,61.00]
(36 1)(41 1)(43 1)(91 1)(108 1)
