NUMBER OF AREAS : 4
---area label--- : 1
area size : 15
mean x : 70.87
mean y : 99.07
mean E_x^2 : 1.05
mean E_y^2 : 1.53
mean E_xy^2 : 0.14
theta : -0.71
average greyscal : 27.07
average RGB [29.00,28.87,24.60]
(14 1)(19 2)(24 1)(25 2)(27 1)(29 2)(31 2)(32 2)(33 1)(36 1)
---area label--- : 2
area size : 142
mean x : 86.08
mean y : 108.49
mean E_x^2 : 27.61
mean E_y^2 : 13.07
mean E_xy^2 : 14.96
theta : 0.78
average greyscal : 37.13
average RGB [38.82,35.18,38.52]
(0 5)(1 4)(2 2)(3 2)(4 2)(5 1)(7 1)(8 2)(9 3)(10 4)(11 2)(15 2)(16 4)(17 1)(18 3)(20 1)(23 3)(24 2)(25 2)(26 3)(27 3)(28 3)(29 2)(30 3)(31 2)(32 4)(33 7)(34 2)(35 3)(36 4)(37 6)(38 4)(39 2)(40 3)(41 1)(42 4)(43 2)(44 3)(45 3)(46 2)(47 3)(48 2)(49 1)(54 2)(56 1)(61 1)(69 1)(71 1)(74 3)(78 1)(79 1)(83 1)(87 2)(88 2)(93 1)(94 1)(98 1)(101 1)(129 1)(133 1)(157 1)(159 1)
---area label--- : 3
area size : 221
mean x : 145.81
mean y : 161.29
mean E_x^2 : 15.43
mean E_y^2 : 23.99
mean E_xy^2 : -4.98
theta : -0.78
average greyscal : 64.19
average RGB [67.44,60.53,65.49]
(2 1)(8 1)(11 1)(18 1)(21 1)(27 1)(33 1)(35 1)(38 1)(39 1)(40 4)(41 2)(43 1)(45 7)(46 2)(47 4)(48 3)(49 3)(50 5)(51 6)(52 2)(53 7)(54 4)(55 3)(56 6)(57 2)(58 4)(59 3)(60 4)(61 6)(62 7)(63 8)(64 7)(65 10)(66 8)(67 8)(68 8)(69 12)(70 6)(71 10)(72 5)(73 6)(74 4)(75 4)(76 1)(77 1)(78 1)(79 1)(81 1)(82 2)(84 1)(88 2)(90 2)(91 1)(92 1)(95 2)(97 1)(99 1)(103 2)(105 2)(106 1)(107 1)(108 1)(111 1)(112 1)(114 1)(118 1)(154 1)
---area label--- : 4
area size : 5
mean x : 89.00
mean y : 249.00
mean E_x^2 : 0.40
mean E_y^2 : 0.80
mean E_xy^2 : 0.40
theta : -0.51
average greyscal : 31.60
average RGB [32.60,35.00,27.60]
(9 1)(21 2)(40 1)(67 1)
