NUMBER OF AREAS : 1
---area label--- : 1
area size : 567
mean x : 141.80
mean y : 120.69
mean E_x^2 : 143.12
mean E_y^2 : 52.98
mean E_xy^2 : 66.82
theta : 0.78
average greyscal : 52.12
average RGB [44.15,52.92,60.31]
(0 3)(1 2)(2 5)(3 2)(5 1)(6 2)(8 3)(9 3)(10 3)(11 4)(12 1)(13 2)(14 2)(15 1)(16 1)(17 4)(18 6)(19 4)(20 1)(21 7)(22 5)(23 5)(24 8)(25 8)(26 8)(27 12)(28 11)(29 7)(30 10)(31 14)(32 11)(33 11)(34 11)(35 6)(36 7)(37 19)(38 4)(39 6)(40 8)(41 9)(42 3)(43 11)(44 6)(45 5)(46 5)(47 7)(48 8)(49 3)(50 4)(51 7)(52 12)(53 7)(54 6)(55 6)(56 12)(57 8)(58 9)(59 9)(60 8)(61 10)(62 8)(63 6)(64 4)(65 6)(66 10)(67 5)(68 5)(69 8)(70 10)(71 2)(72 4)(73 5)(74 7)(75 6)(76 5)(77 4)(79 5)(80 4)(81 4)(82 1)(83 5)(84 2)(85 7)(86 5)(87 2)(90 2)(91 2)(92 4)(93 1)(94 2)(95 2)(96 1)(97 1)(98 3)(99 1)(100 1)(101 2)(102 2)(104 2)(105 1)(108 3)(109 4)(112 1)(113 1)(115 1)(116 1)(119 2)(128 1)(129 3)(131 1)(132 1)(140 1)(142 1)(143 2)(146 1)(153 1)(157 1)(173 1)
