NUMBER OF AREAS : 1
---area label--- : 1
area size : 554
mean x : 133.53
mean y : 154.07
mean E_x^2 : 154.69
mean E_y^2 : 52.12
mean E_xy^2 : 66.93
theta : 0.78
average greyscal : 53.79
average RGB [58.05,49.98,54.20]
(0 4)(1 6)(2 2)(3 1)(5 1)(6 2)(7 3)(8 1)(10 2)(11 7)(12 6)(13 7)(14 3)(15 2)(16 2)(17 5)(18 8)(19 3)(20 1)(21 9)(22 4)(23 10)(24 8)(25 6)(26 8)(27 6)(28 3)(29 6)(30 7)(31 11)(32 6)(33 5)(34 8)(35 5)(36 6)(37 7)(38 5)(39 4)(40 9)(41 7)(42 6)(43 4)(44 5)(45 9)(46 7)(47 9)(48 8)(49 5)(50 2)(51 7)(52 7)(53 8)(54 3)(55 5)(56 1)(57 8)(58 5)(59 7)(60 10)(61 13)(62 9)(63 7)(64 10)(65 13)(66 14)(67 9)(68 7)(69 7)(70 6)(71 7)(72 4)(73 8)(74 7)(75 11)(76 3)(77 2)(78 7)(79 2)(80 2)(82 6)(83 4)(84 2)(85 2)(86 1)(88 4)(89 4)(90 2)(91 3)(92 1)(93 1)(94 2)(95 2)(96 5)(97 3)(98 2)(99 1)(100 4)(101 2)(103 1)(105 3)(107 3)(108 2)(110 1)(111 1)(112 1)(113 2)(114 2)(121 2)(122 2)(125 1)(126 2)(128 1)(129 1)(132 1)(137 1)(141 1)(144 1)(152 1)(157 1)(166 1)(178 1)
