NUMBER OF AREAS : 3
---area label--- : 1
area size : 203
mean x : 79.57
mean y : 96.00
mean E_x^2 : 43.40
mean E_y^2 : 22.44
mean E_xy^2 : 22.52
theta : 0.78
average greyscal : 38.80
average RGB [43.79,33.53,40.01]
(0 2)(1 1)(5 2)(6 3)(10 6)(11 4)(12 2)(13 3)(14 2)(16 2)(17 2)(18 4)(19 3)(20 3)(21 4)(22 4)(23 3)(24 3)(25 4)(26 11)(27 6)(28 7)(29 4)(30 3)(31 7)(32 3)(33 6)(34 2)(35 6)(36 3)(38 7)(39 5)(40 8)(41 3)(42 3)(43 3)(44 1)(45 3)(47 7)(48 1)(50 1)(52 2)(53 4)(54 1)(56 1)(57 1)(58 1)(59 1)(60 1)(61 5)(63 2)(66 1)(67 2)(68 1)(69 2)(70 1)(73 2)(75 3)(78 1)(82 1)(83 1)(89 2)(90 1)(92 1)(96 1)(99 1)(103 1)(107 1)(109 1)(137 1)(140 1)(141 1)
---area label--- : 2
area size : 738
mean x : 203.67
mean y : 183.13
mean E_x^2 : 185.90
mean E_y^2 : 46.29
mean E_xy^2 : 57.30
theta : 0.78
average greyscal : 53.52
average RGB [42.17,53.96,65.58]
(2 1)(10 1)(11 2)(12 3)(13 5)(14 1)(15 1)(16 3)(17 5)(18 1)(19 3)(20 6)(21 2)(22 4)(23 5)(24 9)(25 12)(26 16)(27 10)(28 8)(29 13)(30 17)(31 15)(32 22)(33 9)(34 20)(35 15)(36 12)(37 12)(38 8)(39 15)(40 9)(41 7)(42 12)(43 8)(44 8)(45 11)(46 7)(47 10)(48 12)(49 10)(50 11)(51 10)(52 15)(53 13)(54 9)(55 15)(56 12)(57 8)(58 7)(59 9)(60 10)(61 11)(62 13)(63 14)(64 9)(65 15)(66 15)(67 3)(68 11)(69 12)(70 11)(71 8)(72 9)(73 11)(74 4)(75 9)(76 4)(77 7)(78 7)(79 3)(80 5)(81 5)(82 7)(83 4)(84 1)(85 5)(86 3)(87 3)(88 2)(89 3)(90 1)(91 4)(92 6)(93 2)(94 2)(95 5)(96 2)(97 2)(98 3)(99 2)(100 1)(101 2)(102 1)(103 1)(106 2)(107 1)(111 1)(112 1)(113 1)(119 3)(124 1)(128 1)(134 1)(139 1)(148 1)(152 1)(158 1)(159 2)(166 2)(180 1)
---area label--- : 3
area size : 11
mean x : 217.00
mean y : 175.00
mean E_x^2 : 1.27
mean E_y^2 : 0.73
mean E_xy^2 : 0.36
theta : 0.64
average greyscal : 72.55
average RGB [77.27,65.91,75.45]
(65 1)(67 2)(68 1)(72 1)(73 2)(76 1)(77 1)(78 1)(82 1)
