NUMBER OF AREAS : 1
---area label--- : 1
area size : 507
mean x : 172.43
mean y : 175.35
mean E_x^2 : 194.86
mean E_y^2 : 52.28
mean E_xy^2 : 63.66
theta : 0.78
average greyscal : 47.37
average RGB [42.14,46.25,54.73]
(0 1)(2 3)(3 1)(4 3)(6 2)(10 1)(11 1)(12 1)(13 6)(14 8)(15 1)(16 6)(17 5)(18 1)(19 5)(20 2)(21 5)(22 2)(23 3)(24 4)(25 7)(26 9)(27 10)(28 12)(29 16)(30 6)(31 16)(32 9)(33 12)(34 18)(35 12)(36 9)(37 10)(38 12)(39 13)(40 1)(41 8)(42 3)(43 9)(44 6)(45 12)(46 8)(47 6)(48 9)(49 1)(50 3)(51 7)(52 7)(53 5)(54 7)(55 4)(56 6)(57 7)(58 8)(59 3)(60 8)(61 5)(62 7)(63 10)(64 5)(65 5)(66 10)(67 8)(68 6)(69 10)(70 6)(71 5)(72 2)(73 2)(74 3)(75 7)(76 4)(77 2)(78 2)(79 5)(80 2)(81 2)(82 5)(83 5)(84 3)(85 2)(88 3)(89 2)(90 1)(91 2)(94 2)(97 1)(99 3)(102 1)(103 1)(105 1)(110 1)(112 1)(121 1)(127 1)(128 1)(129 1)(132 1)
