NUMBER OF AREAS : 1
---area label--- : 1
area size : 391
mean x : 182.89
mean y : 185.69
mean E_x^2 : 82.98
mean E_y^2 : 26.00
mean E_xy^2 : 20.75
theta : 0.78
average greyscal : 53.05
average RGB [48.91,50.43,60.86]
(0 1)(9 1)(10 1)(12 3)(15 3)(17 3)(19 5)(20 3)(21 1)(22 4)(23 3)(24 7)(25 7)(26 9)(27 8)(28 8)(29 7)(30 7)(31 11)(32 13)(33 8)(34 13)(35 15)(36 11)(37 9)(38 7)(39 7)(40 8)(41 4)(42 2)(43 3)(44 2)(45 1)(46 4)(47 4)(48 3)(49 5)(50 3)(51 5)(52 4)(53 2)(54 3)(55 6)(56 5)(57 8)(58 4)(59 3)(60 1)(61 1)(62 4)(63 6)(64 1)(65 1)(66 5)(67 4)(68 3)(69 4)(70 1)(71 3)(72 2)(73 5)(74 3)(76 4)(77 6)(78 6)(79 2)(80 6)(81 2)(82 4)(83 1)(84 1)(85 2)(86 4)(88 2)(89 2)(90 3)(91 3)(92 1)(93 4)(94 3)(95 1)(96 1)(97 2)(98 3)(99 4)(100 2)(101 1)(102 1)(103 3)(104 2)(105 2)(108 1)(109 2)(111 2)(112 2)(114 1)(117 1)(120 2)(121 1)(124 1)(139 1)(140 1)
