NUMBER OF AREAS : 1
---area label--- : 1
area size : 617
mean x : 166.09
mean y : 164.85
mean E_x^2 : 157.51
mean E_y^2 : 77.63
mean E_xy^2 : 73.19
theta : 0.78
average greyscal : 53.28
average RGB [47.05,50.89,62.95]
(0 3)(1 1)(3 1)(5 2)(8 1)(9 3)(11 2)(12 1)(14 4)(15 4)(16 4)(18 3)(19 7)(20 6)(21 5)(22 4)(23 6)(24 12)(25 9)(26 8)(27 10)(28 5)(29 9)(30 6)(31 9)(32 10)(33 14)(34 5)(35 15)(36 13)(37 12)(38 13)(39 16)(40 17)(41 12)(42 6)(43 7)(44 10)(45 16)(46 10)(47 11)(48 8)(49 3)(50 2)(51 6)(52 6)(53 6)(54 4)(55 8)(56 7)(57 12)(58 6)(59 7)(60 7)(61 4)(62 12)(63 7)(64 13)(65 10)(66 7)(67 4)(68 7)(69 3)(70 6)(71 9)(72 7)(73 6)(74 5)(75 6)(76 7)(77 5)(78 5)(79 5)(80 6)(81 4)(82 4)(83 4)(84 3)(85 2)(86 4)(87 4)(88 4)(90 1)(91 2)(92 6)(93 3)(94 3)(95 2)(96 3)(97 4)(98 2)(99 2)(100 2)(102 1)(104 1)(105 1)(106 1)(107 3)(108 1)(109 1)(110 1)(112 1)(115 1)(116 1)(117 2)(119 2)(121 1)(122 1)(129 1)(130 1)(131 2)(134 1)(138 1)(139 1)(143 1)(148 1)(149 1)(154 1)
