NUMBER OF AREAS : 2
---area label--- : 1
area size : 32
mean x : 83.50
mean y : 89.44
mean E_x^2 : 5.38
mean E_y^2 : 4.25
mean E_xy^2 : 3.94
theta : 0.77
average greyscal : 26.66
average RGB [27.66,24.91,28.25]
(1 2)(9 1)(10 1)(11 3)(13 1)(14 1)(15 1)(16 1)(18 1)(20 2)(21 1)(22 1)(23 1)(29 4)(31 1)(32 1)(33 1)(34 2)(36 1)(40 1)(50 1)(61 1)(72 1)(78 1)
---area label--- : 2
area size : 477
mean x : 169.44
mean y : 125.42
mean E_x^2 : 100.72
mean E_y^2 : 61.39
mean E_xy^2 : 55.89
theta : 0.78
average greyscal : 50.66
average RGB [45.01,49.52,58.47]
(2 2)(3 5)(4 1)(5 4)(6 7)(7 5)(9 1)(10 2)(11 4)(12 4)(13 5)(14 1)(15 3)(16 6)(17 1)(18 6)(19 5)(20 2)(21 2)(22 4)(23 8)(24 4)(25 5)(26 7)(27 7)(28 6)(29 10)(30 10)(31 6)(32 13)(33 10)(34 9)(35 6)(36 6)(37 6)(38 6)(39 4)(40 3)(41 3)(42 7)(43 5)(44 3)(45 5)(46 6)(47 8)(48 4)(49 9)(50 4)(51 5)(52 10)(53 5)(54 10)(55 7)(56 11)(57 4)(58 2)(59 8)(60 8)(61 5)(62 14)(63 11)(64 6)(65 3)(67 6)(68 5)(69 1)(70 5)(71 3)(72 6)(73 2)(74 7)(75 2)(76 4)(77 5)(78 1)(79 1)(80 3)(81 4)(82 4)(83 2)(84 1)(85 1)(87 1)(88 1)(89 1)(90 2)(91 1)(92 4)(93 1)(94 1)(95 3)(96 2)(97 2)(98 1)(99 2)(100 1)(101 2)(102 3)(103 1)(106 4)(109 1)(113 1)(114 3)(115 3)(117 2)(118 1)(120 1)(121 1)(127 2)(129 1)(130 1)(133 1)(138 1)(139 1)(142 1)(144 1)
