NUMBER OF AREAS : 1
---area label--- : 1
area size : 650
mean x : 167.11
mean y : 166.95
mean E_x^2 : 166.83
mean E_y^2 : 77.44
mean E_xy^2 : 72.66
theta : 0.78
average greyscal : 54.35
average RGB [46.36,53.88,63.86]
(0 1)(1 2)(2 2)(5 2)(6 1)(7 1)(8 1)(9 4)(10 1)(12 6)(13 2)(14 2)(15 1)(16 3)(17 3)(18 2)(19 11)(21 5)(23 9)(24 7)(25 8)(26 6)(27 8)(28 10)(29 8)(30 14)(31 14)(32 12)(33 15)(34 18)(35 11)(36 14)(37 15)(38 8)(39 11)(40 17)(41 7)(42 8)(43 14)(44 12)(45 10)(46 4)(47 6)(48 4)(49 6)(50 5)(51 6)(52 7)(53 10)(54 4)(55 9)(56 4)(57 4)(58 6)(59 5)(60 11)(61 8)(62 6)(63 8)(64 10)(65 5)(66 10)(67 9)(68 6)(69 9)(70 12)(71 4)(72 6)(73 11)(74 9)(75 5)(76 3)(77 9)(78 6)(79 5)(80 3)(81 5)(82 4)(83 5)(84 6)(85 7)(86 2)(87 4)(88 4)(89 5)(90 4)(91 2)(92 5)(93 1)(94 4)(95 1)(96 1)(97 3)(98 4)(99 2)(100 3)(101 3)(102 3)(103 1)(105 2)(106 2)(107 1)(109 1)(110 1)(111 1)(113 1)(114 2)(116 1)(117 1)(122 1)(123 2)(125 1)(127 1)(129 1)(130 2)(132 1)(134 2)(136 1)(139 1)(140 1)(159 1)(169 1)(176 1)
