NUMBER OF AREAS : 2
---area label--- : 1
area size : 5
mean x : 86.00
mean y : 69.00
mean E_x^2 : 0.40
mean E_y^2 : 0.80
mean E_xy^2 : 0.40
theta : -0.51
average greyscal : 20.80
average RGB [17.00,21.40,25.20]
(8 1)(17 1)(26 2)(27 1)
---area label--- : 2
area size : 723
mean x : 266.21
mean y : 241.72
mean E_x^2 : 152.02
mean E_y^2 : 51.07
mean E_xy^2 : -55.79
theta : 0.78
average greyscal : 46.41
average RGB [37.02,46.79,56.38]
(5 1)(6 1)(8 1)(9 2)(10 1)(11 1)(12 2)(13 2)(14 3)(15 2)(16 5)(17 9)(18 10)(19 7)(20 5)(21 4)(22 12)(23 8)(24 13)(25 13)(26 18)(27 20)(28 9)(29 19)(30 6)(31 8)(32 15)(33 17)(34 14)(35 15)(36 11)(37 8)(38 11)(39 12)(40 10)(41 15)(42 23)(43 12)(44 8)(45 13)(46 8)(47 13)(48 23)(49 16)(50 15)(51 16)(52 15)(53 15)(54 9)(55 10)(56 5)(57 8)(58 9)(59 7)(60 8)(61 10)(62 13)(63 4)(64 8)(65 7)(66 9)(67 11)(68 7)(69 6)(70 13)(71 6)(72 4)(73 8)(74 8)(75 4)(76 6)(77 9)(78 7)(79 2)(80 7)(81 4)(82 3)(83 4)(84 1)(85 1)(86 5)(87 1)(89 4)(90 2)(92 1)(93 1)(94 1)(95 1)(101 1)(102 1)
