NUMBER OF AREAS : 2
---area label--- : 1
area size : 23
mean x : 85.91
mean y : 71.74
mean E_x^2 : 2.25
mean E_y^2 : 2.02
mean E_xy^2 : -0.11
theta : 0.77
average greyscal : 29.17
average RGB [28.30,26.70,33.26]
(2 1)(7 1)(8 1)(11 1)(13 1)(14 1)(15 1)(16 1)(17 1)(19 3)(20 2)(30 1)(31 1)(35 1)(36 1)(48 1)(54 1)(66 1)(84 1)(87 1)
---area label--- : 2
area size : 760
mean x : 269.62
mean y : 253.83
mean E_x^2 : 152.26
mean E_y^2 : 43.94
mean E_xy^2 : -30.77
theta : 0.78
average greyscal : 45.18
average RGB [36.02,44.50,56.10]
(4 2)(9 3)(12 3)(13 1)(14 3)(15 2)(16 5)(17 7)(18 3)(19 5)(20 14)(21 8)(22 8)(23 14)(24 18)(25 20)(26 20)(27 22)(28 12)(29 19)(30 10)(31 17)(32 18)(33 12)(34 15)(35 12)(36 16)(37 11)(38 12)(39 13)(40 11)(41 8)(42 12)(43 16)(44 16)(45 8)(46 22)(47 18)(48 19)(49 26)(50 11)(51 15)(52 6)(53 12)(54 17)(55 9)(56 9)(57 10)(58 10)(59 10)(60 8)(61 12)(62 13)(63 8)(64 5)(65 11)(66 6)(67 9)(68 8)(69 7)(70 5)(71 2)(72 6)(73 9)(74 6)(75 3)(76 6)(77 4)(78 3)(79 6)(80 2)(81 4)(82 3)(83 1)(84 3)(86 3)(87 1)(88 1)(89 1)(90 3)(91 1)(92 1)(94 2)(95 2)(99 1)(100 1)(107 1)(117 1)(145 1)
