NUMBER OF AREAS : 4
---area label--- : 1
area size : 5
mean x : 119.00
mean y : 96.00
mean E_x^2 : 0.40
mean E_y^2 : 0.80
mean E_xy^2 : 0.40
theta : -0.51
average greyscal : 77.20
average RGB [85.60,75.60,71.60]
(57 1)(71 1)(76 1)(90 1)(92 1)
---area label--- : 2
area size : 534
mean x : 139.75
mean y : 120.23
mean E_x^2 : 141.25
mean E_y^2 : 54.51
mean E_xy^2 : 74.84
theta : 0.78
average greyscal : 51.95
average RGB [43.57,51.03,62.21]
(0 2)(2 2)(3 1)(4 5)(6 3)(7 4)(8 5)(9 4)(10 5)(11 3)(12 2)(13 2)(14 5)(15 3)(16 3)(18 6)(19 3)(20 4)(21 5)(22 2)(23 4)(24 9)(25 5)(26 10)(27 11)(28 4)(29 7)(30 11)(31 14)(32 12)(33 10)(34 15)(35 16)(36 10)(37 9)(38 6)(39 4)(40 3)(41 2)(42 4)(43 3)(44 10)(45 3)(46 10)(47 11)(48 10)(49 7)(50 7)(51 3)(52 9)(53 5)(54 6)(55 5)(56 7)(57 7)(58 7)(59 4)(60 5)(61 6)(62 9)(63 4)(64 5)(65 5)(66 8)(67 5)(68 2)(69 3)(70 3)(71 5)(72 3)(73 4)(74 3)(76 4)(77 4)(78 6)(79 4)(80 2)(81 7)(82 4)(83 5)(84 2)(85 1)(86 2)(87 2)(88 4)(89 2)(90 1)(91 3)(92 2)(93 1)(95 4)(96 7)(97 3)(98 3)(99 2)(100 3)(101 4)(102 2)(103 3)(104 2)(105 1)(106 1)(107 1)(109 1)(110 1)(111 2)(113 1)(114 2)(118 1)(121 1)(124 1)(125 1)(127 1)(134 1)(135 2)(140 1)(141 1)(142 1)(144 1)(150 1)(152 1)(160 1)(167 1)
---area label--- : 3
area size : 5
mean x : 106.00
mean y : 108.00
mean E_x^2 : 0.40
mean E_y^2 : 0.80
mean E_xy^2 : 0.40
theta : -0.51
average greyscal : 86.80
average RGB [88.40,78.20,94.00]
(55 1)(75 1)(92 1)(104 1)(108 1)
---area label--- : 4
area size : 5
mean x : 113.00
mean y : 112.00
mean E_x^2 : 0.40
mean E_y^2 : 0.80
mean E_xy^2 : 0.40
theta : -0.51
average greyscal : 82.80
average RGB [97.40,82.00,70.40]
(55 1)(75 1)(81 1)(94 1)(109 1)
