NUMBER OF AREAS : 3
---area label--- : 1
area size : 224
mean x : 145.71
mean y : 161.32
mean E_x^2 : 15.85
mean E_y^2 : 23.89
mean E_xy^2 : -5.16
theta : -0.78
average greyscal : 63.65
average RGB [65.81,60.93,65.09]
(1 1)(16 1)(25 1)(27 1)(29 2)(32 1)(35 1)(37 1)(38 3)(39 3)(40 1)(41 3)(42 3)(43 4)(45 1)(46 7)(47 2)(48 2)(49 4)(50 6)(51 3)(52 7)(53 2)(54 9)(55 3)(56 4)(57 1)(58 2)(59 3)(60 8)(61 4)(62 10)(63 10)(64 10)(65 9)(66 12)(67 6)(68 10)(69 3)(70 5)(71 7)(72 8)(73 3)(74 4)(75 1)(76 1)(77 1)(79 2)(80 2)(82 1)(84 1)(85 1)(86 1)(88 1)(90 2)(93 1)(95 1)(97 1)(98 1)(99 1)(100 3)(103 2)(104 1)(108 1)(110 1)(112 1)(115 1)(116 1)(134 1)(137 1)(141 1)
---area label--- : 2
area size : 388
mean x : 120.17
mean y : 179.95
mean E_x^2 : 138.96
mean E_y^2 : 20.22
mean E_xy^2 : 38.45
theta : 0.77
average greyscal : 63.38
average RGB [73.51,56.12,61.43]
(0 2)(1 2)(2 1)(3 1)(4 2)(5 6)(6 2)(7 5)(8 2)(9 1)(10 2)(11 2)(12 1)(13 4)(14 2)(15 1)(16 1)(17 3)(18 3)(19 2)(20 1)(21 1)(22 1)(23 1)(24 5)(25 2)(26 1)(27 2)(28 5)(29 4)(30 1)(31 4)(32 8)(33 5)(34 2)(35 6)(36 5)(37 5)(38 7)(39 15)(40 8)(41 14)(42 10)(43 8)(44 4)(45 4)(46 6)(47 7)(48 4)(49 5)(50 3)(51 1)(52 6)(53 2)(54 4)(55 8)(56 3)(57 3)(59 2)(60 4)(61 2)(62 1)(63 3)(64 3)(65 3)(67 1)(68 2)(70 2)(71 4)(72 2)(73 2)(74 2)(75 1)(76 4)(77 3)(78 5)(79 1)(80 3)(81 1)(82 3)(84 2)(85 3)(86 2)(87 5)(89 2)(91 2)(92 1)(93 2)(94 3)(95 3)(96 1)(97 3)(98 3)(99 2)(100 1)(101 1)(102 2)(104 3)(105 1)(106 3)(108 2)(109 3)(111 2)(112 1)(114 1)(115 4)(116 2)(117 3)(118 2)(119 2)(120 2)(121 2)(122 1)(123 2)(124 1)(125 3)(126 3)(128 1)(130 2)(131 2)(133 1)(134 1)(135 1)(136 1)(138 2)(140 1)(141 1)(142 1)(144 1)(148 1)(151 1)(158 1)(196 1)(210 1)(211 1)(214 2)(241 1)(243 1)(250 1)(251 1)
---area label--- : 3
area size : 12
mean x : 123.83
mean y : 192.83
mean E_x^2 : 0.81
mean E_y^2 : 1.97
mean E_xy^2 : 0.81
theta : -0.61
average greyscal : 163.42
average RGB [155.67,158.67,176.25]
(7 1)(99 1)(140 1)(141 1)(172 1)(175 1)(183 1)(186 1)(202 1)(203 1)(204 1)(249 1)
