NUMBER OF AREAS : 3
---area label--- : 1
area size : 116
mean x : 84.99
mean y : 88.62
mean E_x^2 : 19.61
mean E_y^2 : 13.63
mean E_xy^2 : 9.18
theta : 0.78
average greyscal : 34.01
average RGB [37.64,27.99,37.42]
(0 2)(1 1)(2 3)(3 1)(4 1)(5 2)(6 1)(7 3)(8 1)(10 1)(11 2)(12 2)(13 3)(14 3)(17 3)(18 2)(19 4)(21 3)(22 1)(23 2)(24 4)(25 1)(26 3)(27 3)(28 4)(29 1)(30 3)(31 1)(32 2)(33 4)(34 4)(35 2)(36 2)(37 2)(38 2)(39 1)(41 2)(42 1)(43 2)(44 1)(45 2)(47 1)(48 2)(49 3)(50 4)(51 1)(52 1)(53 1)(54 1)(61 1)(64 1)(66 1)(67 1)(68 1)(77 1)(79 2)(83 1)(86 1)(104 1)(123 1)(124 1)(125 1)
---area label--- : 2
area size : 222
mean x : 145.80
mean y : 161.24
mean E_x^2 : 15.37
mean E_y^2 : 24.27
mean E_xy^2 : -4.92
theta : -0.78
average greyscal : 64.08
average RGB [68.44,60.31,64.70]
(0 1)(7 1)(13 1)(16 1)(28 1)(30 1)(32 1)(35 2)(37 1)(38 1)(39 1)(40 3)(41 2)(43 2)(44 6)(45 7)(46 3)(47 3)(48 4)(49 2)(50 3)(51 7)(52 4)(53 3)(54 3)(55 2)(56 1)(57 1)(58 7)(59 5)(60 5)(61 5)(62 13)(63 5)(64 8)(65 6)(66 5)(67 9)(68 4)(69 12)(70 4)(71 12)(72 4)(73 6)(74 5)(75 3)(76 2)(77 1)(78 3)(79 2)(80 2)(82 2)(83 1)(84 1)(85 1)(88 1)(91 3)(92 1)(93 1)(95 1)(101 1)(102 1)(104 1)(107 1)(109 1)(110 2)(111 2)(112 2)(113 1)(116 1)(150 1)
---area label--- : 3
area size : 5
mean x : 89.00
mean y : 249.00
mean E_x^2 : 0.40
mean E_y^2 : 0.80
mean E_xy^2 : 0.40
theta : -0.51
average greyscal : 28.20
average RGB [38.00,33.20,14.00]
(8 1)(13 1)(20 1)(37 1)(63 1)
