NUMBER OF AREAS : 3
---area label--- : 1
area size : 57
mean x : 86.37
mean y : 74.23
mean E_x^2 : 7.88
mean E_y^2 : 11.93
mean E_xy^2 : 5.37
theta : -0.77
average greyscal : 23.88
average RGB [23.19,24.91,24.63]
(0 2)(2 1)(4 4)(5 2)(7 1)(8 1)(9 1)(10 1)(12 2)(15 3)(16 2)(17 1)(19 2)(20 1)(21 3)(23 5)(24 3)(25 2)(26 2)(28 3)(30 1)(31 1)(32 1)(35 2)(36 1)(37 1)(38 1)(43 1)(45 1)(47 1)(51 1)(60 1)(83 1)(84 1)
---area label--- : 2
area size : 215
mean x : 145.64
mean y : 161.52
mean E_x^2 : 14.96
mean E_y^2 : 22.85
mean E_xy^2 : -3.68
theta : -0.78
average greyscal : 62.34
average RGB [65.43,60.46,62.19]
(4 1)(9 1)(10 1)(17 1)(30 2)(32 1)(33 1)(37 2)(38 4)(39 2)(40 2)(41 5)(42 5)(43 2)(44 1)(45 2)(46 3)(47 4)(48 3)(49 3)(50 4)(51 1)(52 6)(53 4)(54 1)(55 2)(56 5)(57 6)(58 3)(59 6)(60 6)(61 9)(62 9)(63 3)(64 5)(65 8)(66 11)(67 8)(68 3)(69 7)(70 13)(71 7)(72 6)(73 4)(74 5)(75 4)(77 1)(78 1)(80 2)(81 1)(82 2)(85 1)(92 1)(94 1)(97 1)(99 3)(101 1)(107 1)(109 2)(110 1)(114 1)(118 1)(124 1)(151 1)
---area label--- : 3
area size : 5
mean x : 89.00
mean y : 249.00
mean E_x^2 : 0.40
mean E_y^2 : 0.80
mean E_xy^2 : 0.40
theta : -0.51
average greyscal : 24.60
average RGB [29.80,29.20,16.40]
(8 1)(11 2)(26 1)(67 1)
