NUMBER OF AREAS : 4
---area label--- : 1
area size : 208
mean x : 79.69
mean y : 97.12
mean E_x^2 : 48.93
mean E_y^2 : 25.59
mean E_xy^2 : 30.14
theta : 0.78
average greyscal : 40.80
average RGB [43.40,36.97,42.87]
(1 1)(2 2)(3 1)(4 1)(5 1)(8 1)(9 2)(10 2)(11 2)(13 2)(14 1)(15 2)(16 3)(17 4)(18 2)(19 5)(20 3)(21 5)(22 3)(23 2)(24 4)(25 8)(26 9)(27 4)(28 5)(29 6)(30 8)(31 3)(32 8)(33 7)(34 2)(35 3)(36 1)(37 4)(38 5)(39 6)(40 7)(41 4)(42 3)(43 4)(44 3)(45 1)(46 3)(47 3)(48 2)(49 2)(50 2)(51 5)(52 1)(53 1)(54 3)(55 3)(57 1)(60 1)(62 1)(65 1)(66 1)(68 4)(69 1)(71 1)(74 2)(80 1)(83 2)(85 1)(90 1)(92 1)(93 1)(98 1)(100 1)(105 2)(109 1)(113 1)(118 1)(124 2)(142 1)(148 1)(153 1)(160 1)
---area label--- : 2
area size : 7
mean x : 81.71
mean y : 91.14
mean E_x^2 : 0.49
mean E_y^2 : 0.69
mean E_xy^2 : 0.18
theta : -0.64
average greyscal : 64.86
average RGB [77.29,58.00,59.71]
(59 2)(62 1)(63 1)(68 1)(71 1)(72 1)
---area label--- : 3
area size : 744
mean x : 205.97
mean y : 185.62
mean E_x^2 : 160.14
mean E_y^2 : 40.26
mean E_xy^2 : 41.73
theta : 0.78
average greyscal : 52.86
average RGB [42.82,51.72,64.86]
(5 1)(7 2)(8 1)(11 2)(12 2)(13 4)(14 1)(15 3)(16 3)(17 3)(18 4)(19 3)(20 6)(21 7)(22 6)(23 4)(24 8)(25 8)(26 11)(27 11)(28 16)(29 17)(30 18)(31 23)(32 19)(33 19)(34 12)(35 11)(36 12)(37 12)(38 9)(39 12)(40 9)(41 9)(42 15)(43 8)(44 5)(45 9)(46 12)(47 8)(48 6)(49 13)(50 9)(51 7)(52 11)(53 10)(54 10)(55 14)(56 16)(57 12)(58 12)(59 7)(60 17)(61 7)(62 10)(63 13)(64 5)(65 11)(66 17)(67 6)(68 13)(69 11)(70 10)(71 9)(72 6)(73 10)(74 13)(75 5)(76 6)(77 3)(78 4)(79 6)(80 2)(81 2)(82 9)(83 10)(84 6)(85 1)(86 3)(87 2)(88 4)(89 2)(90 3)(91 2)(93 1)(94 4)(95 1)(96 4)(97 1)(98 1)(99 1)(100 1)(101 2)(102 2)(103 2)(104 3)(105 1)(107 1)(112 2)(118 1)(121 1)(126 1)(127 1)(129 1)(131 1)(133 1)(134 1)(139 1)(142 1)(150 1)(151 2)(168 1)(175 1)(182 1)(183 1)
---area label--- : 4
area size : 8
mean x : 196.50
mean y : 204.50
mean E_x^2 : 0.75
mean E_y^2 : 1.25
mean E_xy^2 : 0.75
theta : -0.66
average greyscal : 118.00
average RGB [128.38,127.00,99.00]
(79 1)(82 1)(84 1)(112 1)(119 1)(130 1)(157 1)(181 1)
