NUMBER OF AREAS : 2
---area label--- : 1
area size : 219
mean x : 145.65
mean y : 161.38
mean E_x^2 : 14.82
mean E_y^2 : 23.72
mean E_xy^2 : -3.99
theta : -0.78
average greyscal : 64.46
average RGB [68.05,60.63,65.81]
(4 1)(5 1)(22 1)(24 1)(29 2)(37 1)(38 1)(39 2)(40 2)(41 2)(42 1)(43 3)(44 2)(45 1)(46 2)(47 5)(48 9)(49 4)(50 3)(51 8)(52 4)(53 4)(54 1)(55 3)(56 3)(57 4)(58 3)(59 2)(60 2)(61 5)(62 5)(63 4)(64 9)(65 6)(66 20)(67 8)(68 8)(69 8)(70 7)(71 10)(72 3)(73 6)(74 7)(75 4)(76 2)(77 1)(78 3)(80 1)(82 1)(83 2)(87 1)(89 2)(90 2)(93 1)(95 1)(97 1)(98 1)(99 1)(100 1)(101 2)(102 1)(108 1)(114 1)(116 1)(118 2)(120 1)(151 1)
---area label--- : 2
area size : 5
mean x : 89.00
mean y : 249.00
mean E_x^2 : 0.40
mean E_y^2 : 0.80
mean E_xy^2 : 0.40
theta : -0.51
average greyscal : 31.40
average RGB [28.40,39.00,28.00]
(15 1)(16 2)(28 1)(82 1)
