NUMBER OF AREAS : 4
---area label--- : 1
area size : 5
mean x : 73.00
mean y : 81.00
mean E_x^2 : 0.40
mean E_y^2 : 0.80
mean E_xy^2 : 0.40
theta : -0.51
average greyscal : 32.00
average RGB [35.40,25.00,36.80]
(18 1)(27 1)(33 1)(34 1)(48 1)
---area label--- : 2
area size : 140
mean x : 84.63
mean y : 89.35
mean E_x^2 : 25.05
mean E_y^2 : 11.64
mean E_xy^2 : 10.97
theta : 0.77
average greyscal : 41.17
average RGB [45.90,35.13,43.62]
(0 1)(2 4)(3 4)(4 2)(5 1)(7 1)(8 2)(9 1)(10 2)(11 3)(12 1)(13 3)(14 2)(15 2)(16 1)(17 2)(18 2)(19 6)(20 2)(21 3)(23 2)(25 3)(26 4)(27 4)(28 2)(29 2)(31 1)(32 8)(33 5)(34 3)(35 1)(36 1)(37 1)(38 4)(39 1)(40 3)(41 5)(42 1)(45 2)(46 3)(47 3)(48 3)(49 1)(50 1)(51 1)(52 1)(55 1)(59 2)(65 2)(72 1)(73 1)(74 1)(79 1)(81 1)(82 2)(86 1)(89 1)(99 2)(106 1)(107 1)(113 1)(119 1)(125 1)(128 1)(130 1)(132 1)(133 2)(134 1)(135 1)(138 1)
---area label--- : 3
area size : 220
mean x : 145.74
mean y : 161.31
mean E_x^2 : 15.09
mean E_y^2 : 24.00
mean E_xy^2 : -4.52
theta : -0.78
average greyscal : 63.18
average RGB [68.29,60.50,61.75]
(2 1)(7 1)(14 1)(17 1)(28 1)(30 1)(31 1)(34 1)(35 2)(40 1)(41 5)(42 6)(43 4)(44 1)(45 4)(46 2)(47 3)(48 5)(49 4)(50 4)(51 2)(52 4)(53 4)(54 3)(55 4)(56 2)(57 2)(58 7)(59 6)(60 10)(61 7)(62 3)(63 5)(64 5)(65 10)(66 14)(67 13)(68 3)(69 6)(70 9)(71 7)(72 8)(73 4)(74 2)(75 1)(76 1)(79 3)(80 2)(81 1)(82 2)(83 1)(86 1)(87 1)(91 1)(92 1)(94 1)(95 1)(96 1)(99 1)(101 2)(108 3)(109 1)(110 2)(115 2)(117 1)(142 1)
---area label--- : 4
area size : 5
mean x : 89.00
mean y : 249.00
mean E_x^2 : 0.40
mean E_y^2 : 0.80
mean E_xy^2 : 0.40
theta : -0.51
average greyscal : 34.20
average RGB [42.60,26.60,34.40]
(8 1)(23 1)(27 1)(33 1)(80 1)
