NUMBER OF AREAS : 2
---area label--- : 1
area size : 30
mean x : 85.93
mean y : 74.83
mean E_x^2 : 2.06
mean E_y^2 : 6.34
mean E_xy^2 : 1.02
theta : -0.70
average greyscal : 31.20
average RGB [29.10,32.47,33.47]
(0 1)(2 1)(6 1)(9 2)(10 1)(11 2)(12 2)(13 1)(14 1)(15 1)(16 1)(17 1)(20 1)(22 1)(30 1)(33 1)(35 1)(41 2)(42 1)(43 1)(45 2)(77 1)(84 1)(99 1)(122 1)
---area label--- : 2
area size : 741
mean x : 276.36
mean y : 269.53
mean E_x^2 : 87.51
mean E_y^2 : 91.20
mean E_xy^2 : -35.72
theta : -0.79
average greyscal : 46.87
average RGB [38.62,47.08,55.94]
(4 1)(9 2)(10 1)(12 3)(13 2)(14 1)(15 3)(16 2)(17 1)(18 4)(19 6)(20 8)(21 8)(22 6)(23 11)(24 7)(25 12)(26 9)(27 9)(28 10)(29 10)(30 14)(31 10)(32 15)(33 11)(34 19)(35 11)(36 13)(37 12)(38 9)(39 15)(40 19)(41 9)(42 25)(43 14)(44 21)(45 30)(46 23)(47 32)(48 17)(49 22)(50 25)(51 11)(52 9)(53 18)(54 12)(55 12)(56 10)(57 6)(58 13)(59 5)(60 12)(61 13)(62 4)(63 4)(64 2)(65 8)(66 7)(67 6)(68 9)(69 4)(70 4)(71 8)(72 10)(73 7)(74 7)(75 8)(76 6)(77 6)(78 3)(79 4)(80 3)(81 8)(82 5)(83 3)(84 4)(85 2)(87 1)(88 2)(90 2)(97 1)
