NUMBER OF AREAS : 2
---area label--- : 1
area size : 557
mean x : 134.68
mean y : 154.12
mean E_x^2 : 130.58
mean E_y^2 : 55.71
mean E_xy^2 : 62.42
theta : 0.78
average greyscal : 55.69
average RGB [59.36,53.26,55.36]
(0 5)(1 3)(2 1)(3 2)(4 5)(5 1)(7 2)(9 3)(10 1)(11 2)(12 3)(13 1)(14 1)(16 3)(17 3)(19 2)(20 5)(21 5)(22 8)(23 4)(24 7)(25 6)(26 9)(27 12)(28 4)(29 9)(30 9)(31 8)(32 9)(33 10)(34 3)(35 10)(36 2)(37 8)(38 5)(39 5)(40 5)(41 5)(42 6)(43 7)(44 4)(45 12)(46 12)(47 12)(48 7)(49 5)(50 4)(51 3)(52 6)(53 8)(54 7)(55 4)(56 5)(57 5)(58 5)(59 9)(60 10)(61 8)(62 6)(63 11)(64 10)(65 13)(66 12)(67 11)(68 11)(69 10)(70 8)(71 8)(72 11)(73 5)(74 6)(75 5)(76 3)(77 4)(78 3)(79 5)(80 1)(81 6)(82 1)(83 5)(84 2)(86 3)(88 2)(89 2)(91 2)(92 1)(93 6)(94 4)(95 5)(96 1)(97 1)(98 1)(99 2)(100 2)(101 2)(102 2)(103 1)(105 1)(106 2)(107 1)(108 6)(109 3)(110 4)(111 1)(112 1)(115 1)(117 1)(121 1)(122 1)(123 2)(126 1)(127 2)(128 1)(134 1)(135 1)(136 1)(137 1)(141 2)(142 1)(143 1)(205 1)
---area label--- : 2
area size : 5
mean x : 124.00
mean y : 158.00
mean E_x^2 : 0.40
mean E_y^2 : 0.80
mean E_xy^2 : 0.40
theta : -0.51
average greyscal : 66.20
average RGB [78.20,52.00,68.80]
(31 1)(33 1)(55 1)(99 1)(113 1)
