NUMBER OF AREAS : 2
---area label--- : 1
area size : 701
mean x : 225.92
mean y : 184.34
mean E_x^2 : 148.18
mean E_y^2 : 35.49
mean E_xy^2 : 13.78
theta : 0.78
average greyscal : 49.57
average RGB [41.03,50.46,58.22]
(5 2)(11 2)(12 1)(14 1)(15 1)(16 2)(17 2)(18 4)(20 3)(21 5)(22 10)(23 4)(24 8)(25 9)(26 14)(27 12)(28 9)(29 16)(30 6)(31 21)(32 17)(33 9)(34 10)(35 9)(36 10)(37 16)(38 13)(39 10)(40 15)(41 18)(42 15)(43 15)(44 16)(45 20)(46 23)(47 22)(48 14)(49 15)(50 10)(51 14)(52 13)(53 11)(54 15)(55 13)(56 6)(57 6)(58 13)(59 11)(60 9)(61 12)(62 6)(63 12)(64 7)(65 8)(66 7)(67 13)(68 7)(69 7)(70 9)(71 4)(72 4)(73 2)(74 6)(75 5)(76 4)(77 2)(78 4)(79 6)(80 2)(81 3)(82 1)(83 1)(84 2)(85 6)(86 2)(88 3)(89 4)(90 3)(91 5)(92 1)(93 1)(94 5)(96 3)(97 2)(98 3)(99 1)(101 1)(103 1)(104 1)(108 1)(115 2)(124 1)(145 1)
---area label--- : 2
area size : 8
mean x : 224.50
mean y : 199.00
mean E_x^2 : 0.75
mean E_y^2 : 0.75
mean E_xy^2 : 0.38
theta : 0.79
average greyscal : 71.62
average RGB [70.38,63.88,82.12]
(26 1)(67 1)(68 1)(69 1)(80 1)(85 1)(86 1)(92 1)
