NUMBER OF AREAS : 3
---area label--- : 1
area size : 25
mean x : 82.76
mean y : 75.52
mean E_x^2 : 2.50
mean E_y^2 : 2.89
mean E_xy^2 : -0.32
theta : -0.77
average greyscal : 26.28
average RGB [21.68,30.12,27.48]
(1 1)(3 1)(10 1)(11 2)(14 2)(16 1)(17 1)(18 1)(21 1)(22 1)(23 1)(24 1)(25 2)(29 1)(30 2)(32 1)(36 1)(45 1)(50 1)(56 1)(94 1)
---area label--- : 2
area size : 8
mean x : 137.50
mean y : 83.50
mean E_x^2 : 0.75
mean E_y^2 : 1.25
mean E_xy^2 : 0.75
theta : -0.66
average greyscal : 72.38
average RGB [77.88,67.12,72.62]
(34 1)(52 1)(55 1)(61 1)(67 1)(98 1)(104 1)(108 1)
---area label--- : 3
area size : 628
mean x : 157.01
mean y : 112.29
mean E_x^2 : 152.05
mean E_y^2 : 67.75
mean E_xy^2 : 85.34
theta : 0.78
average greyscal : 53.30
average RGB [45.77,51.54,63.49]
(1 2)(2 1)(5 2)(8 1)(9 1)(10 4)(11 2)(12 2)(13 1)(14 7)(15 3)(16 2)(17 5)(18 7)(19 5)(20 6)(21 8)(22 6)(23 4)(24 5)(25 6)(26 5)(27 12)(28 9)(29 12)(30 12)(31 11)(32 18)(33 12)(34 16)(35 13)(36 5)(37 4)(38 8)(39 6)(40 9)(41 9)(42 13)(43 12)(44 10)(45 7)(46 10)(47 7)(48 9)(49 8)(50 10)(51 9)(52 3)(53 3)(54 8)(55 13)(56 12)(57 10)(58 4)(59 4)(60 8)(61 15)(62 12)(63 11)(64 3)(65 6)(66 5)(67 10)(68 7)(69 5)(70 7)(71 7)(72 5)(73 8)(74 3)(75 5)(76 4)(77 5)(78 3)(79 5)(80 4)(81 1)(82 4)(83 1)(84 5)(85 6)(86 3)(87 5)(88 7)(89 3)(90 7)(91 4)(92 1)(93 3)(94 2)(95 6)(96 2)(97 2)(98 1)(102 4)(103 1)(106 2)(107 1)(110 1)(111 3)(112 1)(116 1)(117 1)(118 1)(119 1)(120 1)(121 2)(122 1)(126 2)(128 2)(133 1)(134 1)(138 1)(139 1)(141 1)(154 1)(164 1)(168 1)(171 1)
