NUMBER OF AREAS : 2
---area label--- : 1
area size : 393
mean x : 184.31
mean y : 187.79
mean E_x^2 : 84.63
mean E_y^2 : 35.70
mean E_xy^2 : 33.69
theta : 0.78
average greyscal : 53.37
average RGB [47.77,51.97,61.40]
(7 2)(8 1)(11 2)(12 1)(13 2)(15 4)(16 1)(17 4)(18 1)(19 1)(20 1)(21 3)(22 3)(23 5)(24 5)(25 5)(26 2)(27 8)(28 7)(29 10)(30 8)(31 18)(32 14)(33 11)(34 7)(35 10)(36 12)(37 5)(38 8)(39 6)(40 10)(41 5)(42 4)(43 4)(44 3)(45 2)(46 2)(47 3)(48 2)(49 1)(50 3)(51 6)(52 3)(53 5)(54 8)(55 7)(56 3)(57 1)(58 5)(59 6)(60 6)(61 5)(62 3)(63 3)(64 4)(65 5)(66 5)(67 1)(68 4)(69 6)(70 4)(71 4)(72 3)(73 6)(74 1)(75 6)(76 3)(77 2)(78 1)(79 2)(80 2)(81 2)(82 1)(83 1)(84 1)(85 4)(86 4)(88 4)(89 4)(90 4)(91 1)(92 2)(93 1)(94 2)(97 2)(99 1)(100 2)(101 4)(102 1)(103 1)(104 1)(105 1)(106 2)(107 4)(109 2)(110 3)(114 1)(117 1)(118 1)(120 2)(124 2)(129 1)(135 2)(151 1)(160 1)
---area label--- : 2
area size : 26
mean x : 169.27
mean y : 200.38
mean E_x^2 : 3.81
mean E_y^2 : 1.16
mean E_xy^2 : 0.17
theta : 0.64
average greyscal : 158.73
average RGB [150.92,159.15,167.08]
(8 1)(58 1)(99 1)(143 1)(150 1)(153 1)(158 1)(159 1)(162 1)(165 1)(172 1)(174 3)(175 3)(177 1)(178 1)(180 1)(182 2)(185 1)(186 1)(187 1)(196 1)
