NUMBER OF AREAS : 1
---area label--- : 1
area size : 467
mean x : 141.82
mean y : 119.92
mean E_x^2 : 150.54
mean E_y^2 : 48.26
mean E_xy^2 : 74.18
theta : 0.78
average greyscal : 55.96
average RGB [49.79,54.66,64.36]
(0 3)(1 2)(2 3)(3 3)(4 2)(5 1)(7 3)(8 2)(10 1)(11 1)(12 3)(13 2)(14 1)(15 3)(16 1)(17 2)(18 1)(19 4)(20 4)(21 5)(22 3)(23 11)(24 2)(25 5)(26 9)(27 7)(28 4)(29 5)(30 14)(31 12)(32 11)(33 3)(34 18)(35 2)(36 9)(37 9)(38 9)(39 7)(40 2)(41 5)(42 6)(43 6)(44 6)(45 4)(46 4)(47 2)(48 6)(49 6)(50 3)(51 8)(52 8)(53 1)(54 2)(55 5)(56 6)(57 5)(58 8)(59 3)(60 3)(61 4)(62 3)(63 6)(64 5)(65 1)(66 11)(67 6)(68 3)(69 5)(70 6)(71 7)(72 1)(73 4)(74 4)(75 2)(76 5)(77 2)(78 5)(79 5)(80 3)(81 2)(82 7)(83 3)(84 3)(86 2)(88 1)(89 4)(90 1)(91 2)(92 3)(93 3)(94 2)(95 3)(96 2)(97 3)(98 1)(99 1)(101 4)(102 2)(103 2)(104 3)(105 1)(106 1)(107 2)(108 2)(109 1)(110 1)(111 1)(112 2)(113 1)(114 2)(116 3)(118 2)(125 1)(128 2)(130 1)(132 1)(139 2)(145 1)(147 1)(149 1)(150 1)(158 1)(159 1)(162 1)(164 1)(168 1)(173 1)(175 1)(180 1)(189 1)
