NUMBER OF AREAS : 1
---area label--- : 1
area size : 533
mean x : 119.15
mean y : 142.84
mean E_x^2 : 110.85
mean E_y^2 : 31.17
mean E_xy^2 : 36.32
theta : 0.78
average greyscal : 62.39
average RGB [68.57,58.57,61.06]
(0 1)(1 3)(2 4)(3 5)(4 3)(5 1)(6 2)(9 2)(10 3)(11 2)(12 1)(13 1)(14 2)(16 4)(17 1)(18 4)(19 4)(20 5)(21 3)(22 4)(23 7)(24 6)(25 4)(26 8)(27 5)(28 4)(29 4)(30 3)(31 10)(32 2)(33 9)(34 5)(35 2)(36 1)(37 1)(38 7)(39 2)(40 7)(41 8)(42 6)(43 9)(44 6)(45 4)(46 8)(47 4)(48 11)(49 4)(50 5)(51 11)(52 6)(53 10)(54 8)(55 6)(56 5)(57 3)(58 10)(59 4)(60 1)(61 4)(62 9)(63 4)(64 6)(65 5)(66 6)(67 4)(68 3)(69 4)(70 9)(71 10)(72 18)(73 15)(74 7)(75 12)(76 4)(77 5)(78 2)(79 4)(80 4)(81 4)(82 5)(83 8)(84 6)(85 1)(86 2)(87 1)(88 1)(89 1)(90 3)(91 1)(92 2)(93 2)(94 3)(96 1)(97 5)(98 2)(99 3)(101 4)(102 1)(103 5)(104 7)(105 5)(106 1)(107 1)(108 4)(110 3)(112 3)(113 2)(114 1)(115 1)(116 1)(117 2)(121 1)(122 1)(123 2)(124 4)(125 1)(126 1)(129 2)(131 1)(132 1)(135 2)(136 1)(142 1)(144 1)(145 1)(146 1)(150 3)(158 2)(164 1)(165 1)(167 2)(170 2)(178 1)(180 1)(187 1)
