NUMBER OF AREAS : 1
---area label--- : 1
area size : 675
mean x : 199.19
mean y : 230.17
mean E_x^2 : 168.80
mean E_y^2 : 71.33
mean E_xy^2 : 3.98
theta : 0.78
average greyscal : 68.85
average RGB [64.47,67.07,75.98]
(0 1)(1 1)(2 1)(4 1)(6 4)(8 2)(11 2)(12 3)(13 1)(14 2)(16 2)(17 3)(18 5)(19 3)(20 5)(21 4)(22 3)(23 2)(24 10)(25 11)(26 9)(27 14)(28 18)(29 10)(30 15)(31 12)(32 14)(33 19)(34 12)(35 12)(36 14)(37 8)(38 17)(39 9)(40 5)(41 8)(42 5)(43 4)(44 5)(45 5)(46 4)(47 2)(48 6)(49 3)(50 4)(51 6)(53 8)(54 6)(55 10)(56 5)(57 7)(58 5)(59 6)(60 3)(61 8)(62 8)(63 8)(64 8)(65 13)(66 8)(67 9)(68 10)(69 8)(70 2)(71 5)(72 11)(73 5)(74 9)(75 5)(76 7)(77 6)(78 3)(79 9)(80 4)(81 3)(82 4)(83 2)(84 2)(85 6)(86 1)(87 4)(88 4)(89 4)(90 3)(91 1)(92 1)(94 2)(96 1)(97 4)(98 2)(100 1)(101 2)(103 1)(104 3)(105 2)(106 3)(108 1)(109 3)(110 3)(111 1)(112 1)(113 1)(114 1)(117 1)(118 1)(119 1)(120 3)(121 1)(122 2)(124 5)(125 1)(127 1)(128 1)(131 1)(132 1)(133 1)(135 1)(136 2)(137 3)(138 4)(141 3)(142 1)(143 3)(145 1)(148 1)(149 4)(151 1)(152 1)(155 2)(159 2)(161 1)(163 1)(166 2)(168 1)(170 1)(171 1)(173 2)(174 1)(175 2)(177 2)(178 2)(179 1)(180 2)(182 1)(183 1)(185 2)(187 1)(188 2)(189 1)(190 1)(191 3)(192 1)(194 1)(195 2)(197 4)(198 2)(199 2)(200 3)(202 2)(203 1)(204 1)(209 3)(219 1)(224 1)(226 1)(230 1)
