NUMBER OF AREAS : 1
---area label--- : 1
area size : 93
mean x : 85.73
mean y : 90.26
mean E_x^2 : 14.99
mean E_y^2 : 21.57
mean E_xy^2 : 14.47
theta : -0.78
average greyscal : 41.35
average RGB [48.20,35.94,40.99]
(0 2)(2 1)(4 2)(5 1)(7 1)(9 2)(10 2)(11 2)(13 2)(14 1)(16 1)(17 1)(18 1)(21 2)(22 1)(23 1)(24 1)(25 2)(26 2)(27 2)(28 2)(31 1)(32 1)(33 1)(34 1)(35 2)(39 3)(40 3)(41 2)(42 1)(43 2)(44 2)(45 2)(46 1)(49 2)(51 3)(52 5)(53 4)(54 1)(55 1)(56 2)(57 3)(58 1)(59 5)(60 2)(61 1)(66 1)(68 1)(77 1)(84 1)(89 1)(98 1)(107 1)(118 1)(123 1)
