NUMBER OF AREAS : 3
---area label--- : 1
area size : 257
mean x : 88.24
mean y : 130.54
mean E_x^2 : 77.96
mean E_y^2 : 25.12
mean E_xy^2 : 38.19
theta : 0.78
average greyscal : 44.18
average RGB [50.17,38.84,44.41]
(0 5)(1 5)(2 2)(3 1)(5 3)(6 4)(7 4)(8 2)(9 2)(10 3)(11 3)(12 1)(13 2)(14 1)(16 2)(17 2)(18 2)(19 3)(20 2)(21 3)(22 4)(23 3)(24 1)(25 5)(26 6)(27 3)(28 4)(29 3)(30 5)(31 3)(32 4)(33 7)(34 7)(35 6)(36 5)(37 6)(38 6)(39 5)(40 3)(41 1)(42 5)(43 2)(44 7)(45 2)(46 1)(47 7)(48 3)(49 2)(50 1)(51 7)(52 6)(53 7)(55 2)(56 7)(58 1)(59 1)(60 3)(61 2)(63 1)(64 1)(67 1)(68 4)(69 1)(70 1)(72 1)(73 3)(74 1)(75 1)(76 1)(77 1)(78 1)(79 1)(80 2)(81 1)(83 2)(85 2)(86 1)(87 1)(89 1)(90 2)(96 3)(98 1)(99 1)(102 1)(106 1)(108 2)(110 1)(111 1)(113 1)(115 1)(116 1)(118 2)(119 2)(124 1)(125 1)(192 1)
---area label--- : 2
area size : 221
mean x : 145.77
mean y : 161.25
mean E_x^2 : 15.20
mean E_y^2 : 24.35
mean E_xy^2 : -4.87
theta : -0.78
average greyscal : 63.55
average RGB [67.00,59.71,64.82]
(2 1)(11 1)(20 1)(21 1)(26 1)(30 2)(35 1)(36 2)(37 2)(40 1)(41 3)(42 5)(43 2)(44 2)(45 2)(46 3)(47 3)(48 4)(49 9)(50 4)(51 2)(52 3)(53 7)(54 1)(55 1)(56 2)(57 4)(58 6)(59 4)(60 6)(61 6)(62 7)(63 8)(64 7)(65 12)(66 12)(67 12)(68 3)(69 8)(70 6)(71 7)(72 7)(73 1)(74 2)(75 4)(76 2)(77 1)(78 1)(79 2)(80 2)(81 2)(82 2)(83 2)(84 1)(86 1)(92 1)(97 1)(98 1)(99 1)(100 2)(105 2)(106 2)(107 2)(115 1)(117 1)(118 2)(150 1)
---area label--- : 3
area size : 5
mean x : 89.00
mean y : 249.00
mean E_x^2 : 0.40
mean E_y^2 : 0.80
mean E_xy^2 : 0.40
theta : -0.51
average greyscal : 44.60
average RGB [67.00,25.00,42.60]
(16 1)(27 1)(32 1)(69 1)(79 1)
