NUMBER OF AREAS : 2
---area label--- : 1
area size : 30
mean x : 84.90
mean y : 74.93
mean E_x^2 : 3.49
mean E_y^2 : 8.40
mean E_xy^2 : 3.66
theta : -0.74
average greyscal : 27.87
average RGB [31.33,26.20,27.37]
(2 1)(5 1)(10 2)(11 2)(12 2)(15 1)(16 2)(18 1)(19 1)(21 1)(22 2)(23 2)(24 2)(25 1)(26 1)(34 1)(38 1)(48 1)(49 3)(100 1)(102 1)
---area label--- : 2
area size : 838
mean x : 273.95
mean y : 262.25
mean E_x^2 : 109.63
mean E_y^2 : 101.59
mean E_xy^2 : -34.86
theta : 0.79
average greyscal : 44.71
average RGB [35.19,44.67,55.23]
(5 1)(8 2)(9 1)(10 2)(11 4)(12 2)(14 4)(15 4)(16 4)(17 9)(18 7)(19 14)(20 9)(21 8)(22 11)(23 19)(24 20)(25 21)(26 17)(27 22)(28 17)(29 6)(30 11)(31 16)(32 18)(33 18)(34 19)(35 10)(36 11)(37 14)(38 23)(39 18)(40 16)(41 14)(42 10)(43 13)(44 23)(45 23)(46 14)(47 13)(48 20)(49 19)(50 8)(51 18)(52 18)(53 9)(54 12)(55 17)(56 6)(57 10)(58 10)(59 15)(60 11)(61 13)(62 7)(63 13)(64 5)(65 13)(66 11)(67 10)(68 9)(69 12)(70 4)(71 7)(72 4)(73 8)(74 6)(75 7)(76 6)(77 2)(78 5)(79 1)(80 3)(81 1)(82 7)(83 4)(84 2)(85 4)(87 3)(88 1)(89 2)(90 1)(91 1)(93 1)(95 2)(102 1)(118 1)
