NUMBER OF AREAS : 1
---area label--- : 1
area size : 580
mean x : 162.95
mean y : 158.20
mean E_x^2 : 156.74
mean E_y^2 : 54.48
mean E_xy^2 : 65.17
theta : 0.78
average greyscal : 55.27
average RGB [47.15,54.91,64.71]
(0 1)(1 1)(2 1)(3 1)(4 1)(5 3)(6 1)(8 2)(10 1)(11 2)(12 4)(13 4)(14 4)(15 3)(16 2)(17 4)(19 4)(20 4)(21 5)(22 6)(23 8)(24 11)(25 5)(26 7)(27 6)(28 8)(29 6)(30 7)(31 11)(32 16)(33 14)(34 15)(35 8)(36 8)(37 9)(38 2)(39 11)(40 8)(41 5)(42 7)(43 5)(44 7)(45 4)(46 6)(47 8)(48 5)(49 8)(50 5)(51 7)(52 3)(53 9)(54 8)(55 12)(56 11)(57 8)(58 3)(59 6)(60 10)(61 5)(62 7)(63 7)(64 5)(65 3)(66 9)(67 8)(68 4)(69 12)(70 9)(71 6)(72 4)(73 7)(74 3)(75 8)(76 2)(77 6)(78 4)(79 2)(80 6)(81 3)(82 7)(83 3)(84 3)(85 3)(86 7)(87 6)(88 7)(89 3)(90 4)(91 5)(92 1)(93 6)(94 5)(95 4)(96 3)(97 2)(98 1)(100 2)(101 3)(102 2)(104 2)(106 4)(107 3)(109 1)(112 2)(115 2)(116 2)(117 1)(120 1)(122 1)(123 1)(124 1)(126 2)(128 1)(130 1)(132 1)(134 1)(135 1)(136 1)(137 1)(140 1)(161 1)
