NUMBER OF AREAS : 3
---area label--- : 1
area size : 5
mean x : 169.00
mean y : 109.00
mean E_x^2 : 0.40
mean E_y^2 : 0.80
mean E_xy^2 : 0.40
theta : -0.51
average greyscal : 76.40
average RGB [83.40,68.00,79.20]
(62 1)(65 1)(75 2)(105 1)
---area label--- : 2
area size : 657
mean x : 155.83
mean y : 124.68
mean E_x^2 : 133.42
mean E_y^2 : 53.78
mean E_xy^2 : 47.98
theta : 0.78
average greyscal : 48.97
average RGB [41.81,48.72,57.29]
(0 6)(1 5)(2 3)(3 2)(4 1)(5 2)(6 1)(7 2)(8 3)(9 2)(10 4)(11 4)(12 6)(13 4)(14 4)(15 2)(16 3)(17 6)(18 4)(19 5)(20 7)(21 5)(22 9)(23 1)(24 6)(25 10)(26 9)(27 13)(28 11)(29 12)(30 12)(31 19)(32 23)(33 10)(34 14)(35 12)(36 7)(37 9)(38 8)(39 11)(40 8)(41 5)(42 12)(43 8)(44 9)(45 10)(46 15)(47 12)(48 7)(49 8)(50 10)(51 7)(52 8)(53 9)(54 11)(55 8)(56 9)(57 10)(58 5)(59 10)(60 8)(61 12)(62 7)(63 9)(64 7)(65 9)(66 12)(67 4)(69 8)(70 7)(71 2)(72 4)(73 4)(74 3)(75 4)(76 6)(77 5)(79 2)(80 3)(81 6)(82 5)(83 4)(84 1)(85 4)(86 2)(87 2)(88 6)(89 2)(90 1)(91 5)(92 1)(93 3)(94 2)(95 5)(96 1)(97 2)(98 1)(99 1)(100 2)(101 1)(102 2)(103 1)(104 2)(105 1)(106 1)(107 2)(114 1)(115 1)(116 1)(127 1)(130 2)(136 1)(137 2)(146 2)(148 3)(152 1)(156 1)(173 1)
---area label--- : 3
area size : 8
mean x : 152.50
mean y : 146.50
mean E_x^2 : 0.75
mean E_y^2 : 1.25
mean E_xy^2 : 0.75
theta : -0.66
average greyscal : 69.25
average RGB [77.25,64.50,67.12]
(59 1)(62 2)(65 1)(67 1)(74 1)(81 1)(84 1)
