NUMBER OF AREAS : 1
---area label--- : 1
area size : 339
mean x : 100.58
mean y : 121.25
mean E_x^2 : 60.11
mean E_y^2 : 28.59
mean E_xy^2 : 23.78
theta : 0.78
average greyscal : 59.33
average RGB [68.00,52.82,58.35]
(0 1)(2 3)(3 1)(5 3)(6 1)(8 1)(9 1)(10 1)(11 3)(12 3)(14 3)(15 2)(16 1)(17 3)(18 1)(20 3)(22 1)(24 2)(25 3)(26 1)(28 3)(29 6)(30 3)(31 3)(32 3)(33 2)(34 1)(35 4)(36 2)(37 3)(38 2)(39 5)(40 4)(41 7)(42 4)(43 3)(44 5)(45 10)(46 5)(47 3)(48 6)(49 4)(50 8)(51 2)(52 4)(53 3)(54 6)(55 3)(56 1)(57 5)(58 3)(59 3)(60 9)(61 8)(62 4)(63 7)(64 7)(65 5)(66 7)(67 6)(68 8)(69 4)(70 6)(71 8)(72 5)(73 10)(74 9)(75 4)(76 5)(79 1)(80 1)(81 2)(82 3)(83 1)(84 4)(85 5)(86 1)(87 1)(88 1)(89 1)(90 3)(92 3)(93 1)(95 1)(97 2)(99 3)(100 2)(101 1)(102 1)(103 2)(104 1)(105 3)(108 1)(110 1)(111 1)(112 1)(115 1)(116 1)(117 1)(118 1)(122 1)(123 1)(125 1)(128 1)(134 2)(140 1)(146 1)(147 1)(163 1)(167 1)
