NUMBER OF AREAS : 4
---area label--- : 1
area size : 24
mean x : 83.83
mean y : 73.83
mean E_x^2 : 3.97
mean E_y^2 : 2.97
mean E_xy^2 : 2.81
theta : 0.76
average greyscal : 22.79
average RGB [25.50,20.00,23.67]
(0 1)(1 1)(4 1)(10 1)(11 1)(14 1)(16 1)(17 1)(19 1)(21 2)(23 1)(26 1)(27 3)(29 2)(30 1)(31 1)(34 1)(39 1)(40 1)(51 1)
---area label--- : 2
area size : 8
mean x : 138.50
mean y : 84.50
mean E_x^2 : 0.75
mean E_y^2 : 1.25
mean E_xy^2 : 0.75
theta : -0.66
average greyscal : 69.62
average RGB [76.88,66.00,66.25]
(29 1)(36 1)(53 1)(72 1)(81 1)(86 1)(93 1)(107 1)
---area label--- : 3
area size : 621
mean x : 156.94
mean y : 112.56
mean E_x^2 : 153.32
mean E_y^2 : 65.98
mean E_xy^2 : 84.54
theta : 0.78
average greyscal : 51.35
average RGB [42.71,51.12,61.18]
(0 1)(1 1)(2 2)(3 1)(4 3)(5 2)(7 5)(8 2)(9 1)(10 2)(11 2)(12 5)(13 4)(14 3)(16 5)(17 3)(18 3)(19 3)(20 4)(21 5)(22 5)(23 4)(24 7)(25 9)(26 9)(27 9)(28 11)(29 21)(30 16)(31 17)(32 20)(33 16)(34 9)(35 8)(36 12)(37 7)(38 10)(39 10)(40 9)(41 7)(42 4)(43 9)(44 7)(45 5)(46 8)(47 12)(48 10)(49 5)(50 7)(51 5)(52 4)(53 6)(54 8)(55 9)(56 11)(57 11)(58 11)(59 6)(60 7)(61 6)(62 11)(63 9)(64 7)(65 8)(66 4)(67 8)(68 8)(69 5)(70 5)(71 4)(72 3)(73 4)(74 6)(75 4)(76 4)(77 4)(78 4)(79 3)(80 4)(81 3)(82 2)(83 9)(84 7)(85 2)(86 2)(87 2)(88 5)(89 5)(90 3)(91 3)(92 1)(93 1)(94 1)(95 1)(96 7)(97 1)(98 1)(100 1)(101 2)(103 3)(104 1)(105 1)(106 1)(107 4)(108 3)(110 2)(113 1)(116 2)(120 1)(121 1)(122 1)(124 1)(132 1)(135 2)(136 2)(137 1)(138 1)(141 1)(146 1)(152 1)(174 1)
---area label--- : 4
area size : 10
mean x : 131.00
mean y : 106.50
mean E_x^2 : 1.40
mean E_y^2 : 1.05
mean E_xy^2 : 0.90
theta : 0.73
average greyscal : 85.80
average RGB [95.20,83.50,80.10]
(46 1)(56 1)(69 1)(74 1)(89 1)(94 1)(96 1)(104 1)(115 2)
