NUMBER OF AREAS : 2
---area label--- : 1
area size : 12
mean x : 85.75
mean y : 69.42
mean E_x^2 : 1.52
mean E_y^2 : 2.74
mean E_xy^2 : 1.77
theta : -0.71
average greyscal : 20.00
average RGB [18.50,20.25,22.42]
(0 1)(11 1)(13 1)(14 1)(15 1)(17 1)(23 1)(24 1)(25 1)(26 1)(33 1)(39 1)
---area label--- : 2
area size : 820
mean x : 264.13
mean y : 236.50
mean E_x^2 : 128.44
mean E_y^2 : 71.56
mean E_xy^2 : -32.05
theta : 0.78
average greyscal : 45.55
average RGB [37.44,44.87,55.32]
(3 1)(4 2)(5 2)(7 1)(8 1)(10 2)(11 3)(12 1)(13 3)(14 5)(15 6)(16 7)(17 11)(18 8)(19 7)(20 7)(21 11)(22 8)(23 18)(24 20)(25 33)(26 16)(27 10)(28 18)(29 12)(30 14)(31 12)(32 14)(33 18)(34 9)(35 15)(36 10)(37 16)(38 13)(39 15)(40 20)(41 14)(42 12)(43 21)(44 18)(45 12)(46 24)(47 15)(48 19)(49 16)(50 11)(51 10)(52 14)(53 12)(54 14)(55 12)(56 12)(57 10)(58 1)(59 8)(60 12)(61 4)(62 8)(63 10)(64 5)(65 3)(66 10)(67 10)(68 6)(69 3)(70 3)(71 9)(72 4)(73 11)(74 6)(75 6)(76 3)(77 7)(78 4)(79 4)(80 3)(81 8)(82 9)(83 3)(84 6)(85 7)(87 4)(88 3)(89 5)(90 4)(91 3)(92 2)(94 1)(95 2)(96 1)(97 1)(100 1)(101 1)(104 1)(106 1)(111 1)(115 1)
