NUMBER OF AREAS : 1
---area label--- : 1
area size : 245
mean x : 94.35
mean y : 111.87
mean E_x^2 : 51.88
mean E_y^2 : 29.63
mean E_xy^2 : 23.70
theta : 0.78
average greyscal : 58.98
average RGB [65.96,55.48,56.50]
(0 4)(1 2)(2 1)(3 2)(4 2)(5 2)(6 1)(7 1)(8 1)(10 3)(11 1)(12 1)(16 1)(17 3)(19 1)(20 2)(21 1)(22 1)(23 3)(25 3)(26 2)(27 1)(28 1)(29 2)(30 3)(31 3)(33 2)(34 1)(35 1)(36 1)(37 3)(38 2)(39 1)(40 3)(42 2)(43 1)(44 3)(45 2)(46 5)(47 4)(48 2)(49 4)(50 6)(51 2)(52 1)(53 5)(54 2)(55 4)(56 3)(57 1)(58 3)(59 7)(60 7)(61 6)(62 3)(63 2)(64 4)(65 6)(66 8)(67 9)(68 4)(69 4)(70 5)(71 7)(72 1)(73 4)(74 3)(75 2)(79 3)(82 2)(83 4)(84 2)(85 1)(87 4)(88 1)(91 1)(94 3)(95 1)(96 1)(97 1)(98 1)(99 1)(101 4)(102 2)(104 2)(106 1)(109 1)(111 3)(112 1)(115 1)(122 1)(123 1)(130 1)(131 1)(135 1)(138 1)(140 1)(144 1)(145 1)(166 1)
