NUMBER OF AREAS : 2
---area label--- : 1
area size : 87
mean x : 82.38
mean y : 94.91
mean E_x^2 : 20.97
mean E_y^2 : 19.83
mean E_xy^2 : 16.37
theta : 0.78
average greyscal : 38.60
average RGB [42.31,34.59,39.85]
(0 1)(1 1)(2 1)(4 2)(6 1)(7 2)(8 4)(9 2)(13 2)(14 1)(15 2)(18 2)(19 1)(20 4)(21 4)(22 1)(24 2)(27 1)(29 4)(30 2)(32 2)(34 4)(35 2)(36 1)(37 1)(38 1)(40 2)(41 1)(42 1)(43 2)(44 1)(45 1)(47 1)(50 1)(51 1)(52 1)(54 3)(58 1)(60 1)(61 1)(62 1)(63 2)(67 1)(70 1)(74 2)(76 1)(78 3)(79 1)(84 1)(85 1)(102 2)(110 2)
---area label--- : 2
area size : 715
mean x : 203.85
mean y : 184.03
mean E_x^2 : 193.12
mean E_y^2 : 37.20
mean E_xy^2 : 48.05
theta : 0.78
average greyscal : 49.42
average RGB [42.89,47.93,58.40]
(2 1)(4 1)(6 1)(8 2)(9 1)(10 1)(11 3)(12 1)(13 3)(14 1)(15 2)(16 1)(17 3)(18 3)(19 4)(20 6)(21 3)(22 7)(23 7)(24 9)(25 12)(26 8)(27 20)(28 9)(29 10)(30 19)(31 20)(32 24)(33 25)(34 17)(35 12)(36 10)(37 10)(38 26)(39 6)(40 6)(41 9)(42 10)(43 11)(44 8)(45 14)(46 13)(47 12)(48 12)(49 7)(50 14)(51 9)(52 10)(53 7)(54 11)(55 10)(56 8)(57 11)(58 13)(59 6)(60 16)(61 18)(62 8)(63 8)(64 3)(65 9)(66 6)(67 10)(68 2)(69 9)(70 8)(71 5)(72 4)(73 4)(74 10)(75 5)(76 5)(77 5)(78 4)(79 5)(80 2)(81 13)(82 7)(83 3)(84 8)(85 3)(86 4)(87 5)(88 4)(89 1)(90 4)(91 5)(92 1)(93 4)(94 4)(95 3)(96 2)(97 2)(98 1)(100 2)(104 2)(109 1)(119 1)
