NUMBER OF AREAS : 2
---area label--- : 1
area size : 187
mean x : 79.97
mean y : 94.00
mean E_x^2 : 33.88
mean E_y^2 : 29.10
mean E_xy^2 : 25.42
theta : 0.78
average greyscal : 41.29
average RGB [47.45,35.84,41.30]
(1 1)(2 1)(4 1)(6 1)(7 1)(8 3)(9 1)(10 3)(11 3)(13 1)(15 3)(16 2)(17 4)(18 1)(19 4)(20 3)(21 3)(22 4)(23 3)(24 2)(25 5)(27 4)(28 4)(29 7)(30 5)(31 3)(32 8)(33 2)(34 3)(35 9)(36 2)(37 4)(38 6)(39 3)(40 4)(41 2)(42 4)(43 5)(44 1)(45 5)(46 1)(47 3)(48 1)(49 1)(50 2)(51 3)(52 3)(53 1)(54 2)(55 3)(56 3)(57 4)(58 1)(59 1)(60 1)(62 1)(68 1)(70 2)(71 1)(72 1)(73 1)(74 1)(76 1)(83 1)(84 1)(86 1)(93 1)(94 2)(95 1)(100 1)(101 1)(105 1)(111 1)(112 1)(116 1)(127 1)(133 1)(135 1)(139 1)
---area label--- : 2
area size : 772
mean x : 200.97
mean y : 177.67
mean E_x^2 : 220.69
mean E_y^2 : 63.91
mean E_xy^2 : 83.39
theta : 0.78
average greyscal : 55.30
average RGB [46.53,53.63,66.79]
(1 1)(4 1)(9 1)(10 1)(11 2)(12 2)(13 1)(16 1)(17 5)(18 1)(19 5)(20 4)(21 6)(22 5)(23 5)(24 13)(25 11)(26 11)(27 11)(28 15)(29 13)(30 17)(31 15)(32 19)(33 20)(34 15)(35 14)(36 13)(37 5)(38 20)(39 11)(40 7)(41 7)(42 9)(43 9)(44 8)(45 8)(46 10)(47 4)(48 10)(49 9)(50 11)(51 10)(52 9)(53 11)(54 10)(55 9)(56 15)(57 9)(58 15)(59 4)(60 7)(61 11)(62 13)(63 9)(64 10)(65 13)(66 12)(67 10)(68 9)(69 19)(70 8)(71 11)(72 14)(73 8)(74 8)(75 12)(76 10)(77 12)(78 9)(79 12)(80 6)(81 4)(82 6)(83 6)(84 5)(85 2)(86 9)(87 4)(88 1)(89 3)(90 2)(91 2)(92 7)(93 6)(94 6)(95 6)(96 1)(97 4)(99 1)(100 1)(101 1)(102 2)(104 1)(106 1)(108 1)(113 1)(116 1)(119 2)(127 1)(131 1)(135 1)(136 1)(137 1)(139 1)(141 1)(144 1)(154 1)(155 1)(164 2)(177 1)(179 1)(187 1)
