NUMBER OF AREAS : 2
---area label--- : 1
area size : 34
mean x : 82.50
mean y : 89.15
mean E_x^2 : 5.78
mean E_y^2 : 3.71
mean E_xy^2 : 3.60
theta : 0.76
average greyscal : 24.44
average RGB [24.74,23.35,26.56]
(1 2)(3 2)(6 2)(10 1)(11 1)(13 1)(16 1)(17 3)(19 1)(20 1)(23 3)(24 2)(25 1)(26 1)(28 1)(31 2)(36 1)(37 2)(38 1)(39 1)(43 1)(50 1)(58 1)(75 1)
---area label--- : 2
area size : 460
mean x : 169.86
mean y : 126.77
mean E_x^2 : 99.58
mean E_y^2 : 54.26
mean E_xy^2 : 50.22
theta : 0.78
average greyscal : 50.75
average RGB [46.40,48.33,58.53]
(1 3)(2 1)(4 2)(5 4)(7 2)(8 1)(9 3)(10 4)(11 3)(12 3)(13 1)(14 2)(15 2)(16 2)(17 2)(18 4)(19 7)(20 6)(21 8)(22 2)(23 4)(24 8)(25 10)(26 5)(27 9)(28 5)(29 13)(30 10)(31 7)(32 5)(33 10)(34 6)(35 10)(36 6)(37 5)(38 3)(39 9)(40 5)(41 5)(42 5)(43 4)(44 2)(45 2)(46 8)(47 7)(48 6)(49 7)(50 6)(51 7)(52 3)(53 12)(54 9)(55 10)(56 6)(57 7)(58 5)(59 9)(60 6)(61 6)(62 4)(63 8)(64 6)(65 5)(66 5)(67 3)(68 6)(69 6)(70 8)(71 4)(72 1)(73 1)(74 2)(75 2)(76 2)(77 3)(78 2)(79 4)(80 6)(81 2)(84 1)(85 1)(86 3)(87 2)(88 2)(89 1)(90 1)(91 3)(93 1)(94 2)(95 1)(96 3)(97 2)(98 2)(101 2)(102 2)(104 4)(105 1)(107 1)(109 1)(111 2)(114 2)(117 2)(119 1)(125 1)(126 2)(127 1)(129 2)(130 1)(132 1)(133 1)(138 1)(148 1)(149 2)
