NUMBER OF AREAS : 2
---area label--- : 1
area size : 520
mean x : 158.58
mean y : 142.98
mean E_x^2 : 159.22
mean E_y^2 : 55.44
mean E_xy^2 : 80.98
theta : 0.78
average greyscal : 51.37
average RGB [44.38,50.10,60.76]
(0 1)(1 2)(2 1)(3 2)(4 1)(5 2)(6 2)(8 2)(10 1)(11 2)(12 4)(13 1)(14 2)(15 1)(16 3)(17 2)(18 3)(19 1)(20 5)(21 2)(22 3)(23 6)(24 5)(25 6)(26 12)(27 18)(28 10)(29 9)(30 11)(31 12)(32 13)(33 14)(34 8)(35 7)(36 9)(37 6)(38 4)(39 7)(40 8)(41 13)(42 5)(43 10)(44 8)(45 5)(46 4)(47 14)(48 9)(49 10)(50 12)(51 3)(52 8)(53 9)(54 8)(55 5)(56 6)(57 2)(58 7)(59 4)(61 1)(62 1)(63 4)(64 7)(65 5)(66 6)(67 5)(68 3)(69 5)(70 7)(71 3)(72 7)(73 8)(74 8)(75 4)(76 4)(77 5)(78 3)(79 4)(80 2)(81 4)(82 5)(83 3)(84 3)(85 5)(86 3)(87 3)(88 4)(89 4)(90 4)(91 3)(92 1)(93 3)(94 3)(95 1)(96 3)(97 2)(98 2)(99 3)(100 1)(101 1)(102 3)(105 2)(113 1)(114 1)(117 1)(118 1)(119 1)(123 1)(125 1)(128 1)(151 2)(166 1)(173 1)
---area label--- : 2
area size : 5
mean x : 160.00
mean y : 129.00
mean E_x^2 : 0.40
mean E_y^2 : 0.80
mean E_xy^2 : 0.40
theta : -0.51
average greyscal : 61.60
average RGB [72.60,51.40,61.20]
(20 1)(31 1)(61 1)(93 1)(103 1)
