NUMBER OF AREAS : 3
---area label--- : 1
area size : 581
mean x : 156.22
mean y : 137.53
mean E_x^2 : 130.60
mean E_y^2 : 55.27
mean E_xy^2 : 59.92
theta : 0.78
average greyscal : 50.55
average RGB [41.03,50.81,60.84]
(0 5)(2 3)(3 3)(4 5)(5 1)(6 2)(7 2)(8 2)(9 3)(10 3)(12 6)(13 2)(14 3)(15 2)(16 5)(17 1)(18 5)(20 6)(21 6)(22 3)(23 14)(24 15)(25 14)(26 11)(27 13)(28 5)(29 8)(30 11)(31 15)(32 9)(33 15)(34 10)(35 5)(36 6)(37 7)(38 5)(39 11)(40 5)(41 3)(42 11)(43 13)(44 10)(45 14)(46 8)(47 17)(48 11)(49 12)(50 10)(51 12)(52 7)(53 9)(54 9)(55 3)(56 5)(57 2)(58 3)(59 6)(60 5)(61 3)(62 7)(63 2)(64 1)(65 5)(66 2)(67 2)(68 1)(69 3)(70 6)(71 1)(72 4)(73 6)(74 3)(75 4)(76 6)(77 3)(78 5)(79 4)(80 5)(81 1)(82 1)(83 7)(84 4)(85 6)(86 6)(87 1)(88 1)(89 4)(90 4)(91 2)(92 4)(94 2)(95 2)(96 5)(97 2)(98 2)(99 2)(101 2)(102 1)(103 2)(104 1)(105 2)(107 1)(108 2)(110 1)(111 1)(112 1)(115 1)(117 1)(121 1)(125 2)(132 1)(145 1)(149 1)(151 1)(153 3)(156 2)(161 1)(164 1)(167 1)(168 1)(169 1)(170 1)(182 1)
---area label--- : 2
area size : 11
mean x : 163.00
mean y : 123.00
mean E_x^2 : 1.27
mean E_y^2 : 0.73
mean E_xy^2 : 0.36
theta : 0.64
average greyscal : 73.73
average RGB [74.73,70.00,77.00]
(60 1)(61 1)(63 1)(64 1)(73 1)(74 1)(78 1)(80 1)(81 1)(85 1)(92 1)
---area label--- : 3
area size : 8
mean x : 160.00
mean y : 151.50
mean E_x^2 : 0.50
mean E_y^2 : 1.25
mean E_xy^2 : 0.50
theta : -0.52
average greyscal : 79.50
average RGB [84.88,70.62,83.50]
(50 1)(57 1)(82 2)(87 1)(91 1)(93 1)(94 1)
