NUMBER OF AREAS : 1
---area label--- : 1
area size : 431
mean x : 142.38
mean y : 120.08
mean E_x^2 : 159.26
mean E_y^2 : 53.08
mean E_xy^2 : 83.01
theta : 0.78
average greyscal : 50.66
average RGB [42.69,50.77,59.74]
(0 2)(1 5)(2 1)(4 1)(5 3)(6 4)(7 1)(8 1)(9 3)(10 6)(11 1)(12 4)(13 2)(14 1)(15 1)(16 1)(17 1)(19 2)(20 4)(21 2)(22 2)(23 4)(24 6)(25 12)(26 5)(27 6)(28 3)(29 10)(30 9)(31 16)(32 14)(33 12)(34 7)(35 9)(36 3)(37 6)(38 6)(39 7)(40 10)(41 6)(42 3)(43 7)(44 6)(45 6)(46 4)(47 5)(48 6)(49 4)(50 6)(51 4)(52 4)(53 3)(54 4)(55 3)(56 3)(57 4)(58 3)(59 3)(60 6)(61 6)(62 4)(63 2)(64 10)(65 3)(66 5)(67 6)(68 4)(69 10)(70 4)(71 2)(72 4)(73 2)(74 5)(75 1)(76 4)(77 4)(78 2)(79 3)(80 1)(81 2)(82 2)(83 5)(84 1)(85 2)(86 2)(87 1)(88 2)(89 2)(90 3)(91 5)(92 1)(93 1)(94 2)(95 3)(96 1)(97 2)(98 3)(99 2)(100 2)(102 2)(103 1)(104 2)(105 1)(108 1)(109 2)(111 2)(113 1)(117 2)(118 1)(122 2)(129 1)(140 1)(158 1)(161 1)(174 1)
