NUMBER OF AREAS : 2
---area label--- : 1
area size : 47
mean x : 85.11
mean y : 75.85
mean E_x^2 : 10.78
mean E_y^2 : 12.85
mean E_xy^2 : 10.70
theta : -0.78
average greyscal : 22.30
average RGB [21.77,20.02,25.87]
(2 1)(4 1)(5 1)(6 1)(8 2)(9 1)(11 1)(12 1)(14 2)(16 2)(17 2)(18 1)(19 3)(20 3)(21 4)(22 2)(24 3)(25 3)(27 4)(29 3)(35 1)(39 1)(43 1)(50 1)(52 1)(65 1)
---area label--- : 2
area size : 650
mean x : 165.12
mean y : 138.92
mean E_x^2 : 158.22
mean E_y^2 : 48.50
mean E_xy^2 : 63.64
theta : 0.78
average greyscal : 48.86
average RGB [38.29,48.87,60.50]
(0 4)(1 1)(2 3)(3 3)(4 4)(5 4)(6 1)(7 5)(9 5)(10 6)(12 3)(13 3)(14 4)(15 2)(16 2)(17 9)(18 6)(19 3)(20 8)(21 5)(22 5)(23 9)(24 4)(25 13)(26 9)(27 9)(28 9)(29 8)(30 13)(31 17)(32 14)(33 22)(34 12)(35 9)(36 8)(37 8)(38 8)(39 8)(40 8)(41 10)(42 4)(43 7)(44 4)(45 10)(46 5)(47 4)(48 9)(49 11)(50 7)(51 11)(52 7)(53 6)(54 18)(55 9)(56 16)(57 9)(58 10)(59 15)(60 7)(61 12)(62 6)(63 12)(64 13)(65 8)(66 7)(67 4)(68 9)(69 4)(70 6)(71 6)(72 3)(73 5)(74 5)(75 6)(76 7)(77 9)(78 4)(79 3)(80 6)(81 3)(82 3)(83 4)(84 3)(86 1)(87 7)(88 1)(89 1)(90 2)(91 2)(92 3)(93 2)(94 3)(95 1)(96 2)(98 3)(99 2)(101 2)(102 2)(104 2)(106 1)(107 1)(112 1)(114 1)(118 1)(119 1)(131 1)(138 1)(146 1)(156 1)(157 1)(158 1)(164 1)
