NUMBER OF AREAS : 1
---area label--- : 1
area size : 218
mean x : 91.45
mean y : 106.29
mean E_x^2 : 34.99
mean E_y^2 : 42.68
mean E_xy^2 : 30.92
theta : -0.78
average greyscal : 52.77
average RGB [57.79,49.11,52.50]
(0 4)(1 2)(2 1)(3 3)(4 2)(5 3)(6 2)(7 2)(11 1)(12 1)(13 4)(14 1)(15 1)(16 3)(17 1)(18 3)(19 1)(20 6)(21 3)(24 2)(25 2)(26 3)(27 4)(28 2)(29 1)(30 1)(31 2)(32 2)(33 2)(34 1)(35 2)(36 3)(37 1)(38 2)(39 3)(40 2)(41 3)(42 4)(43 1)(44 1)(45 4)(46 3)(48 2)(49 5)(50 1)(51 1)(52 1)(53 3)(54 3)(55 4)(56 5)(57 5)(58 5)(59 4)(60 3)(61 7)(62 2)(63 3)(64 11)(65 7)(66 4)(67 1)(68 2)(69 5)(70 1)(71 3)(73 1)(74 1)(76 1)(77 1)(78 2)(79 2)(82 1)(83 1)(84 2)(89 1)(92 2)(95 2)(96 1)(98 1)(99 1)(109 1)(111 1)(124 1)(127 1)(131 1)(140 1)(147 1)(148 1)(149 1)(159 1)(169 1)(171 1)(172 1)(173 1)(175 1)
