NUMBER OF AREAS : 3
---area label--- : 1
area size : 149
mean x : 78.96
mean y : 98.87
mean E_x^2 : 49.11
mean E_y^2 : 23.83
mean E_xy^2 : 31.47
theta : 0.78
average greyscal : 34.30
average RGB [38.16,33.77,31.91]
(0 2)(1 2)(2 3)(3 1)(4 2)(6 1)(7 2)(10 4)(11 2)(13 2)(14 2)(15 1)(17 2)(18 3)(19 3)(20 3)(21 4)(22 4)(23 3)(24 5)(25 4)(26 4)(27 3)(28 4)(29 4)(30 2)(31 6)(32 5)(33 2)(34 4)(35 2)(36 1)(37 2)(38 6)(39 1)(40 3)(41 2)(42 1)(43 1)(44 1)(45 2)(47 6)(48 1)(49 1)(50 2)(51 1)(52 1)(54 2)(55 1)(56 1)(58 1)(59 1)(60 3)(61 1)(64 1)(65 1)(66 2)(68 1)(69 1)(71 2)(75 1)(81 1)(82 1)(85 1)(86 1)(87 1)(92 1)(99 1)
---area label--- : 2
area size : 941
mean x : 213.27
mean y : 195.55
mean E_x^2 : 154.61
mean E_y^2 : 88.75
mean E_xy^2 : 67.74
theta : 0.78
average greyscal : 50.40
average RGB [42.33,49.13,60.76]
(0 1)(1 1)(2 3)(3 3)(4 5)(5 4)(6 2)(7 2)(8 1)(9 1)(10 4)(11 2)(12 4)(13 6)(14 5)(15 3)(16 1)(17 6)(18 5)(19 9)(20 5)(21 12)(22 14)(23 17)(24 8)(25 16)(26 23)(27 17)(28 14)(29 22)(30 20)(31 15)(32 22)(33 19)(34 20)(35 9)(36 15)(37 9)(38 15)(39 13)(40 13)(41 17)(42 10)(43 8)(44 9)(45 8)(46 9)(47 18)(48 18)(49 16)(50 11)(51 7)(52 25)(53 19)(54 14)(55 12)(56 11)(57 20)(58 16)(59 11)(60 16)(61 15)(62 11)(63 16)(64 19)(65 7)(66 7)(67 10)(68 7)(69 14)(70 12)(71 7)(72 5)(73 9)(74 1)(75 5)(76 3)(77 6)(78 4)(79 2)(80 2)(81 6)(82 3)(83 2)(84 3)(85 4)(86 6)(87 6)(88 3)(89 2)(90 1)(91 7)(92 4)(93 5)(94 4)(95 5)(96 1)(97 7)(98 2)(100 1)(101 3)(102 2)(103 2)(104 1)(105 4)(106 1)(107 4)(108 2)(109 1)(110 1)(111 1)(112 4)(113 1)(118 2)(119 1)(123 1)(126 2)(131 2)(135 1)(142 1)(143 1)(144 1)(145 1)(152 1)(153 1)(154 1)(173 1)(185 1)(190 1)
---area label--- : 3
area size : 21
mean x : 196.24
mean y : 206.57
mean E_x^2 : 1.23
mean E_y^2 : 2.63
mean E_xy^2 : 0.58
theta : -0.68
average greyscal : 141.38
average RGB [121.57,142.24,161.05]
(36 1)(59 1)(75 1)(90 1)(94 1)(98 1)(126 1)(142 1)(150 1)(154 1)(162 1)(167 2)(173 1)(175 1)(177 1)(180 1)(182 1)(185 1)(187 1)(190 1)
