NUMBER OF AREAS : 2
---area label--- : 1
area size : 689
mean x : 197.32
mean y : 154.09
mean E_x^2 : 100.91
mean E_y^2 : 44.56
mean E_xy^2 : 28.22
theta : 0.78
average greyscal : 49.37
average RGB [41.17,48.76,59.19]
(1 1)(2 1)(5 1)(6 2)(7 1)(8 2)(9 3)(10 1)(11 1)(12 5)(13 4)(15 4)(16 1)(17 4)(18 3)(19 3)(20 5)(21 4)(22 5)(23 14)(24 14)(25 20)(26 17)(27 16)(28 16)(29 18)(30 17)(31 15)(32 16)(33 15)(34 7)(35 7)(36 12)(37 9)(38 7)(39 14)(40 12)(41 14)(42 12)(43 15)(44 14)(45 8)(46 14)(47 13)(48 17)(49 13)(50 13)(51 11)(52 6)(53 10)(54 9)(55 8)(56 9)(57 8)(58 5)(59 7)(60 5)(61 7)(62 5)(63 3)(64 3)(65 4)(66 4)(67 4)(68 5)(69 5)(70 7)(71 4)(72 3)(73 2)(74 4)(75 6)(76 5)(77 4)(78 2)(79 7)(80 6)(81 9)(82 5)(83 7)(84 5)(85 2)(86 3)(87 1)(88 2)(89 4)(90 2)(91 2)(92 5)(93 2)(94 5)(95 4)(96 1)(97 1)(98 1)(99 2)(101 1)(102 2)(103 1)(104 2)(105 2)(111 1)(113 2)(116 1)(117 1)(119 1)(125 1)(128 2)(130 1)(132 1)(135 1)(142 1)(143 1)(146 2)(150 1)(151 1)(164 1)(165 1)
---area label--- : 2
area size : 17
mean x : 213.35
mean y : 149.88
mean E_x^2 : 3.40
mean E_y^2 : 1.40
mean E_xy^2 : 1.57
theta : 0.68
average greyscal : 89.65
average RGB [94.65,85.59,89.82]
(65 1)(74 1)(80 1)(81 1)(82 1)(87 1)(89 2)(91 1)(92 1)(94 1)(97 1)(98 1)(99 1)(101 1)(102 1)(103 1)
