NUMBER OF AREAS : 1
---area label--- : 1
area size : 599
mean x : 163.88
mean y : 160.26
mean E_x^2 : 151.39
mean E_y^2 : 63.37
mean E_xy^2 : 65.56
theta : 0.78
average greyscal : 54.65
average RGB [46.32,53.91,64.71]
(1 1)(3 1)(4 2)(5 2)(6 1)(7 1)(8 2)(9 1)(10 4)(11 4)(12 6)(13 2)(14 2)(15 2)(16 5)(17 1)(18 5)(19 3)(20 4)(21 4)(22 5)(23 7)(24 11)(25 5)(26 7)(27 11)(28 9)(29 8)(30 8)(31 10)(32 11)(33 19)(34 7)(35 6)(36 13)(37 9)(38 10)(39 16)(40 15)(41 5)(42 5)(43 6)(44 9)(45 9)(46 3)(47 7)(48 3)(49 6)(50 7)(51 8)(52 8)(53 5)(54 9)(55 6)(56 3)(57 7)(58 8)(59 4)(60 7)(61 8)(62 6)(63 5)(64 5)(65 8)(66 7)(67 9)(68 10)(69 9)(70 8)(71 6)(72 6)(73 5)(74 2)(75 2)(76 2)(77 6)(78 7)(79 10)(80 3)(81 8)(82 6)(83 3)(84 1)(85 2)(86 4)(87 3)(88 6)(89 3)(90 4)(91 4)(92 1)(93 3)(94 4)(95 4)(96 4)(97 1)(98 1)(99 2)(100 2)(101 2)(103 1)(104 2)(105 4)(106 2)(107 1)(108 2)(109 3)(110 1)(112 1)(114 2)(116 2)(117 2)(120 2)(121 2)(122 1)(124 1)(125 2)(126 1)(129 2)(130 1)(131 1)(133 2)(135 1)(142 2)(160 1)
