NUMBER OF AREAS : 3
---area label--- : 1
area size : 244
mean x : 87.04
mean y : 127.59
mean E_x^2 : 72.87
mean E_y^2 : 23.68
mean E_xy^2 : 35.33
theta : 0.78
average greyscal : 45.12
average RGB [52.07,39.72,44.59]
(0 3)(1 3)(2 1)(3 1)(4 4)(5 2)(6 5)(7 3)(8 3)(9 2)(10 1)(11 1)(12 3)(13 2)(16 1)(18 2)(19 3)(20 1)(21 1)(22 2)(23 4)(24 2)(25 2)(26 5)(27 1)(28 1)(29 8)(30 9)(31 10)(32 8)(33 6)(34 5)(35 6)(36 2)(37 2)(38 3)(39 3)(40 5)(41 5)(42 4)(43 6)(44 4)(45 6)(46 4)(47 3)(48 2)(49 1)(51 4)(52 3)(53 6)(54 6)(55 2)(56 5)(58 2)(59 2)(60 2)(61 3)(62 3)(66 4)(67 1)(69 1)(72 2)(75 1)(76 2)(77 1)(81 1)(84 1)(87 2)(88 2)(90 2)(91 1)(94 1)(95 1)(96 1)(97 1)(98 2)(100 1)(103 2)(104 1)(105 1)(106 1)(108 1)(109 1)(110 2)(111 1)(118 1)(123 2)(133 1)(137 1)(151 1)(180 1)
---area label--- : 2
area size : 219
mean x : 146.02
mean y : 161.18
mean E_x^2 : 14.42
mean E_y^2 : 24.39
mean E_xy^2 : -4.29
theta : -0.78
average greyscal : 63.67
average RGB [67.43,61.08,63.51]
(12 1)(19 1)(20 1)(22 1)(30 1)(33 1)(35 1)(36 2)(37 2)(38 4)(39 2)(41 2)(42 2)(43 1)(44 1)(45 5)(46 5)(47 7)(48 4)(49 6)(51 2)(52 3)(53 8)(54 2)(55 3)(57 3)(58 2)(59 1)(60 3)(61 7)(62 9)(63 5)(64 6)(65 14)(66 11)(67 10)(68 7)(69 8)(70 8)(71 8)(72 7)(73 5)(74 5)(75 1)(76 2)(77 2)(78 2)(79 1)(80 1)(82 1)(83 1)(84 1)(86 1)(88 1)(90 1)(91 1)(98 2)(99 1)(100 2)(103 1)(104 1)(105 1)(108 1)(110 1)(111 1)(112 1)(113 2)(116 1)(118 1)
---area label--- : 3
area size : 5
mean x : 89.00
mean y : 249.00
mean E_x^2 : 0.40
mean E_y^2 : 0.80
mean E_xy^2 : 0.40
theta : -0.51
average greyscal : 30.80
average RGB [36.00,39.00,18.80]
(8 1)(19 1)(27 1)(49 1)(51 1)
