NUMBER OF AREAS : 1
---area label--- : 1
area size : 227
mean x : 90.92
mean y : 107.00
mean E_x^2 : 36.08
mean E_y^2 : 33.60
mean E_xy^2 : 24.19
theta : 0.78
average greyscal : 57.98
average RGB [66.44,53.18,55.36]
(0 3)(1 2)(2 3)(3 1)(4 1)(6 2)(7 2)(8 2)(9 2)(10 1)(11 1)(12 1)(13 1)(15 4)(16 1)(17 1)(18 1)(19 1)(20 1)(22 2)(23 2)(25 3)(26 2)(27 1)(28 1)(31 4)(33 1)(34 1)(35 3)(36 1)(38 3)(39 6)(40 2)(41 1)(42 1)(43 1)(45 2)(46 4)(47 6)(48 4)(50 2)(51 2)(52 2)(53 6)(54 4)(55 3)(56 3)(57 2)(58 6)(59 7)(60 6)(61 3)(62 5)(63 8)(64 4)(65 3)(66 8)(67 4)(68 4)(69 1)(70 2)(71 7)(72 8)(73 1)(74 5)(76 1)(77 1)(78 2)(79 3)(80 2)(81 3)(82 2)(89 1)(92 1)(93 1)(94 1)(98 1)(107 1)(109 2)(111 1)(120 2)(125 1)(126 1)(131 1)(137 1)(143 2)(144 1)(148 1)(151 1)(153 1)(165 1)(168 1)(172 1)(174 1)
