NUMBER OF AREAS : 2
---area label--- : 1
area size : 224
mean x : 145.86
mean y : 161.26
mean E_x^2 : 15.57
mean E_y^2 : 24.10
mean E_xy^2 : -4.75
theta : -0.78
average greyscal : 64.08
average RGB [66.33,61.66,65.18]
(8 1)(10 1)(18 1)(25 1)(29 2)(31 1)(40 1)(41 2)(42 4)(43 3)(44 2)(45 4)(46 3)(47 4)(48 2)(49 5)(50 3)(51 5)(52 4)(53 5)(54 4)(55 4)(56 4)(57 6)(58 5)(59 5)(60 4)(61 11)(62 4)(63 8)(64 11)(65 12)(66 4)(67 8)(68 10)(69 8)(70 10)(71 5)(72 5)(73 3)(74 5)(77 2)(78 2)(79 2)(80 1)(81 1)(82 1)(85 1)(87 1)(88 1)(89 2)(90 1)(91 1)(92 2)(94 1)(96 2)(99 1)(100 1)(103 1)(104 3)(105 1)(106 1)(108 1)(109 2)(110 1)(142 1)
---area label--- : 2
area size : 388
mean x : 112.27
mean y : 169.16
mean E_x^2 : 131.90
mean E_y^2 : 26.05
mean E_xy^2 : 47.13
theta : 0.78
average greyscal : 50.68
average RGB [55.24,46.64,51.13]
(0 4)(1 3)(2 3)(3 1)(4 2)(5 2)(6 4)(7 3)(8 1)(9 2)(10 1)(12 2)(13 1)(14 3)(15 1)(16 5)(17 2)(18 2)(19 4)(22 3)(23 5)(24 1)(25 6)(26 4)(27 5)(28 8)(29 6)(30 8)(31 6)(32 9)(33 5)(34 9)(35 7)(36 6)(37 3)(38 13)(39 8)(40 8)(41 11)(42 6)(43 7)(44 12)(45 8)(46 6)(47 4)(48 2)(49 4)(50 6)(51 7)(52 2)(53 4)(54 4)(55 7)(56 3)(57 6)(58 4)(59 4)(60 6)(61 6)(62 4)(63 2)(64 4)(65 4)(66 6)(67 1)(68 3)(69 2)(70 3)(71 3)(72 4)(73 2)(74 2)(75 2)(76 3)(77 2)(79 2)(80 3)(81 2)(82 2)(83 1)(84 1)(85 2)(86 1)(87 2)(89 1)(90 1)(91 1)(92 1)(93 1)(95 1)(97 2)(99 2)(101 2)(103 2)(108 1)(109 2)(110 2)(117 2)(118 1)(120 2)(121 1)(123 1)(124 3)(125 1)(129 1)(134 1)(136 1)(138 1)(154 1)(175 1)(183 1)(192 1)(196 1)(213 1)
