NUMBER OF AREAS : 3
---area label--- : 1
area size : 141
mean x : 82.26
mean y : 97.49
mean E_x^2 : 35.13
mean E_y^2 : 32.60
mean E_xy^2 : 28.49
theta : 0.78
average greyscal : 45.30
average RGB [49.74,40.01,46.90]
(1 1)(2 2)(3 3)(4 5)(5 2)(6 3)(7 3)(8 2)(10 1)(11 1)(12 2)(14 2)(15 2)(17 2)(18 4)(19 4)(20 3)(21 2)(22 1)(23 1)(24 4)(25 2)(26 1)(27 1)(28 1)(29 1)(30 1)(31 2)(32 1)(34 1)(35 1)(37 2)(38 2)(39 1)(40 3)(41 2)(42 2)(43 1)(44 1)(45 1)(46 3)(47 1)(48 1)(49 3)(50 4)(51 3)(52 4)(53 2)(54 1)(55 2)(56 1)(58 4)(59 1)(60 2)(61 1)(62 2)(63 1)(65 2)(66 1)(69 1)(70 1)(73 1)(77 1)(79 1)(81 1)(84 1)(89 1)(91 1)(92 1)(93 1)(96 1)(98 1)(102 1)(103 1)(105 1)(106 1)(128 1)(133 1)(136 1)(142 1)(145 1)(161 2)(165 1)
---area label--- : 2
area size : 816
mean x : 214.62
mean y : 202.60
mean E_x^2 : 201.75
mean E_y^2 : 43.15
mean E_xy^2 : 53.32
theta : 0.78
average greyscal : 54.67
average RGB [45.81,54.48,64.75]
(0 1)(2 3)(3 2)(4 1)(5 4)(6 2)(7 2)(9 1)(10 1)(11 3)(13 3)(14 2)(15 1)(16 4)(17 5)(18 2)(19 1)(20 9)(21 4)(22 5)(23 7)(24 14)(25 10)(26 10)(27 18)(28 16)(29 8)(30 6)(31 13)(32 18)(33 13)(34 6)(35 12)(36 10)(37 6)(38 9)(39 8)(40 6)(41 7)(42 9)(43 9)(44 7)(45 6)(46 19)(47 13)(48 20)(49 16)(50 14)(51 15)(52 19)(53 12)(54 18)(55 21)(56 24)(57 15)(58 14)(59 9)(60 15)(61 16)(62 11)(63 11)(64 9)(65 11)(66 11)(67 14)(68 6)(69 10)(70 6)(71 9)(72 5)(73 6)(74 10)(75 4)(76 7)(77 11)(78 2)(79 2)(80 5)(81 5)(82 3)(83 7)(84 6)(85 3)(86 5)(87 2)(88 4)(89 5)(90 9)(91 5)(92 3)(93 3)(94 3)(95 5)(96 5)(97 4)(98 5)(99 3)(100 4)(101 2)(102 6)(103 1)(105 2)(106 2)(109 1)(110 1)(113 2)(116 1)(118 2)(119 1)(121 2)(122 1)(139 1)(143 1)(145 1)(146 1)(152 1)(153 1)(169 1)(184 1)(194 1)
---area label--- : 3
area size : 5
mean x : 196.00
mean y : 215.00
mean E_x^2 : 0.40
mean E_y^2 : 0.80
mean E_xy^2 : 0.40
theta : -0.51
average greyscal : 97.40
average RGB [119.40,79.60,94.20]
(59 1)(66 1)(85 1)(112 1)(165 1)
