NUMBER OF AREAS : 1
---area label--- : 1
area size : 413
mean x : 142.78
mean y : 120.50
mean E_x^2 : 166.63
mean E_y^2 : 56.12
mean E_xy^2 : 88.91
theta : 0.78
average greyscal : 49.92
average RGB [43.29,48.48,58.99]
(1 1)(2 4)(3 3)(4 2)(5 2)(7 2)(11 10)(12 4)(13 4)(14 2)(16 1)(17 2)(18 3)(20 5)(21 3)(22 3)(24 5)(25 8)(26 8)(27 10)(28 6)(29 7)(30 6)(31 13)(32 15)(33 5)(34 12)(35 5)(36 6)(37 6)(38 7)(39 8)(40 5)(41 9)(42 1)(43 9)(44 6)(45 7)(46 9)(47 4)(48 4)(49 6)(51 3)(52 4)(53 2)(54 1)(55 8)(56 3)(57 5)(58 4)(59 6)(60 5)(61 5)(62 6)(63 5)(64 6)(65 2)(66 5)(67 2)(68 3)(69 2)(70 3)(71 6)(72 2)(73 9)(74 2)(75 3)(76 1)(77 3)(78 2)(79 3)(80 1)(81 1)(82 4)(83 2)(84 1)(85 6)(86 2)(87 5)(88 2)(89 3)(90 2)(91 1)(93 1)(94 2)(95 1)(96 2)(97 1)(98 1)(99 4)(101 3)(102 1)(103 2)(104 2)(105 1)(107 3)(110 1)(111 2)(112 1)(113 1)(115 1)(125 1)(127 1)(149 1)(165 1)
