NUMBER OF AREAS : 3
---area label--- : 1
area size : 88
mean x : 87.36
mean y : 75.47
mean E_x^2 : 10.19
mean E_y^2 : 7.45
mean E_xy^2 : 4.34
theta : 0.78
average greyscal : 39.45
average RGB [37.73,36.47,45.10]
(2 1)(4 2)(5 1)(6 1)(7 1)(8 1)(9 1)(10 2)(11 2)(12 3)(13 1)(14 2)(16 1)(17 1)(18 1)(19 2)(20 4)(21 3)(22 3)(23 1)(24 5)(25 4)(26 3)(27 5)(28 2)(29 1)(31 3)(33 1)(36 1)(37 1)(39 1)(45 1)(47 2)(49 1)(51 1)(61 2)(62 1)(63 1)(64 1)(76 1)(80 1)(81 1)(85 1)(86 2)(90 1)(93 1)(99 1)(100 1)(102 1)(105 1)(111 1)(114 1)(120 1)(123 1)(130 1)
---area label--- : 2
area size : 222
mean x : 145.86
mean y : 161.26
mean E_x^2 : 15.49
mean E_y^2 : 24.19
mean E_xy^2 : -5.05
theta : -0.78
average greyscal : 64.07
average RGB [66.37,60.57,66.17]
(2 1)(8 1)(9 1)(23 1)(24 1)(25 1)(32 1)(34 3)(38 1)(40 1)(41 3)(42 1)(43 4)(44 4)(45 4)(47 7)(48 6)(49 6)(50 4)(51 1)(52 1)(53 6)(54 3)(55 4)(56 3)(57 5)(58 5)(59 4)(60 3)(61 3)(62 5)(63 7)(64 12)(65 12)(66 10)(67 11)(68 4)(69 4)(70 8)(71 5)(72 6)(73 5)(74 6)(75 6)(76 2)(77 2)(79 1)(81 1)(82 1)(84 2)(85 2)(87 1)(90 2)(92 1)(96 1)(97 1)(101 2)(102 1)(103 3)(109 1)(110 1)(111 1)(113 1)(114 1)(117 1)(120 1)(124 1)(152 1)
---area label--- : 3
area size : 5
mean x : 89.00
mean y : 249.00
mean E_x^2 : 0.40
mean E_y^2 : 0.80
mean E_xy^2 : 0.40
theta : -0.51
average greyscal : 32.40
average RGB [56.60,22.00,18.80]
(12 1)(22 1)(29 1)(38 1)(61 1)
