NUMBER OF AREAS : 2
---area label--- : 1
area size : 67
mean x : 85.70
mean y : 78.25
mean E_x^2 : 12.36
mean E_y^2 : 10.10
mean E_xy^2 : 9.31
theta : 0.78
average greyscal : 28.37
average RGB [29.39,27.70,29.16]
(4 1)(5 2)(9 2)(10 1)(11 4)(12 1)(13 2)(14 1)(15 2)(16 1)(18 5)(20 1)(22 3)(23 1)(24 5)(25 1)(27 1)(28 7)(29 1)(30 1)(31 2)(32 3)(33 2)(34 1)(35 1)(36 1)(37 1)(39 1)(40 1)(41 1)(46 1)(47 1)(50 1)(51 1)(52 1)(55 1)(56 1)(60 1)(78 1)(110 1)
---area label--- : 2
area size : 221
mean x : 145.61
mean y : 161.33
mean E_x^2 : 15.01
mean E_y^2 : 23.85
mean E_xy^2 : -4.00
theta : -0.78
average greyscal : 63.32
average RGB [67.68,60.57,62.64]
(0 1)(4 1)(14 1)(18 1)(25 1)(29 1)(32 1)(33 1)(34 1)(37 1)(38 2)(39 2)(40 4)(43 1)(44 5)(45 2)(46 5)(47 8)(48 6)(49 2)(50 1)(51 3)(52 2)(53 5)(54 7)(55 2)(56 3)(57 2)(58 6)(59 7)(60 5)(61 8)(62 7)(63 4)(64 10)(65 15)(66 8)(67 4)(68 8)(69 8)(70 3)(71 6)(72 5)(73 4)(74 8)(75 2)(76 2)(78 3)(79 2)(80 1)(85 1)(86 2)(91 2)(92 1)(95 2)(96 2)(97 1)(99 1)(102 1)(103 2)(107 1)(110 1)(113 2)(117 1)(118 1)(126 1)(150 1)
