NUMBER OF AREAS : 1
---area label--- : 1
area size : 146
mean x : 86.31
mean y : 95.36
mean E_x^2 : 27.45
mean E_y^2 : 28.89
mean E_xy^2 : 21.75
theta : -0.78
average greyscal : 45.13
average RGB [47.95,43.92,44.42]
(0 3)(1 2)(2 1)(4 2)(5 3)(6 3)(7 4)(8 2)(10 1)(12 4)(13 3)(14 1)(16 2)(17 1)(18 2)(19 1)(21 2)(23 2)(24 1)(25 1)(26 1)(27 3)(28 2)(29 2)(32 1)(33 1)(34 1)(35 1)(36 6)(38 1)(39 2)(40 2)(41 3)(42 2)(43 2)(44 2)(45 1)(46 5)(47 3)(48 3)(49 2)(51 1)(52 2)(53 2)(54 3)(55 2)(56 3)(57 3)(58 4)(59 4)(60 4)(61 4)(62 3)(64 2)(65 1)(67 1)(68 1)(69 1)(71 1)(72 1)(73 1)(77 1)(81 1)(84 1)(87 1)(89 1)(94 1)(100 1)(112 1)(124 1)(127 1)(140 1)(144 1)(146 1)(154 1)(160 1)
