NUMBER OF AREAS : 3
---area label--- : 1
area size : 218
mean x : 145.66
mean y : 161.39
mean E_x^2 : 15.00
mean E_y^2 : 23.48
mean E_xy^2 : -4.28
theta : -0.78
average greyscal : 63.03
average RGB [65.18,60.58,64.26]
(2 1)(7 1)(20 1)(29 1)(32 1)(34 2)(35 2)(36 1)(37 1)(38 2)(39 1)(40 3)(41 1)(42 2)(43 2)(44 2)(45 3)(46 4)(47 2)(48 4)(49 6)(50 4)(51 2)(52 4)(53 2)(54 7)(55 5)(57 4)(58 5)(59 10)(60 3)(61 4)(62 9)(63 6)(64 8)(65 6)(66 7)(67 5)(68 14)(69 11)(70 3)(71 4)(72 8)(73 4)(74 10)(75 3)(77 4)(79 1)(81 1)(82 3)(83 1)(86 1)(88 2)(89 1)(93 1)(97 2)(100 1)(101 1)(103 2)(104 1)(105 1)(109 1)(111 1)(122 1)(140 1)
---area label--- : 2
area size : 369
mean x : 107.76
mean y : 165.18
mean E_x^2 : 113.67
mean E_y^2 : 20.44
mean E_xy^2 : 36.35
theta : 0.78
average greyscal : 50.13
average RGB [55.31,45.11,51.00]
(0 2)(1 2)(2 2)(3 1)(4 3)(5 1)(6 2)(7 3)(8 2)(9 2)(10 7)(11 3)(14 1)(15 4)(16 1)(18 3)(20 3)(21 1)(22 1)(23 2)(24 3)(25 4)(26 2)(27 3)(28 4)(29 1)(30 7)(31 5)(32 6)(33 15)(34 8)(35 4)(36 11)(37 13)(38 13)(39 7)(40 9)(41 11)(42 11)(43 8)(44 5)(45 7)(46 5)(47 6)(48 2)(49 8)(50 6)(51 2)(52 10)(53 4)(54 1)(55 5)(56 4)(57 6)(58 5)(59 7)(60 6)(61 3)(62 3)(63 5)(64 3)(65 3)(66 1)(67 1)(68 1)(69 1)(70 1)(71 1)(72 2)(73 4)(74 3)(75 1)(76 1)(81 1)(82 1)(83 1)(84 1)(85 3)(86 2)(88 4)(89 1)(90 3)(92 3)(93 1)(95 2)(97 1)(98 1)(103 1)(104 1)(105 1)(106 1)(108 3)(109 1)(111 1)(113 1)(115 1)(119 4)(120 2)(123 1)(124 2)(125 1)(127 1)(128 1)(129 1)(133 1)(135 1)(139 1)(147 1)(177 1)(182 1)
---area label--- : 3
area size : 5
mean x : 89.00
mean y : 249.00
mean E_x^2 : 0.40
mean E_y^2 : 0.80
mean E_xy^2 : 0.40
theta : -0.51
average greyscal : 41.20
average RGB [47.00,45.40,32.40]
(4 1)(35 1)(42 1)(58 1)(67 1)
