NUMBER OF AREAS : 4
---area label--- : 1
area size : 18
mean x : 70.72
mean y : 97.72
mean E_x^2 : 1.31
mean E_y^2 : 1.65
mean E_xy^2 : 0.15
theta : -0.75
average greyscal : 29.78
average RGB [30.22,29.61,30.78]
(14 1)(19 2)(24 1)(28 3)(29 1)(31 3)(32 3)(33 1)(35 1)(44 1)(46 1)
---area label--- : 2
area size : 157
mean x : 86.66
mean y : 107.18
mean E_x^2 : 25.36
mean E_y^2 : 12.99
mean E_xy^2 : 11.48
theta : 0.78
average greyscal : 46.04
average RGB [46.62,45.13,47.27]
(0 9)(1 3)(2 5)(3 3)(4 4)(5 2)(6 1)(8 2)(9 1)(10 1)(11 3)(12 3)(13 1)(15 3)(16 2)(17 1)(18 2)(19 1)(20 4)(22 2)(23 2)(24 3)(25 5)(26 2)(27 2)(28 3)(29 1)(30 4)(31 3)(32 4)(33 3)(34 1)(35 2)(36 3)(37 2)(38 3)(39 1)(40 2)(41 1)(42 1)(43 3)(44 2)(45 3)(46 1)(47 3)(48 2)(49 1)(51 3)(55 1)(56 1)(59 1)(68 1)(71 1)(75 2)(80 1)(81 2)(82 1)(85 1)(86 1)(87 1)(92 1)(93 1)(105 1)(108 1)(109 1)(126 1)(128 1)(130 1)(137 1)(142 1)(145 2)(146 1)(149 1)(152 1)(158 2)(162 1)(165 1)(166 1)(167 1)(170 1)(174 1)(175 1)
---area label--- : 3
area size : 223
mean x : 145.79
mean y : 161.33
mean E_x^2 : 15.58
mean E_y^2 : 24.12
mean E_xy^2 : -4.82
theta : -0.78
average greyscal : 63.12
average RGB [65.08,62.66,62.61]
(1 1)(5 1)(13 1)(17 1)(21 1)(24 1)(31 1)(35 1)(36 5)(38 2)(40 2)(41 1)(42 2)(43 3)(44 8)(45 4)(47 4)(48 4)(49 1)(50 7)(51 8)(52 4)(53 2)(54 6)(55 3)(56 2)(57 2)(58 4)(59 2)(60 10)(61 7)(62 4)(63 5)(64 4)(65 11)(66 12)(67 16)(68 3)(69 5)(70 4)(71 6)(72 7)(73 8)(74 3)(75 3)(76 1)(77 2)(78 1)(80 2)(81 1)(84 1)(85 1)(86 1)(87 1)(89 2)(97 1)(99 3)(100 2)(101 1)(103 1)(106 1)(107 1)(108 2)(110 2)(111 1)(114 1)(135 1)(149 1)
---area label--- : 4
area size : 5
mean x : 89.00
mean y : 249.00
mean E_x^2 : 0.40
mean E_y^2 : 0.80
mean E_xy^2 : 0.40
theta : -0.51
average greyscal : 38.00
average RGB [48.60,22.00,44.60]
(21 1)(24 1)(33 1)(43 1)(69 1)
