NUMBER OF AREAS : 3
---area label--- : 1
area size : 69
mean x : 86.78
mean y : 82.23
mean E_x^2 : 13.65
mean E_y^2 : 11.05
mean E_xy^2 : 10.11
theta : 0.78
average greyscal : 32.49
average RGB [33.62,31.35,33.65]
(0 1)(1 2)(2 1)(3 1)(5 1)(9 1)(10 1)(11 2)(12 1)(13 1)(15 2)(16 2)(17 1)(18 1)(19 4)(20 2)(21 1)(22 1)(24 4)(25 2)(26 2)(27 2)(28 1)(29 6)(30 1)(32 2)(34 1)(35 1)(36 1)(37 1)(38 1)(39 1)(40 1)(42 1)(43 1)(45 1)(46 1)(47 1)(51 1)(57 1)(62 1)(70 1)(72 1)(76 1)(81 1)(82 1)(100 1)(103 1)(124 1)
---area label--- : 2
area size : 222
mean x : 145.80
mean y : 161.24
mean E_x^2 : 15.37
mean E_y^2 : 24.27
mean E_xy^2 : -4.92
theta : -0.78
average greyscal : 63.77
average RGB [68.38,59.97,64.09]
(2 1)(6 1)(10 1)(24 1)(25 1)(33 1)(35 1)(37 1)(38 2)(39 1)(40 4)(41 2)(42 2)(44 2)(45 4)(46 4)(47 5)(48 3)(49 5)(50 1)(51 3)(52 4)(53 7)(54 5)(55 4)(56 2)(57 7)(58 3)(59 5)(60 5)(61 6)(62 6)(63 9)(64 13)(65 9)(66 8)(67 4)(68 7)(69 8)(70 4)(71 8)(72 6)(73 8)(74 3)(75 3)(76 4)(77 2)(78 1)(79 1)(81 1)(83 1)(84 2)(89 1)(92 1)(93 1)(96 1)(98 2)(100 2)(101 1)(104 1)(106 2)(107 1)(109 2)(110 1)(111 1)(114 1)(120 1)(150 1)
---area label--- : 3
area size : 5
mean x : 89.00
mean y : 249.00
mean E_x^2 : 0.40
mean E_y^2 : 0.80
mean E_xy^2 : 0.40
theta : -0.51
average greyscal : 29.60
average RGB [30.40,35.20,24.40]
(10 1)(15 1)(16 1)(41 1)(66 1)
