NUMBER OF AREAS : 3
---area label--- : 1
area size : 547
mean x : 134.92
mean y : 153.95
mean E_x^2 : 121.05
mean E_y^2 : 55.35
mean E_xy^2 : 61.03
theta : 0.78
average greyscal : 56.97
average RGB [60.67,53.56,57.59]
(0 1)(1 2)(2 3)(3 2)(4 6)(5 2)(7 3)(8 2)(9 1)(11 2)(12 1)(14 2)(15 2)(16 2)(17 2)(18 3)(19 2)(20 2)(21 5)(22 3)(23 5)(24 1)(25 5)(26 9)(27 10)(28 11)(29 5)(30 3)(31 10)(32 13)(33 4)(34 7)(35 10)(36 4)(37 7)(38 2)(39 5)(40 7)(41 7)(42 5)(43 8)(44 5)(45 5)(46 9)(47 7)(48 5)(49 12)(50 4)(51 4)(52 8)(53 7)(54 6)(55 3)(56 6)(57 6)(58 5)(59 8)(60 4)(61 11)(62 5)(63 6)(64 11)(65 6)(66 21)(67 6)(68 11)(69 7)(70 9)(71 15)(72 13)(73 9)(74 8)(75 8)(76 5)(77 5)(78 2)(79 4)(80 4)(81 8)(82 4)(83 1)(84 5)(85 3)(86 1)(87 2)(88 3)(89 2)(90 6)(91 2)(94 2)(95 1)(96 1)(97 3)(98 2)(99 2)(100 2)(101 2)(102 2)(103 1)(104 2)(105 2)(106 2)(108 2)(110 4)(111 3)(112 4)(114 3)(115 2)(116 3)(118 1)(120 1)(122 1)(130 1)(137 1)(138 1)(140 1)(171 1)(177 1)
---area label--- : 2
area size : 8
mean x : 124.50
mean y : 158.50
mean E_x^2 : 0.75
mean E_y^2 : 1.25
mean E_xy^2 : 0.75
theta : -0.66
average greyscal : 66.75
average RGB [72.12,63.75,65.38]
(35 2)(37 1)(39 1)(83 1)(88 1)(103 1)(114 1)
---area label--- : 3
area size : 5
mean x : 132.00
mean y : 164.00
mean E_x^2 : 0.40
mean E_y^2 : 0.80
mean E_xy^2 : 0.40
theta : -0.51
average greyscal : 83.80
average RGB [96.40,75.20,81.20]
(65 1)(68 1)(87 1)(96 1)(103 1)
