NUMBER OF AREAS : 1
---area label--- : 1
area size : 476
mean x : 116.43
mean y : 140.82
mean E_x^2 : 113.16
mean E_y^2 : 29.41
mean E_xy^2 : 38.88
theta : 0.78
average greyscal : 58.70
average RGB [65.08,53.44,58.51]
(0 3)(2 2)(3 1)(4 1)(5 3)(6 1)(7 2)(8 3)(9 4)(10 2)(12 5)(13 2)(14 1)(15 6)(16 1)(18 2)(20 5)(21 3)(22 3)(23 4)(24 2)(25 3)(26 7)(27 5)(28 4)(29 4)(30 7)(31 10)(32 9)(33 7)(34 6)(35 5)(36 3)(37 5)(38 9)(39 4)(40 6)(41 9)(42 3)(43 4)(44 1)(45 6)(46 1)(47 7)(48 10)(49 5)(50 7)(51 7)(52 5)(53 12)(54 3)(55 8)(56 3)(57 3)(58 1)(59 5)(60 9)(61 8)(62 3)(63 2)(64 10)(65 1)(66 5)(67 9)(68 8)(69 11)(70 3)(71 6)(72 7)(73 11)(74 9)(75 11)(76 8)(77 3)(78 4)(79 4)(80 4)(81 3)(82 3)(83 4)(84 2)(85 1)(86 3)(87 4)(88 3)(89 1)(90 3)(92 1)(93 2)(94 1)(95 1)(96 1)(98 2)(99 1)(100 2)(101 1)(102 2)(103 3)(104 2)(106 2)(107 2)(108 1)(109 2)(110 3)(111 2)(113 3)(115 1)(116 2)(117 2)(118 2)(120 1)(121 1)(122 2)(123 2)(124 1)(127 1)(130 1)(133 1)(134 1)(137 1)(139 2)(140 1)(148 2)(149 1)(151 1)(152 2)(177 1)
