NUMBER OF AREAS : 1
---area label--- : 1
area size : 547
mean x : 128.46
mean y : 156.31
mean E_x^2 : 306.11
mean E_y^2 : 34.79
mean E_xy^2 : 78.42
theta : 0.78
average greyscal : 57.84
average RGB [61.86,55.05,57.45]
(0 5)(1 3)(2 6)(3 3)(4 2)(5 5)(6 2)(7 3)(8 2)(9 3)(10 2)(11 4)(12 3)(13 5)(15 1)(16 2)(17 3)(18 4)(19 3)(20 5)(21 4)(22 5)(23 7)(24 2)(25 5)(26 4)(27 7)(28 8)(29 5)(30 2)(31 7)(32 16)(33 7)(34 7)(35 10)(36 4)(37 2)(38 2)(39 6)(40 7)(41 4)(42 3)(43 4)(44 3)(45 3)(46 3)(47 13)(48 7)(49 9)(50 4)(51 6)(52 9)(53 6)(54 5)(55 8)(56 7)(57 4)(58 7)(59 4)(60 8)(61 7)(62 6)(63 9)(64 10)(65 17)(66 9)(67 12)(68 14)(69 9)(70 7)(71 8)(72 5)(73 5)(74 4)(75 6)(76 5)(78 2)(79 1)(80 4)(81 3)(82 1)(83 3)(85 5)(86 3)(88 3)(90 2)(91 3)(92 3)(94 3)(95 2)(96 1)(97 1)(98 1)(99 3)(100 4)(101 2)(102 5)(103 3)(104 3)(105 2)(106 3)(107 3)(110 2)(111 1)(112 3)(115 5)(116 1)(117 2)(118 2)(119 1)(120 2)(125 1)(126 1)(127 1)(131 2)(132 1)(134 1)(135 1)(137 1)(138 1)(141 1)(144 2)(146 1)(147 1)(148 2)(150 1)(152 2)(157 1)(158 2)(167 1)(174 1)(179 1)
