NUMBER OF AREAS : 2
---area label--- : 1
area size : 345
mean x : 114.93
mean y : 158.72
mean E_x^2 : 129.22
mean E_y^2 : 23.35
mean E_xy^2 : 36.42
theta : 0.78
average greyscal : 49.46
average RGB [55.88,43.91,49.54]
(0 7)(1 9)(2 5)(3 1)(4 3)(5 3)(6 2)(7 1)(8 2)(9 3)(10 3)(11 5)(12 3)(13 1)(14 4)(16 6)(17 6)(18 6)(19 4)(20 6)(21 2)(22 5)(23 5)(24 3)(25 4)(26 5)(27 5)(28 7)(29 13)(30 6)(31 4)(32 8)(33 10)(34 4)(35 11)(36 4)(37 4)(38 6)(39 7)(40 5)(41 2)(42 5)(44 1)(45 1)(46 4)(47 2)(48 5)(49 1)(50 1)(51 2)(52 2)(53 2)(54 2)(55 2)(56 2)(57 1)(58 2)(59 2)(60 4)(61 1)(62 2)(63 3)(65 3)(66 1)(67 3)(68 1)(69 2)(70 2)(73 3)(75 1)(76 5)(77 2)(78 2)(79 1)(80 1)(81 2)(82 3)(86 2)(87 2)(89 2)(90 1)(91 3)(92 1)(93 2)(95 3)(96 1)(97 1)(98 2)(99 1)(100 1)(101 2)(102 1)(103 1)(104 2)(105 1)(106 1)(108 1)(110 3)(111 3)(112 1)(113 2)(115 1)(116 1)(117 1)(118 1)(119 1)(123 1)(126 1)(128 2)(131 1)(132 1)(133 1)(135 1)(137 1)(146 1)(147 1)(148 1)(152 1)(153 1)(158 1)(165 1)(166 1)(169 1)(172 1)(183 1)(185 1)
---area label--- : 2
area size : 225
mean x : 145.76
mean y : 161.28
mean E_x^2 : 15.59
mean E_y^2 : 24.30
mean E_xy^2 : -4.71
theta : -0.78
average greyscal : 63.76
average RGB [64.76,61.85,65.53]
(0 1)(14 1)(18 1)(23 1)(25 1)(27 1)(31 2)(32 2)(35 1)(38 1)(39 3)(40 1)(41 3)(42 3)(43 4)(44 4)(45 6)(46 1)(47 5)(48 3)(49 5)(50 4)(51 2)(52 4)(53 4)(54 5)(55 2)(56 3)(57 3)(58 1)(59 3)(60 3)(61 5)(62 7)(63 6)(64 8)(65 17)(66 9)(67 5)(68 11)(69 4)(70 7)(71 7)(72 5)(73 3)(74 8)(75 3)(76 4)(77 2)(78 1)(80 1)(81 1)(82 1)(83 2)(84 1)(87 2)(92 1)(93 1)(94 3)(97 1)(100 2)(103 2)(104 1)(105 1)(108 2)(109 3)(117 1)(118 1)(126 1)(134 1)
