NUMBER OF AREAS : 2
---area label--- : 1
area size : 222
mean x : 145.59
mean y : 161.29
mean E_x^2 : 15.48
mean E_y^2 : 23.68
mean E_xy^2 : -4.41
theta : -0.78
average greyscal : 64.27
average RGB [67.60,60.75,65.36]
(5 1)(6 1)(20 1)(21 1)(26 1)(32 1)(34 1)(36 1)(37 2)(38 1)(40 3)(41 4)(42 1)(43 1)(44 3)(45 4)(46 3)(47 3)(48 5)(50 6)(51 3)(52 6)(53 3)(54 5)(55 9)(56 3)(57 1)(58 4)(59 4)(60 8)(61 6)(62 8)(63 7)(64 4)(65 6)(66 9)(67 11)(68 6)(69 6)(70 4)(71 6)(72 9)(73 3)(74 4)(75 9)(77 2)(78 3)(79 2)(81 2)(82 2)(86 1)(87 2)(88 1)(93 1)(94 1)(95 1)(96 2)(98 3)(100 1)(103 1)(107 1)(110 1)(112 2)(114 1)(117 1)(129 1)(137 1)(138 1)
---area label--- : 2
area size : 396
mean x : 112.63
mean y : 170.08
mean E_x^2 : 118.87
mean E_y^2 : 25.73
mean E_xy^2 : 42.13
theta : 0.78
average greyscal : 52.68
average RGB [58.66,47.75,52.73]
(0 5)(2 1)(3 1)(4 2)(5 3)(6 4)(7 2)(8 1)(9 3)(10 2)(11 3)(12 1)(13 3)(14 2)(15 1)(16 2)(17 1)(18 2)(19 4)(20 3)(21 2)(22 3)(23 1)(24 4)(25 5)(26 2)(27 6)(28 3)(29 7)(30 3)(31 2)(32 4)(33 11)(34 8)(35 12)(36 15)(37 9)(38 5)(39 8)(40 11)(41 8)(42 7)(43 6)(44 7)(45 5)(46 6)(47 5)(48 6)(49 3)(50 1)(51 4)(52 7)(53 1)(54 6)(55 5)(56 7)(57 4)(58 6)(59 10)(60 5)(61 4)(62 7)(63 4)(64 6)(65 4)(66 2)(67 5)(68 3)(69 5)(70 4)(72 3)(74 4)(75 6)(77 2)(78 1)(80 1)(82 2)(83 3)(84 2)(85 1)(86 3)(87 1)(88 1)(89 1)(90 1)(91 2)(93 1)(94 1)(95 1)(96 3)(99 1)(100 1)(104 1)(105 1)(106 1)(107 2)(108 2)(110 1)(112 1)(113 1)(117 3)(119 1)(120 1)(123 1)(127 3)(128 1)(139 1)(140 1)(141 1)(142 1)(145 2)(147 1)(154 1)(162 1)(166 1)(177 1)(183 1)(187 1)(200 1)
