NUMBER OF AREAS : 2
---area label--- : 1
area size : 349
mean x : 115.29
mean y : 157.62
mean E_x^2 : 128.92
mean E_y^2 : 24.76
mean E_xy^2 : 38.79
theta : 0.78
average greyscal : 50.46
average RGB [54.93,46.79,50.70]
(0 8)(1 9)(2 4)(3 7)(4 5)(5 4)(6 7)(7 6)(8 1)(10 1)(11 2)(12 3)(13 3)(16 5)(17 1)(18 3)(19 3)(20 3)(21 5)(22 1)(23 1)(24 3)(25 7)(26 5)(27 10)(28 7)(29 12)(30 9)(31 6)(32 8)(33 11)(34 12)(35 5)(36 7)(37 9)(38 6)(40 2)(42 2)(43 3)(44 1)(45 2)(46 3)(47 2)(50 2)(51 1)(52 1)(53 3)(54 2)(55 2)(56 3)(57 4)(58 2)(59 2)(60 2)(62 2)(63 1)(64 3)(65 1)(68 4)(69 1)(70 1)(71 1)(72 1)(73 1)(74 3)(76 2)(77 2)(78 2)(80 1)(81 4)(82 3)(83 3)(84 1)(86 2)(87 2)(89 1)(90 1)(91 3)(93 3)(94 1)(95 1)(96 1)(97 2)(98 2)(99 1)(101 1)(102 4)(103 2)(104 5)(105 2)(106 2)(107 1)(111 4)(112 1)(113 1)(114 1)(115 2)(116 1)(117 1)(119 1)(120 1)(123 3)(124 1)(125 1)(126 2)(128 1)(129 1)(133 1)(134 1)(144 2)(147 2)(150 1)(151 1)(152 2)(155 1)(168 1)(169 1)(170 1)(185 1)
---area label--- : 2
area size : 222
mean x : 145.88
mean y : 161.24
mean E_x^2 : 14.81
mean E_y^2 : 24.48
mean E_xy^2 : -4.41
theta : -0.78
average greyscal : 63.24
average RGB [65.88,61.60,63.12]
(4 1)(22 1)(23 1)(24 1)(26 1)(36 1)(37 3)(39 3)(40 3)(41 3)(42 1)(43 4)(44 5)(45 4)(46 5)(47 3)(48 4)(49 2)(50 5)(51 4)(52 1)(53 6)(54 4)(55 4)(56 4)(57 2)(58 6)(59 4)(60 1)(61 7)(62 5)(63 12)(64 14)(65 8)(66 6)(67 11)(68 12)(69 3)(70 3)(71 5)(72 4)(73 3)(74 2)(75 4)(76 5)(77 2)(78 1)(79 1)(80 1)(81 1)(83 2)(84 1)(86 1)(88 1)(89 2)(91 1)(93 1)(96 1)(97 1)(99 2)(101 1)(102 1)(103 2)(105 1)(106 1)(109 1)(110 1)(112 1)(113 1)(114 1)(124 1)
