NUMBER OF AREAS : 3
---area label--- : 1
area size : 151
mean x : 81.39
mean y : 96.67
mean E_x^2 : 48.78
mean E_y^2 : 18.98
mean E_xy^2 : 27.68
theta : 0.78
average greyscal : 34.33
average RGB [37.56,31.60,34.99]
(2 1)(4 4)(5 2)(6 2)(8 1)(9 1)(10 1)(11 1)(12 1)(13 3)(14 3)(15 3)(16 1)(17 4)(18 1)(19 3)(20 3)(21 2)(22 2)(23 3)(24 3)(25 5)(26 4)(27 6)(28 3)(29 4)(30 6)(31 5)(32 2)(33 4)(34 1)(35 2)(37 3)(38 3)(39 3)(40 1)(41 4)(42 3)(43 2)(44 1)(45 5)(46 2)(47 3)(48 3)(49 2)(50 6)(51 1)(53 2)(55 1)(57 1)(58 1)(59 3)(61 3)(62 1)(63 1)(64 1)(65 1)(67 1)(70 2)(75 1)(83 1)(85 1)(103 1)
---area label--- : 2
area size : 222
mean x : 145.80
mean y : 161.24
mean E_x^2 : 15.37
mean E_y^2 : 24.27
mean E_xy^2 : -4.92
theta : -0.78
average greyscal : 63.60
average RGB [66.18,62.03,63.44]
(4 1)(5 1)(10 1)(19 1)(23 1)(28 1)(31 1)(32 1)(34 1)(36 2)(37 2)(39 3)(40 2)(41 3)(42 2)(44 3)(45 3)(46 5)(47 4)(48 5)(49 6)(50 4)(51 5)(52 3)(53 4)(54 4)(55 3)(56 2)(57 3)(59 4)(60 7)(61 9)(62 6)(63 1)(64 8)(65 12)(66 12)(67 11)(68 2)(69 7)(70 7)(71 4)(72 7)(73 6)(74 3)(75 5)(76 4)(78 1)(80 3)(81 1)(83 2)(88 1)(89 2)(91 2)(93 1)(96 1)(98 2)(100 1)(102 1)(104 1)(109 3)(110 1)(111 1)(112 1)(116 2)(117 2)(150 1)
---area label--- : 3
area size : 5
mean x : 89.00
mean y : 249.00
mean E_x^2 : 0.40
mean E_y^2 : 0.80
mean E_xy^2 : 0.40
theta : -0.51
average greyscal : 35.20
average RGB [52.00,29.80,25.00]
(16 1)(21 1)(32 1)(51 1)(56 1)
