NUMBER OF AREAS : 1
---area label--- : 1
area size : 547
mean x : 119.14
mean y : 143.42
mean E_x^2 : 105.75
mean E_y^2 : 32.97
mean E_xy^2 : 35.92
theta : 0.78
average greyscal : 63.26
average RGB [68.84,58.48,63.36]
(0 2)(1 1)(3 2)(4 3)(6 5)(8 3)(9 2)(10 3)(11 3)(12 5)(13 1)(14 4)(15 5)(16 1)(17 2)(18 3)(19 2)(20 2)(21 4)(22 3)(23 6)(24 4)(25 6)(26 6)(27 5)(28 4)(29 6)(30 9)(31 8)(32 12)(33 4)(34 4)(35 3)(36 5)(37 8)(38 4)(39 3)(40 3)(41 4)(42 6)(43 6)(44 6)(45 6)(46 6)(47 6)(48 7)(49 5)(50 14)(51 11)(52 8)(53 1)(54 4)(55 6)(56 3)(57 3)(58 7)(59 3)(60 4)(61 3)(62 2)(63 2)(64 8)(65 2)(66 11)(67 11)(68 10)(69 2)(70 13)(71 9)(72 11)(73 7)(74 15)(75 7)(76 9)(77 9)(78 6)(79 2)(80 5)(81 3)(82 8)(83 5)(84 4)(85 4)(87 6)(88 3)(89 2)(90 2)(91 1)(92 1)(93 3)(94 1)(95 1)(98 3)(99 3)(100 2)(101 3)(102 2)(103 4)(104 3)(105 3)(106 2)(107 2)(108 1)(109 2)(111 4)(113 3)(115 3)(116 2)(117 2)(119 1)(120 1)(121 2)(122 4)(123 2)(125 2)(129 2)(130 1)(131 2)(133 1)(134 1)(135 1)(137 1)(138 1)(141 1)(142 1)(147 1)(150 1)(152 1)(154 1)(162 1)(164 1)(166 1)(167 1)(168 1)(170 1)(173 1)(175 1)(176 1)(178 1)(182 1)(184 2)(191 1)(196 1)
