NUMBER OF AREAS : 2
---area label--- : 1
area size : 209
mean x : 79.43
mean y : 94.68
mean E_x^2 : 39.19
mean E_y^2 : 28.78
mean E_xy^2 : 25.65
theta : 0.78
average greyscal : 40.73
average RGB [44.23,38.78,40.12]
(2 1)(3 4)(4 1)(5 1)(6 1)(7 2)(8 1)(9 2)(10 4)(11 3)(12 2)(13 2)(14 2)(15 2)(16 2)(17 4)(19 2)(20 4)(21 5)(22 3)(23 8)(24 7)(25 5)(26 5)(27 7)(28 4)(29 2)(30 3)(31 4)(32 5)(33 5)(34 2)(35 1)(36 4)(37 3)(38 3)(39 1)(40 2)(41 5)(42 3)(43 2)(44 5)(45 4)(46 3)(47 1)(48 5)(49 6)(50 2)(51 2)(52 5)(53 3)(54 2)(56 2)(57 2)(58 1)(59 3)(60 3)(61 2)(63 1)(66 1)(68 1)(69 1)(73 1)(74 2)(75 1)(79 2)(82 2)(83 1)(84 1)(85 1)(90 1)(94 2)(97 1)(102 1)(105 1)(112 1)(116 1)(123 1)(130 1)(132 2)(138 1)(149 1)
---area label--- : 2
area size : 752
mean x : 202.20
mean y : 179.88
mean E_x^2 : 203.97
mean E_y^2 : 56.23
mean E_xy^2 : 73.84
theta : 0.78
average greyscal : 54.70
average RGB [44.80,53.85,66.45]
(3 1)(4 1)(7 1)(11 1)(13 2)(14 1)(15 5)(16 6)(17 2)(18 1)(19 4)(20 3)(21 3)(22 1)(23 4)(24 11)(25 11)(26 13)(27 9)(28 16)(29 11)(30 20)(31 16)(32 20)(33 22)(34 14)(35 10)(36 7)(37 10)(38 11)(39 10)(40 10)(41 15)(42 9)(43 8)(44 10)(45 8)(46 8)(47 9)(48 11)(49 8)(50 7)(51 7)(52 10)(53 8)(54 19)(55 9)(56 12)(57 7)(58 10)(59 7)(60 14)(61 14)(62 6)(63 16)(64 13)(65 11)(66 12)(67 11)(68 11)(69 7)(70 11)(71 14)(72 13)(73 13)(74 9)(75 12)(76 6)(77 9)(78 4)(79 9)(80 6)(81 2)(82 6)(83 5)(84 10)(85 8)(86 3)(87 2)(88 5)(89 1)(90 1)(91 1)(92 4)(93 5)(94 2)(95 2)(96 3)(97 2)(98 5)(99 2)(101 1)(102 1)(104 1)(106 2)(107 1)(109 1)(111 1)(112 1)(125 1)(130 2)(134 1)(138 1)(147 1)(150 1)(154 1)(160 1)(161 1)(163 1)(172 1)(178 1)(187 1)
