NUMBER OF AREAS : 1
---area label--- : 1
area size : 569
mean x : 129.66
mean y : 155.53
mean E_x^2 : 270.09
mean E_y^2 : 41.60
mean E_xy^2 : 82.81
theta : 0.78
average greyscal : 58.54
average RGB [63.09,55.26,58.19]
(0 3)(1 6)(2 2)(3 4)(5 3)(6 3)(7 5)(8 3)(9 2)(10 2)(11 3)(12 5)(14 5)(16 3)(18 3)(19 2)(20 6)(21 5)(22 10)(23 2)(24 6)(25 5)(26 7)(27 7)(28 1)(29 7)(30 13)(31 12)(32 7)(33 9)(34 11)(35 3)(36 7)(37 3)(38 4)(39 10)(40 4)(41 5)(42 7)(43 4)(44 5)(45 6)(46 1)(47 7)(48 6)(49 8)(50 4)(51 7)(52 11)(53 4)(54 6)(55 5)(56 3)(57 8)(58 8)(59 7)(60 8)(61 6)(62 6)(63 13)(64 11)(65 9)(66 13)(67 5)(68 10)(69 11)(70 7)(71 9)(72 4)(73 7)(74 5)(75 5)(76 3)(77 4)(78 4)(79 5)(80 1)(81 2)(83 2)(84 7)(85 1)(86 1)(87 4)(88 2)(89 2)(90 1)(91 4)(92 1)(93 2)(94 1)(95 3)(96 3)(97 1)(98 3)(99 1)(100 2)(101 1)(102 3)(103 7)(104 1)(105 5)(106 3)(107 4)(108 3)(109 2)(110 3)(111 2)(112 1)(113 3)(114 3)(115 1)(116 3)(117 1)(120 2)(123 1)(124 1)(127 1)(129 1)(135 2)(137 2)(138 2)(139 1)(145 1)(148 1)(149 1)(150 1)(151 1)(152 1)(155 1)(156 2)(157 1)(158 2)(160 1)(161 1)(174 2)
