NUMBER OF AREAS : 2
---area label--- : 1
area size : 222
mean x : 145.80
mean y : 161.26
mean E_x^2 : 15.31
mean E_y^2 : 24.26
mean E_xy^2 : -4.80
theta : -0.78
average greyscal : 64.08
average RGB [67.22,60.80,65.18]
(3 1)(7 1)(24 1)(25 2)(26 1)(31 1)(36 2)(37 1)(38 1)(39 2)(40 1)(42 1)(44 2)(45 2)(46 3)(47 3)(48 8)(49 5)(50 3)(51 2)(52 6)(53 7)(54 6)(55 2)(56 3)(57 2)(58 7)(59 3)(60 7)(61 4)(62 9)(63 6)(64 9)(65 9)(66 11)(67 10)(68 11)(69 3)(70 5)(71 8)(72 5)(73 5)(74 4)(75 5)(76 3)(78 1)(79 1)(80 3)(81 2)(82 1)(83 1)(84 2)(89 1)(95 2)(96 1)(97 1)(99 2)(101 2)(103 1)(107 1)(109 2)(111 1)(113 1)(114 1)(117 1)(156 1)
---area label--- : 2
area size : 5
mean x : 89.00
mean y : 249.00
mean E_x^2 : 0.40
mean E_y^2 : 0.80
mean E_xy^2 : 0.40
theta : -0.51
average greyscal : 34.00
average RGB [56.40,17.80,28.60]
(14 1)(17 1)(29 1)(42 1)(68 1)
