NUMBER OF AREAS : 2
---area label--- : 1
area size : 608
mean x : 175.96
mean y : 136.64
mean E_x^2 : 95.20
mean E_y^2 : 34.23
mean E_xy^2 : 24.96
theta : 0.78
average greyscal : 51.93
average RGB [44.93,51.78,59.99]
(0 1)(1 1)(2 2)(3 2)(4 1)(5 2)(6 3)(7 1)(8 1)(9 3)(10 4)(11 1)(12 2)(13 2)(15 2)(16 3)(17 2)(18 5)(19 3)(20 1)(21 4)(22 6)(23 9)(24 18)(25 15)(26 9)(27 15)(28 20)(29 6)(30 7)(31 13)(32 20)(33 13)(34 6)(35 5)(36 5)(37 5)(38 9)(39 9)(40 10)(41 9)(42 14)(43 6)(44 11)(45 13)(46 11)(47 15)(48 5)(49 11)(50 10)(51 7)(52 10)(53 4)(54 11)(55 8)(56 10)(57 5)(58 5)(59 2)(60 3)(61 8)(62 10)(63 5)(64 6)(65 5)(66 5)(67 6)(68 6)(69 2)(70 1)(71 3)(72 6)(73 3)(74 5)(75 3)(76 7)(77 6)(78 4)(79 3)(80 6)(81 2)(82 4)(83 4)(84 5)(86 3)(87 3)(88 1)(89 3)(90 4)(91 5)(92 1)(93 2)(94 2)(95 4)(96 3)(97 4)(98 2)(99 3)(100 1)(101 1)(102 2)(103 1)(104 3)(105 1)(106 1)(107 1)(112 1)(113 3)(116 1)(124 1)(125 1)(126 1)(127 1)(133 1)(137 1)(140 3)(141 1)(142 1)(144 1)(147 1)(151 1)(155 2)(156 1)(157 1)(160 1)(165 1)(178 1)
---area label--- : 2
area size : 5
mean x : 105.00
mean y : 266.00
mean E_x^2 : 0.40
mean E_y^2 : 0.80
mean E_xy^2 : 0.40
theta : -0.51
average greyscal : 130.80
average RGB [162.80,138.40,92.80]
(77 1)(105 1)(132 1)(166 1)(174 1)
