NUMBER OF AREAS : 2
---area label--- : 1
area size : 81
mean x : 81.51
mean y : 93.25
mean E_x^2 : 10.13
mean E_y^2 : 14.70
mean E_xy^2 : 8.47
theta : -0.78
average greyscal : 38.25
average RGB [37.52,38.56,39.81]
(0 2)(2 1)(3 3)(4 2)(5 2)(7 2)(8 1)(12 3)(13 2)(14 2)(15 3)(17 2)(19 1)(22 1)(24 2)(25 2)(26 2)(27 2)(29 1)(31 3)(32 2)(33 1)(34 2)(35 2)(37 3)(39 1)(41 4)(44 3)(45 1)(47 2)(49 3)(52 2)(53 1)(57 2)(63 1)(68 1)(77 1)(79 1)(82 1)(84 1)(111 2)(114 1)(115 1)(118 1)(120 1)(131 1)
---area label--- : 2
area size : 680
mean x : 192.32
mean y : 161.83
mean E_x^2 : 136.87
mean E_y^2 : 37.31
mean E_xy^2 : 38.25
theta : 0.78
average greyscal : 48.99
average RGB [41.48,48.16,58.40]
(0 1)(5 1)(9 2)(10 1)(12 3)(14 3)(15 2)(16 3)(17 2)(19 7)(20 6)(21 7)(22 5)(23 9)(24 7)(25 20)(26 21)(27 16)(28 16)(29 22)(30 11)(31 27)(32 21)(33 23)(34 18)(35 16)(36 9)(37 7)(38 10)(39 9)(40 11)(41 15)(42 7)(43 9)(44 11)(45 8)(46 8)(47 11)(48 7)(49 8)(50 9)(51 6)(52 6)(53 9)(54 8)(55 8)(56 11)(57 11)(58 8)(59 6)(60 14)(61 10)(62 15)(63 6)(64 5)(65 5)(66 2)(67 2)(68 5)(69 6)(70 4)(71 1)(72 5)(73 2)(74 4)(75 4)(76 2)(77 7)(78 3)(79 5)(80 6)(81 6)(82 6)(83 3)(84 2)(85 5)(86 3)(87 3)(88 6)(89 4)(90 4)(91 3)(92 2)(93 3)(94 2)(95 4)(96 4)(97 1)(98 1)(99 1)(101 2)(102 1)(103 1)(104 3)(105 1)(107 1)(110 2)(119 1)(121 1)(123 1)(124 1)(128 1)(130 1)(144 1)(146 1)(150 2)(158 1)
