NUMBER OF AREAS : 2
---area label--- : 1
area size : 219
mean x : 145.66
mean y : 161.35
mean E_x^2 : 14.94
mean E_y^2 : 23.77
mean E_xy^2 : -4.23
theta : -0.78
average greyscal : 63.21
average RGB [65.97,60.42,64.11]
(1 1)(7 1)(20 2)(30 1)(31 2)(32 2)(34 1)(36 1)(39 1)(40 1)(41 4)(42 1)(43 3)(44 5)(45 2)(46 2)(47 5)(48 2)(49 2)(50 5)(51 4)(52 5)(53 8)(54 2)(55 4)(56 2)(57 4)(58 3)(59 6)(60 8)(61 4)(62 8)(63 4)(64 13)(65 3)(66 12)(67 8)(68 11)(69 5)(70 5)(71 4)(72 7)(73 6)(74 8)(75 2)(76 1)(77 2)(78 1)(79 1)(80 1)(81 4)(86 2)(89 2)(93 1)(97 1)(98 1)(100 1)(101 2)(102 1)(103 1)(104 2)(108 1)(112 1)(120 1)(122 1)(147 1)
---area label--- : 2
area size : 365
mean x : 107.23
mean y : 164.42
mean E_x^2 : 105.28
mean E_y^2 : 19.00
mean E_xy^2 : 32.56
theta : 0.77
average greyscal : 48.79
average RGB [55.30,44.95,47.07]
(0 2)(1 3)(2 4)(3 4)(4 3)(5 2)(6 3)(8 3)(9 2)(10 4)(11 1)(13 3)(14 1)(16 3)(17 3)(18 3)(20 2)(21 2)(23 1)(24 2)(25 1)(27 4)(28 7)(29 4)(30 6)(31 8)(32 6)(33 9)(34 16)(35 11)(36 4)(37 7)(38 17)(39 9)(40 15)(41 8)(42 5)(43 11)(44 6)(45 5)(46 3)(47 3)(48 6)(49 4)(50 1)(51 6)(52 5)(53 3)(55 5)(56 5)(57 10)(58 7)(59 3)(60 5)(61 1)(62 4)(63 2)(64 3)(65 4)(66 3)(67 7)(68 4)(69 3)(70 1)(71 3)(72 1)(74 2)(75 3)(76 1)(78 1)(80 1)(81 1)(82 1)(84 1)(86 2)(87 2)(88 1)(89 3)(92 1)(94 1)(96 1)(97 1)(98 1)(99 1)(103 2)(104 2)(106 1)(107 1)(108 1)(110 1)(113 1)(114 2)(115 1)(118 1)(119 1)(121 2)(122 1)(125 1)(126 1)(133 2)(134 1)(137 1)(138 1)(139 1)(141 1)(144 1)(185 1)
