NUMBER OF AREAS : 2
---area label--- : 1
area size : 137
mean x : 83.04
mean y : 98.55
mean E_x^2 : 26.47
mean E_y^2 : 30.67
mean E_xy^2 : 22.79
theta : -0.78
average greyscal : 46.58
average RGB [49.74,44.13,46.93]
(0 6)(1 1)(4 1)(5 1)(6 2)(9 3)(10 2)(11 3)(12 1)(13 1)(14 2)(15 2)(16 1)(18 2)(19 4)(20 2)(21 2)(22 1)(23 3)(24 2)(26 3)(27 3)(28 4)(29 3)(30 4)(31 1)(34 4)(35 1)(37 2)(38 1)(40 1)(41 1)(44 1)(45 1)(46 2)(47 3)(48 2)(49 2)(50 1)(51 1)(52 3)(53 2)(54 1)(55 2)(56 3)(58 4)(59 1)(60 4)(61 3)(63 1)(64 1)(65 2)(66 1)(67 2)(69 1)(79 1)(81 1)(83 1)(88 1)(89 2)(90 1)(95 1)(96 1)(98 1)(100 1)(102 1)(107 2)(111 1)(116 1)(121 1)(129 1)(130 1)(147 1)(151 1)(152 1)(162 1)
---area label--- : 2
area size : 936
mean x : 214.72
mean y : 203.87
mean E_x^2 : 184.39
mean E_y^2 : 57.65
mean E_xy^2 : 43.98
theta : 0.78
average greyscal : 53.60
average RGB [45.03,53.70,63.11]
(2 2)(3 1)(4 3)(5 3)(6 2)(7 4)(8 1)(9 2)(10 3)(11 5)(12 1)(13 3)(14 1)(15 5)(16 3)(17 7)(18 2)(19 3)(20 6)(21 5)(22 9)(23 7)(24 16)(25 10)(26 14)(27 12)(28 8)(29 14)(30 17)(31 24)(32 23)(33 13)(34 28)(35 12)(36 9)(37 9)(38 15)(39 11)(40 13)(41 13)(42 6)(43 9)(44 8)(45 19)(46 19)(47 12)(48 26)(49 13)(50 21)(51 15)(52 20)(53 21)(54 22)(55 10)(56 21)(57 16)(58 16)(59 18)(60 10)(61 11)(62 15)(63 9)(64 17)(65 7)(66 12)(67 14)(68 5)(69 12)(70 12)(71 6)(72 6)(73 3)(74 5)(75 2)(76 3)(77 7)(78 4)(79 2)(80 2)(81 7)(82 6)(83 4)(84 4)(85 4)(86 1)(87 6)(88 5)(89 3)(90 2)(91 2)(92 6)(93 3)(94 3)(95 5)(96 5)(97 7)(98 5)(99 4)(100 3)(101 2)(102 7)(103 3)(104 4)(105 4)(106 5)(107 1)(108 3)(110 1)(111 4)(115 1)(123 1)(125 1)(127 1)(128 2)(131 1)(134 1)(137 1)(140 1)(146 1)(153 1)(159 1)(160 1)(161 1)(164 1)(172 1)(176 2)(177 2)(186 1)
