NUMBER OF AREAS : 2
---area label--- : 1
area size : 161
mean x : 87.90
mean y : 118.48
mean E_x^2 : 33.82
mean E_y^2 : 15.01
mean E_xy^2 : 17.94
theta : 0.78
average greyscal : 39.91
average RGB [42.32,36.31,42.06]
(0 4)(1 2)(2 4)(3 4)(5 2)(6 2)(7 2)(8 2)(10 2)(11 3)(13 1)(14 1)(15 1)(19 1)(20 1)(21 2)(22 1)(23 2)(24 4)(25 1)(26 8)(27 4)(28 2)(30 5)(31 4)(32 8)(33 7)(34 4)(35 7)(36 1)(37 4)(38 3)(39 4)(40 2)(41 1)(42 3)(43 1)(44 2)(45 5)(46 1)(47 2)(48 2)(50 5)(52 1)(53 2)(54 1)(55 1)(56 1)(57 1)(58 1)(59 1)(62 3)(64 1)(72 1)(73 1)(79 1)(81 2)(83 1)(84 1)(91 1)(92 1)(95 2)(97 1)(106 1)(109 1)(112 1)(113 1)(117 1)(122 1)(150 1)(163 1)(168 1)
---area label--- : 2
area size : 220
mean x : 145.61
mean y : 161.37
mean E_x^2 : 15.07
mean E_y^2 : 23.56
mean E_xy^2 : -4.04
theta : -0.78
average greyscal : 62.90
average RGB [65.85,60.63,63.19]
(4 1)(10 1)(16 1)(23 1)(24 2)(28 1)(31 2)(32 1)(33 3)(34 1)(35 1)(36 1)(39 1)(40 1)(41 2)(42 2)(43 2)(44 2)(45 5)(46 8)(47 4)(48 2)(49 2)(50 3)(51 2)(52 5)(53 3)(54 4)(55 4)(56 3)(57 4)(58 7)(59 5)(60 6)(61 6)(62 6)(63 7)(64 12)(65 11)(66 6)(67 8)(68 7)(69 6)(70 4)(71 11)(72 2)(73 3)(74 4)(75 2)(76 2)(77 3)(80 1)(81 2)(82 1)(83 1)(87 2)(92 2)(95 1)(96 2)(98 1)(99 1)(100 2)(103 1)(104 1)(105 2)(109 1)(110 2)(116 1)(117 1)(130 1)(159 1)
