NUMBER OF AREAS : 2
---area label--- : 1
area size : 347
mean x : 99.95
mean y : 152.76
mean E_x^2 : 103.44
mean E_y^2 : 25.47
mean E_xy^2 : 42.18
theta : 0.78
average greyscal : 46.49
average RGB [51.99,42.47,46.06]
(0 3)(1 4)(2 8)(3 2)(4 4)(6 1)(7 2)(8 3)(9 2)(10 5)(11 3)(12 1)(13 2)(14 1)(18 1)(19 1)(22 2)(23 6)(24 5)(25 7)(26 6)(27 5)(28 2)(29 2)(30 10)(31 9)(32 6)(33 8)(34 12)(35 8)(36 11)(37 20)(38 5)(39 11)(40 8)(41 3)(42 8)(43 4)(44 4)(45 7)(46 7)(47 3)(48 8)(49 1)(50 6)(51 4)(52 7)(53 3)(54 6)(55 8)(56 2)(57 1)(59 2)(60 8)(61 1)(62 3)(63 2)(64 1)(65 2)(66 1)(67 3)(68 1)(71 2)(72 1)(73 2)(75 3)(76 1)(78 2)(81 1)(82 3)(83 1)(88 1)(89 1)(91 2)(93 1)(94 1)(95 1)(96 2)(97 1)(99 1)(100 1)(102 4)(104 2)(105 1)(107 1)(108 1)(109 1)(110 1)(111 1)(116 1)(118 1)(119 2)(120 1)(121 2)(125 1)(128 1)(132 2)(161 1)(167 1)(173 1)(223 1)
---area label--- : 2
area size : 223
mean x : 145.83
mean y : 161.24
mean E_x^2 : 15.53
mean E_y^2 : 24.16
mean E_xy^2 : -4.94
theta : -0.78
average greyscal : 64.25
average RGB [66.47,62.35,64.90]
(1 1)(9 1)(21 1)(26 1)(30 1)(31 1)(33 1)(36 1)(41 3)(42 2)(43 4)(44 3)(46 10)(47 2)(48 5)(49 4)(50 4)(51 5)(52 3)(53 3)(54 7)(55 2)(56 4)(57 2)(58 3)(59 8)(60 3)(61 5)(62 6)(63 14)(64 8)(65 9)(66 13)(67 8)(68 5)(69 8)(70 3)(71 7)(72 6)(73 9)(74 4)(75 2)(76 1)(77 1)(78 1)(80 2)(86 3)(87 1)(89 1)(91 3)(93 1)(94 1)(96 1)(97 1)(100 1)(101 1)(103 2)(106 1)(107 1)(109 1)(110 1)(111 2)(112 1)(115 1)(117 1)(150 1)
