NUMBER OF AREAS : 1
---area label--- : 1
area size : 547
mean x : 126.23
mean y : 149.42
mean E_x^2 : 117.98
mean E_y^2 : 36.16
mean E_xy^2 : 42.06
theta : 0.78
average greyscal : 61.25
average RGB [67.41,56.18,61.12]
(2 3)(3 4)(4 1)(5 5)(6 3)(9 3)(10 4)(11 1)(12 2)(13 2)(14 3)(15 1)(16 3)(17 6)(18 3)(19 1)(20 4)(21 2)(22 5)(23 3)(24 9)(25 5)(26 6)(27 4)(28 9)(29 9)(30 7)(31 6)(32 13)(33 5)(34 5)(35 14)(36 6)(37 6)(38 4)(39 10)(40 2)(41 5)(42 3)(43 7)(44 4)(45 4)(46 2)(47 3)(48 8)(49 5)(50 5)(51 2)(52 7)(53 3)(54 2)(55 12)(56 3)(57 3)(58 4)(59 5)(60 6)(61 5)(62 2)(63 4)(64 7)(65 9)(66 8)(67 10)(68 7)(69 15)(70 8)(71 14)(72 12)(73 6)(74 10)(75 8)(76 11)(77 8)(78 5)(79 3)(80 3)(81 4)(82 2)(83 5)(84 2)(85 2)(86 2)(87 1)(88 2)(89 2)(90 1)(91 3)(92 1)(93 2)(94 3)(95 3)(96 2)(97 2)(98 1)(99 5)(100 3)(101 3)(102 3)(103 9)(104 1)(105 2)(106 2)(107 2)(108 3)(109 1)(111 1)(112 3)(113 1)(114 2)(115 1)(116 5)(117 2)(118 2)(119 3)(122 1)(123 1)(124 1)(125 2)(126 1)(127 1)(130 1)(131 1)(133 2)(134 1)(143 1)(145 1)(147 1)(150 1)(152 1)(160 1)(165 1)(176 1)(178 1)(179 1)(181 1)(188 1)(198 1)(201 1)
