NUMBER OF AREAS : 2
---area label--- : 1
area size : 424
mean x : 146.12
mean y : 122.97
mean E_x^2 : 151.83
mean E_y^2 : 48.57
mean E_xy^2 : 76.89
theta : 0.78
average greyscal : 54.24
average RGB [48.62,52.57,62.65]
(0 4)(1 3)(2 1)(3 2)(4 1)(5 1)(6 2)(7 1)(8 1)(9 3)(10 1)(11 5)(12 2)(14 1)(15 2)(16 2)(17 4)(18 2)(19 1)(20 4)(22 3)(23 6)(24 8)(25 7)(26 6)(27 4)(28 8)(29 5)(30 7)(31 6)(32 10)(33 12)(34 7)(35 12)(36 4)(37 6)(38 8)(39 5)(40 2)(41 2)(42 6)(43 6)(44 3)(45 4)(46 2)(47 5)(48 6)(49 8)(50 4)(51 6)(52 6)(54 4)(55 3)(56 3)(57 6)(58 4)(59 12)(60 8)(61 1)(62 4)(63 3)(64 5)(65 4)(66 5)(67 3)(68 3)(69 1)(70 1)(71 9)(72 4)(73 3)(74 8)(75 2)(76 5)(77 4)(78 5)(79 4)(80 3)(81 3)(82 4)(83 2)(84 3)(85 2)(86 2)(87 3)(88 2)(89 3)(90 1)(91 3)(92 1)(93 3)(94 4)(96 3)(97 2)(99 1)(100 2)(101 3)(102 1)(103 2)(104 1)(105 1)(106 1)(107 1)(109 4)(110 3)(111 2)(112 1)(113 2)(117 1)(120 1)(121 1)(123 1)(124 1)(125 2)(127 1)(129 2)(139 1)(147 1)(152 1)(161 1)
---area label--- : 2
area size : 5
mean x : 92.00
mean y : 241.00
mean E_x^2 : 0.40
mean E_y^2 : 0.80
mean E_xy^2 : 0.40
theta : -0.51
average greyscal : 94.40
average RGB [115.00,95.40,73.80]
(37 1)(68 1)(106 1)(117 1)(144 1)
