NUMBER OF AREAS : 2
---area label--- : 1
area size : 11
mean x : 87.00
mean y : 70.00
mean E_x^2 : 1.27
mean E_y^2 : 1.82
mean E_xy^2 : 1.27
theta : -0.73
average greyscal : 20.82
average RGB [21.27,16.27,25.64]
(11 1)(13 1)(15 1)(18 1)(19 1)(21 1)(22 1)(25 2)(26 1)(34 1)
---area label--- : 2
area size : 656
mean x : 265.70
mean y : 245.41
mean E_x^2 : 157.36
mean E_y^2 : 41.06
mean E_xy^2 : -54.45
theta : 0.78
average greyscal : 45.40
average RGB [36.49,45.46,55.19]
(5 1)(6 2)(7 1)(10 1)(11 2)(12 1)(13 2)(15 1)(16 5)(17 2)(18 3)(19 3)(20 6)(21 4)(22 12)(23 7)(24 15)(25 20)(26 22)(27 16)(28 4)(29 13)(30 13)(31 18)(32 7)(33 11)(34 12)(35 8)(36 10)(37 11)(38 9)(39 11)(40 15)(41 18)(42 16)(43 17)(44 16)(45 12)(46 14)(47 23)(48 18)(49 16)(50 11)(51 9)(52 15)(53 10)(54 5)(55 11)(56 12)(57 2)(58 10)(59 7)(60 12)(61 10)(62 6)(63 8)(64 4)(65 5)(66 7)(67 6)(68 8)(69 8)(70 5)(71 4)(72 5)(73 8)(74 3)(75 5)(76 7)(77 5)(78 2)(79 1)(80 2)(81 5)(82 5)(83 3)(84 1)(85 5)(90 1)(93 1)(94 3)(104 1)
