NUMBER OF AREAS : 5
---area label--- : 1
area size : 28
mean x : 79.04
mean y : 89.61
mean E_x^2 : 6.18
mean E_y^2 : 2.10
mean E_xy^2 : 2.62
theta : 0.71
average greyscal : 44.29
average RGB [49.43,41.36,42.68]
(19 1)(26 1)(31 1)(32 1)(33 1)(35 2)(37 2)(40 2)(41 1)(42 2)(43 1)(46 2)(51 1)(52 2)(53 1)(54 1)(57 1)(58 2)(59 2)(62 1)
---area label--- : 2
area size : 54
mean x : 84.43
mean y : 99.13
mean E_x^2 : 15.87
mean E_y^2 : 3.41
mean E_xy^2 : 5.32
theta : 0.73
average greyscal : 29.85
average RGB [32.59,27.80,30.30]
(1 1)(3 2)(5 2)(6 2)(7 1)(8 1)(9 2)(10 1)(11 1)(13 2)(14 1)(15 1)(17 2)(18 2)(19 1)(20 1)(22 2)(23 1)(25 1)(29 1)(30 2)(31 1)(32 1)(33 1)(34 1)(35 2)(36 2)(38 1)(40 2)(41 1)(44 1)(48 1)(49 1)(53 1)(54 1)(62 2)(63 1)(74 1)(78 1)(81 1)(85 1)
---area label--- : 3
area size : 705
mean x : 214.34
mean y : 197.36
mean E_x^2 : 183.76
mean E_y^2 : 68.79
mean E_xy^2 : 93.25
theta : 0.78
average greyscal : 51.11
average RGB [42.20,52.07,60.09]
(4 2)(6 2)(7 1)(8 1)(9 2)(10 1)(11 1)(12 4)(13 3)(14 1)(16 3)(17 3)(18 2)(19 2)(20 4)(21 9)(22 6)(23 6)(24 12)(25 17)(26 18)(27 20)(28 14)(29 9)(30 18)(31 17)(32 13)(33 15)(34 8)(35 20)(36 9)(37 7)(38 13)(39 13)(40 9)(41 6)(42 4)(43 4)(44 3)(45 7)(46 8)(47 10)(48 14)(49 8)(50 11)(51 10)(52 7)(53 13)(54 21)(55 11)(56 11)(57 12)(58 5)(59 13)(60 11)(61 9)(62 11)(63 12)(64 13)(65 7)(66 7)(67 3)(68 10)(69 6)(70 3)(71 9)(72 4)(73 7)(74 4)(75 9)(76 9)(77 6)(78 3)(79 5)(80 3)(81 3)(82 6)(83 5)(84 9)(85 3)(86 6)(87 3)(88 5)(89 4)(90 3)(91 5)(92 2)(93 6)(94 2)(95 2)(96 3)(97 2)(98 2)(99 2)(100 1)(101 1)(102 1)(105 3)(107 1)(108 1)(109 5)(111 2)(114 1)(115 1)(122 1)
---area label--- : 4
area size : 11
mean x : 184.00
mean y : 191.00
mean E_x^2 : 0.55
mean E_y^2 : 1.82
mean E_xy^2 : 0.55
theta : -0.50
average greyscal : 112.27
average RGB [124.00,97.91,116.36]
(89 1)(92 1)(101 1)(109 1)(115 1)(116 1)(117 1)(118 1)(122 1)(126 1)(130 1)
---area label--- : 5
area size : 37
mean x : 194.86
mean y : 206.30
mean E_x^2 : 2.77
mean E_y^2 : 3.29
mean E_xy^2 : 0.39
theta : -0.77
average greyscal : 140.59
average RGB [143.19,135.97,143.70]
(21 1)(40 2)(58 1)(59 1)(85 1)(93 1)(98 1)(125 1)(130 1)(135 1)(140 1)(148 1)(152 2)(155 2)(159 2)(161 2)(164 1)(165 1)(168 4)(170 1)(171 2)(173 1)(174 1)(175 1)(179 1)(182 1)(190 2)
