NUMBER OF AREAS : 2
---area label--- : 1
area size : 306
mean x : 95.92
mean y : 147.17
mean E_x^2 : 97.98
mean E_y^2 : 25.66
mean E_xy^2 : 41.93
theta : 0.78
average greyscal : 47.32
average RGB [53.48,42.22,47.13]
(0 6)(1 2)(2 1)(3 1)(4 2)(5 3)(6 4)(7 3)(8 3)(10 2)(12 3)(13 4)(15 1)(16 2)(17 2)(18 4)(19 3)(20 1)(21 2)(22 2)(23 4)(24 3)(25 1)(26 5)(27 9)(28 1)(29 3)(30 4)(31 8)(32 12)(33 9)(34 8)(35 1)(36 6)(37 5)(38 10)(39 8)(40 8)(41 7)(42 5)(43 3)(44 3)(45 5)(46 3)(47 4)(48 6)(49 11)(50 3)(51 4)(52 5)(53 4)(54 10)(55 1)(56 2)(58 3)(59 3)(60 3)(61 5)(62 3)(64 1)(66 3)(67 1)(68 2)(69 1)(70 1)(71 1)(73 2)(74 1)(77 1)(79 1)(80 2)(81 1)(83 2)(85 1)(86 1)(87 1)(88 1)(89 1)(93 1)(94 1)(95 1)(97 3)(98 3)(103 3)(104 1)(108 1)(117 1)(118 2)(119 2)(121 1)(122 1)(125 1)(130 1)(131 1)(139 1)(143 2)(147 1)(162 1)(189 1)(191 1)(205 1)
---area label--- : 2
area size : 222
mean x : 145.63
mean y : 161.32
mean E_x^2 : 15.24
mean E_y^2 : 23.75
mean E_xy^2 : -3.90
theta : -0.78
average greyscal : 63.56
average RGB [65.95,61.56,64.08]
(3 2)(20 1)(31 1)(32 1)(33 3)(34 1)(37 1)(38 2)(39 4)(40 2)(41 1)(42 1)(43 6)(45 2)(46 4)(47 4)(48 6)(49 4)(50 5)(51 2)(52 9)(53 2)(54 3)(55 1)(56 3)(57 6)(58 4)(59 3)(60 4)(61 8)(62 9)(63 9)(64 10)(65 4)(66 10)(67 9)(68 5)(69 9)(70 5)(71 5)(72 10)(73 2)(75 5)(76 3)(77 2)(78 1)(81 1)(83 2)(84 1)(89 2)(90 1)(92 2)(94 1)(95 1)(97 1)(99 1)(100 1)(101 2)(102 1)(103 2)(104 2)(108 2)(110 1)(115 1)(116 1)(120 1)(145 1)
