NUMBER OF AREAS : 1
---area label--- : 1
area size : 151
mean x : 87.16
mean y : 98.45
mean E_x^2 : 41.44
mean E_y^2 : 33.55
mean E_xy^2 : 30.24
theta : 0.78
average greyscal : 47.90
average RGB [53.97,43.79,46.89]
(1 1)(2 2)(3 2)(4 1)(5 1)(6 2)(7 1)(8 1)(10 1)(14 1)(17 1)(18 2)(20 1)(21 2)(22 1)(23 3)(24 1)(25 1)(26 1)(27 2)(28 3)(29 6)(30 1)(31 3)(32 2)(33 2)(34 3)(36 1)(37 4)(38 1)(39 2)(40 2)(41 1)(42 1)(43 2)(44 3)(45 2)(46 2)(47 2)(48 1)(49 2)(50 1)(51 3)(52 5)(54 3)(55 4)(56 7)(57 9)(58 4)(59 6)(60 5)(61 4)(63 2)(64 1)(65 2)(66 3)(70 2)(71 1)(73 1)(78 1)(82 1)(89 1)(92 1)(95 1)(98 1)(100 1)(102 1)(108 2)(110 2)(122 1)(135 1)
