NUMBER OF AREAS : 2
---area label--- : 1
area size : 231
mean x : 145.99
mean y : 161.34
mean E_x^2 : 16.25
mean E_y^2 : 24.05
mean E_xy^2 : -4.23
theta : -0.78
average greyscal : 62.28
average RGB [64.53,59.42,63.78]
(5 1)(6 1)(7 1)(14 1)(28 1)(30 1)(32 1)(36 2)(37 3)(38 3)(39 1)(40 1)(41 3)(42 4)(43 3)(44 3)(45 6)(46 2)(47 5)(48 8)(49 5)(51 8)(52 7)(53 3)(54 3)(55 4)(56 2)(57 3)(58 6)(59 4)(60 10)(61 15)(62 12)(63 5)(64 7)(65 8)(66 6)(67 4)(68 8)(69 2)(70 4)(71 2)(72 9)(73 5)(74 2)(75 1)(78 1)(79 2)(81 1)(82 3)(83 1)(84 2)(86 1)(89 1)(93 1)(95 3)(96 1)(98 2)(99 2)(100 3)(103 1)(104 3)(107 2)(109 1)(111 1)(113 1)(114 1)(151 1)
---area label--- : 2
area size : 399
mean x : 129.11
mean y : 188.88
mean E_x^2 : 131.74
mean E_y^2 : 29.75
mean E_xy^2 : 51.15
theta : 0.78
average greyscal : 83.62
average RGB [94.66,78.29,79.02]
(0 1)(1 3)(2 1)(3 4)(4 1)(5 3)(6 2)(7 1)(8 3)(9 2)(10 1)(11 1)(12 3)(13 2)(14 2)(15 3)(16 2)(17 1)(18 3)(19 3)(20 4)(21 2)(22 1)(24 3)(25 2)(26 1)(27 2)(30 1)(31 3)(32 3)(33 2)(34 2)(35 3)(36 2)(37 3)(38 4)(39 1)(40 2)(41 1)(42 2)(43 3)(44 5)(45 1)(46 3)(47 2)(48 3)(49 4)(50 4)(51 1)(52 3)(53 4)(54 4)(55 3)(56 1)(57 3)(58 2)(59 5)(60 6)(61 3)(62 6)(63 2)(64 9)(65 7)(66 3)(67 5)(68 4)(69 3)(70 6)(71 5)(72 5)(73 4)(74 6)(75 5)(76 4)(77 6)(78 4)(79 5)(80 1)(81 1)(82 5)(83 4)(84 2)(86 5)(87 4)(88 4)(89 2)(91 2)(92 1)(93 1)(94 5)(95 1)(96 1)(97 1)(98 2)(99 1)(100 1)(101 3)(103 2)(104 3)(105 1)(106 1)(109 1)(111 1)(112 1)(113 2)(115 1)(116 2)(117 2)(118 1)(120 1)(121 3)(123 2)(124 1)(125 3)(127 5)(128 2)(129 2)(130 2)(131 2)(132 1)(133 2)(134 1)(135 1)(137 2)(138 1)(139 2)(141 1)(143 1)(144 1)(146 2)(147 1)(148 1)(149 1)(150 3)(152 3)(153 1)(154 2)(158 2)(159 2)(160 1)(166 2)(170 1)(173 1)(174 1)(176 1)(177 1)(181 2)(182 3)(183 1)(184 1)(185 1)(187 1)(188 1)(189 1)(190 1)(191 1)(192 2)(193 3)(194 1)(195 2)(196 2)(197 1)(198 1)(199 2)(200 1)(201 2)(202 3)(204 1)(205 1)(217 1)(218 1)
