NUMBER OF AREAS : 3
---area label--- : 1
area size : 339
mean x : 94.59
mean y : 142.73
mean E_x^2 : 95.23
mean E_y^2 : 22.40
mean E_xy^2 : 36.83
theta : 0.78
average greyscal : 50.94
average RGB [56.60,45.83,51.54]
(0 5)(1 4)(2 3)(3 4)(4 4)(5 5)(6 8)(7 5)(8 1)(9 3)(10 3)(11 4)(12 4)(13 2)(14 5)(15 1)(16 5)(17 2)(18 1)(19 2)(20 4)(21 1)(22 3)(23 4)(24 3)(25 5)(26 4)(27 2)(28 6)(29 3)(30 6)(31 7)(32 6)(33 8)(34 6)(35 5)(36 6)(37 4)(38 5)(39 7)(40 2)(41 4)(42 2)(43 3)(44 1)(45 2)(46 6)(47 4)(48 6)(49 3)(50 6)(51 4)(52 5)(53 5)(54 5)(55 4)(56 4)(57 3)(59 6)(60 2)(61 1)(62 6)(63 2)(64 2)(66 4)(67 1)(68 4)(69 3)(70 2)(71 2)(72 3)(73 1)(74 2)(75 1)(76 1)(78 1)(79 1)(81 3)(82 1)(83 2)(84 1)(86 1)(87 2)(96 1)(97 2)(98 1)(99 2)(101 3)(103 3)(105 1)(107 1)(108 2)(109 1)(110 1)(115 1)(117 2)(119 2)(120 1)(124 1)(125 1)(126 1)(130 1)(131 1)(132 1)(137 2)(145 1)(149 1)(150 1)(153 2)(163 1)(165 1)(167 1)(172 1)(175 1)(178 1)(185 1)(187 1)(190 1)(192 1)(194 1)(207 1)
---area label--- : 2
area size : 223
mean x : 145.78
mean y : 161.24
mean E_x^2 : 15.45
mean E_y^2 : 24.16
mean E_xy^2 : -4.87
theta : -0.78
average greyscal : 64.14
average RGB [67.43,61.27,64.68]
(3 1)(7 1)(14 1)(19 1)(25 1)(28 1)(31 1)(32 1)(34 1)(35 2)(36 1)(38 1)(39 1)(40 3)(41 2)(42 3)(44 4)(45 1)(46 2)(47 4)(48 3)(49 2)(50 7)(51 8)(52 3)(53 6)(54 4)(55 3)(56 3)(57 5)(58 5)(59 3)(60 1)(61 6)(62 7)(63 5)(64 3)(65 5)(66 17)(67 16)(68 5)(69 2)(70 7)(71 8)(72 5)(73 8)(74 4)(75 3)(76 4)(77 3)(78 1)(79 1)(82 3)(83 1)(86 2)(88 1)(92 1)(94 2)(96 1)(97 1)(99 1)(101 1)(102 1)(103 1)(108 1)(110 3)(111 1)(112 1)(115 1)(116 2)(121 1)(148 1)
---area label--- : 3
area size : 5
mean x : 89.00
mean y : 249.00
mean E_x^2 : 0.40
mean E_y^2 : 0.80
mean E_xy^2 : 0.40
theta : -0.51
average greyscal : 33.40
average RGB [39.60,42.80,18.40]
(0 1)(17 1)(28 1)(56 1)(66 1)
