NUMBER OF AREAS : 2
---area label--- : 1
area size : 535
mean x : 139.29
mean y : 118.10
mean E_x^2 : 129.38
mean E_y^2 : 50.81
mean E_xy^2 : 63.89
theta : 0.78
average greyscal : 55.27
average RGB [45.95,54.28,66.64]
(0 2)(2 2)(3 2)(4 6)(5 2)(6 3)(7 2)(8 1)(9 1)(10 1)(11 2)(12 4)(13 3)(14 3)(17 3)(18 7)(19 4)(20 3)(21 3)(22 3)(23 8)(24 1)(25 4)(26 9)(27 8)(28 4)(29 10)(30 3)(31 11)(32 10)(33 15)(34 11)(35 14)(36 12)(37 7)(38 11)(39 9)(40 8)(41 8)(42 2)(43 3)(44 5)(45 4)(46 7)(47 2)(48 6)(49 3)(50 2)(51 4)(52 4)(53 3)(54 6)(55 9)(56 8)(57 8)(58 8)(59 3)(60 6)(61 7)(62 10)(63 10)(64 8)(65 3)(66 5)(67 4)(68 9)(69 8)(70 7)(71 5)(72 5)(73 4)(74 5)(75 6)(76 9)(77 5)(78 3)(79 9)(80 2)(81 1)(82 5)(83 8)(84 1)(85 7)(86 4)(87 5)(88 3)(89 2)(90 2)(91 5)(92 1)(93 2)(94 5)(95 4)(96 4)(99 3)(101 1)(103 1)(104 1)(105 3)(106 2)(107 2)(109 4)(111 2)(112 1)(114 2)(116 1)(119 1)(120 1)(121 1)(123 1)(129 1)(141 1)(145 1)(149 1)(151 1)(155 1)(158 1)(160 1)(165 1)(166 1)(168 1)(169 1)
---area label--- : 2
area size : 8
mean x : 148.50
mean y : 111.50
mean E_x^2 : 0.75
mean E_y^2 : 1.25
mean E_xy^2 : 0.75
theta : -0.66
average greyscal : 94.25
average RGB [103.12,90.12,91.25]
(76 1)(81 1)(96 2)(100 1)(101 1)(102 2)
