NUMBER OF AREAS : 1
---area label--- : 1
area size : 558
mean x : 139.31
mean y : 118.31
mean E_x^2 : 130.70
mean E_y^2 : 52.96
mean E_xy^2 : 65.11
theta : 0.78
average greyscal : 54.51
average RGB [45.03,52.59,66.93]
(0 1)(1 1)(2 1)(3 2)(4 1)(5 3)(6 3)(7 5)(9 1)(10 1)(11 1)(12 1)(13 4)(14 5)(15 1)(16 6)(17 3)(18 5)(19 3)(20 3)(21 4)(22 3)(23 2)(24 6)(25 9)(26 11)(27 6)(28 5)(29 7)(30 11)(31 14)(32 14)(33 19)(34 13)(35 5)(36 9)(37 14)(38 10)(39 6)(40 4)(41 6)(42 7)(43 2)(44 6)(45 2)(46 6)(47 4)(48 3)(49 5)(50 8)(51 11)(52 4)(53 2)(54 4)(55 10)(56 6)(57 6)(58 4)(59 8)(60 1)(61 12)(62 7)(63 6)(64 10)(65 4)(66 5)(67 9)(68 6)(69 7)(70 10)(71 8)(72 4)(73 7)(74 3)(75 12)(76 6)(77 10)(78 3)(79 7)(80 5)(81 4)(82 2)(83 3)(84 6)(85 4)(86 1)(87 7)(88 2)(89 2)(90 1)(91 2)(93 2)(94 2)(95 3)(96 2)(97 4)(98 1)(99 2)(100 3)(101 1)(103 4)(104 2)(106 3)(107 1)(108 1)(109 1)(110 1)(112 3)(118 1)(119 1)(121 1)(123 1)(126 2)(130 1)(131 1)(132 1)(134 1)(136 1)(140 1)(149 1)(151 1)(156 1)(158 1)(159 1)(165 1)(171 1)
