NUMBER OF AREAS : 1
---area label--- : 1
area size : 568
mean x : 129.39
mean y : 155.59
mean E_x^2 : 279.96
mean E_y^2 : 40.56
mean E_xy^2 : 83.04
theta : 0.78
average greyscal : 57.85
average RGB [62.62,54.64,57.27]
(0 6)(1 2)(2 2)(3 1)(4 5)(5 7)(6 1)(7 5)(8 1)(9 3)(10 5)(12 2)(13 3)(14 3)(16 2)(17 5)(18 3)(19 5)(20 6)(21 4)(22 3)(23 7)(24 10)(25 4)(26 9)(27 7)(28 4)(29 7)(30 9)(31 8)(32 4)(33 9)(34 10)(35 3)(36 9)(37 5)(38 10)(39 5)(40 2)(41 5)(42 4)(43 5)(44 5)(45 5)(46 8)(47 4)(48 6)(49 7)(50 3)(51 6)(52 5)(53 6)(54 5)(55 4)(56 4)(57 8)(58 6)(59 9)(60 8)(61 11)(62 8)(63 6)(64 7)(65 10)(66 15)(67 13)(68 9)(69 7)(70 3)(71 5)(72 6)(73 8)(74 6)(75 8)(76 6)(77 4)(78 3)(79 2)(80 3)(81 6)(82 4)(83 4)(84 2)(86 3)(87 2)(88 2)(89 6)(90 5)(91 2)(92 2)(93 3)(94 2)(95 3)(96 3)(97 2)(99 3)(100 1)(101 5)(102 1)(103 3)(104 2)(105 1)(106 1)(107 2)(108 2)(109 4)(110 6)(111 1)(114 1)(115 2)(116 1)(117 1)(119 1)(123 2)(125 1)(126 1)(127 2)(128 1)(129 1)(130 1)(132 2)(134 2)(138 2)(139 1)(140 1)(142 1)(147 2)(151 1)(153 1)(157 1)(158 1)(159 1)(160 2)(167 2)(172 1)
