NUMBER OF AREAS : 1
---area label--- : 1
area size : 416
mean x : 144.93
mean y : 122.62
mean E_x^2 : 160.49
mean E_y^2 : 57.52
mean E_xy^2 : 87.82
theta : 0.78
average greyscal : 51.80
average RGB [44.98,50.65,60.70]
(0 4)(1 1)(2 1)(4 1)(6 1)(7 2)(8 3)(9 3)(10 5)(12 1)(13 3)(14 1)(16 7)(17 4)(18 4)(19 3)(20 2)(21 2)(22 5)(23 4)(24 4)(25 5)(26 7)(27 10)(28 5)(29 7)(30 7)(31 5)(32 16)(33 11)(34 10)(35 11)(36 8)(37 5)(38 6)(39 5)(40 6)(42 7)(43 4)(44 2)(45 7)(46 3)(47 7)(48 6)(49 4)(50 1)(51 2)(52 5)(53 4)(54 7)(55 4)(56 2)(57 6)(58 5)(60 7)(61 6)(62 3)(63 5)(64 4)(65 5)(66 3)(68 8)(69 3)(70 5)(71 6)(72 4)(74 6)(75 2)(76 3)(77 5)(78 3)(79 2)(80 5)(81 2)(82 3)(83 4)(85 3)(86 1)(88 4)(90 4)(91 1)(92 1)(93 2)(94 5)(95 2)(96 2)(97 1)(99 3)(100 2)(101 2)(102 2)(103 3)(104 4)(106 1)(107 1)(108 1)(109 2)(111 1)(113 2)(116 1)(117 2)(122 1)(124 1)(126 2)(127 1)(128 1)(130 1)(131 1)
