NUMBER OF AREAS : 4
---area label--- : 1
area size : 84
mean x : 84.86
mean y : 81.07
mean E_x^2 : 9.81
mean E_y^2 : 10.35
mean E_xy^2 : 6.16
theta : -0.78
average greyscal : 32.82
average RGB [32.05,32.37,35.51]
(1 1)(3 1)(5 2)(7 2)(8 1)(9 1)(11 4)(13 1)(14 1)(15 2)(16 7)(17 1)(18 2)(20 1)(21 1)(22 2)(23 8)(25 3)(26 2)(27 2)(28 2)(29 3)(30 1)(32 3)(33 3)(34 2)(36 1)(37 2)(41 2)(44 3)(47 2)(49 1)(51 2)(52 1)(53 1)(59 2)(75 2)(90 1)(91 1)(97 1)(108 1)(116 2)
---area label--- : 2
area size : 11
mean x : 175.36
mean y : 129.36
mean E_x^2 : 0.78
mean E_y^2 : 1.14
mean E_xy^2 : 0.32
theta : -0.68
average greyscal : 71.91
average RGB [76.55,64.64,75.00]
(48 1)(55 1)(56 1)(62 1)(69 1)(73 1)(79 1)(83 1)(88 2)(90 1)
---area label--- : 3
area size : 729
mean x : 173.48
mean y : 146.29
mean E_x^2 : 154.44
mean E_y^2 : 54.85
mean E_xy^2 : 65.99
theta : 0.78
average greyscal : 51.64
average RGB [40.89,51.58,63.45]
(0 3)(1 2)(2 3)(3 1)(4 4)(5 1)(6 5)(7 2)(8 3)(9 1)(10 5)(11 3)(12 2)(13 7)(14 4)(15 1)(16 4)(17 5)(18 7)(19 5)(20 6)(21 7)(22 2)(23 8)(24 9)(25 7)(26 11)(27 10)(28 16)(29 13)(30 15)(31 16)(32 14)(33 13)(34 13)(35 9)(36 10)(37 11)(38 8)(39 8)(40 15)(41 9)(42 8)(43 9)(44 8)(45 4)(46 11)(47 12)(48 9)(49 10)(50 10)(51 5)(52 15)(53 10)(54 11)(55 17)(56 10)(57 6)(58 11)(59 11)(60 7)(61 7)(62 6)(63 14)(64 11)(65 9)(66 6)(67 12)(68 11)(69 5)(70 7)(71 11)(72 7)(73 1)(74 10)(75 8)(76 8)(77 3)(78 6)(79 5)(80 6)(81 8)(83 8)(84 3)(85 6)(86 3)(87 5)(88 3)(90 6)(91 5)(92 2)(94 1)(95 5)(96 2)(97 1)(98 1)(99 1)(100 2)(102 1)(103 2)(106 2)(107 1)(108 1)(109 1)(116 1)(117 4)(119 2)(121 1)(123 1)(127 1)(129 1)(130 2)(141 1)(145 2)(147 1)(149 1)(151 1)(155 1)(172 1)(173 1)(174 1)(175 1)
---area label--- : 4
area size : 5
mean x : 172.00
mean y : 158.00
mean E_x^2 : 0.40
mean E_y^2 : 0.80
mean E_xy^2 : 0.40
theta : -0.51
average greyscal : 32.00
average RGB [37.20,27.40,32.20]
(13 1)(28 1)(37 1)(38 1)(44 1)
