NUMBER OF AREAS : 3
---area label--- : 1
area size : 65
mean x : 85.82
mean y : 77.51
mean E_x^2 : 12.34
mean E_y^2 : 7.82
mean E_xy^2 : 7.69
theta : 0.77
average greyscal : 24.86
average RGB [24.74,25.37,25.32]
(1 2)(4 2)(6 2)(11 1)(14 1)(15 3)(16 2)(17 3)(18 3)(20 1)(22 3)(23 3)(24 3)(25 5)(26 4)(27 4)(28 1)(29 3)(30 3)(31 2)(32 3)(33 5)(35 1)(39 1)(41 1)(47 1)(54 1)(79 1)
---area label--- : 2
area size : 224
mean x : 145.81
mean y : 161.23
mean E_x^2 : 15.61
mean E_y^2 : 24.06
mean E_xy^2 : -4.88
theta : -0.78
average greyscal : 63.47
average RGB [67.19,61.55,62.56]
(2 1)(4 1)(17 1)(20 1)(24 1)(25 1)(31 1)(34 1)(36 1)(39 3)(40 1)(41 6)(42 2)(43 3)(44 2)(45 2)(46 6)(47 3)(48 5)(49 4)(50 3)(51 6)(52 5)(54 4)(55 4)(56 3)(57 8)(58 5)(59 6)(60 5)(61 12)(62 2)(63 6)(64 11)(65 7)(66 7)(67 6)(68 10)(69 7)(70 11)(71 4)(72 4)(73 4)(74 3)(75 3)(76 1)(78 2)(81 2)(82 2)(86 2)(87 1)(90 1)(91 1)(94 1)(95 2)(99 2)(100 4)(101 1)(107 1)(109 2)(111 1)(114 1)(115 1)(116 1)(117 1)(118 1)(159 1)
---area label--- : 3
area size : 5
mean x : 89.00
mean y : 249.00
mean E_x^2 : 0.40
mean E_y^2 : 0.80
mean E_xy^2 : 0.40
theta : -0.51
average greyscal : 32.80
average RGB [42.20,26.40,30.60]
(7 1)(20 1)(25 1)(39 1)(73 1)
