NUMBER OF AREAS : 1
---area label--- : 1
area size : 791
mean x : 217.43
mean y : 174.65
mean E_x^2 : 119.33
mean E_y^2 : 48.55
mean E_xy^2 : 28.74
theta : 0.78
average greyscal : 50.16
average RGB [43.63,48.99,58.79]
(3 3)(6 3)(7 1)(9 1)(10 2)(11 2)(12 3)(13 1)(14 1)(15 2)(16 1)(17 6)(18 7)(19 3)(20 7)(21 5)(22 6)(23 6)(24 10)(25 13)(26 15)(27 11)(28 13)(29 14)(30 17)(31 15)(32 16)(33 22)(34 16)(35 14)(36 12)(37 12)(38 16)(39 11)(40 17)(41 18)(42 15)(43 11)(44 16)(45 20)(46 19)(47 19)(48 18)(49 17)(50 15)(51 11)(52 7)(53 13)(54 16)(55 14)(56 8)(57 16)(58 10)(59 8)(60 10)(61 7)(62 10)(63 10)(64 7)(65 6)(66 5)(67 7)(68 5)(69 9)(70 4)(71 4)(72 3)(73 1)(74 6)(75 5)(76 7)(77 4)(78 4)(79 2)(80 5)(81 11)(82 4)(83 4)(84 5)(85 5)(86 5)(87 3)(88 3)(89 4)(90 1)(91 3)(92 2)(93 1)(94 3)(95 4)(96 1)(97 3)(98 1)(100 1)(101 4)(104 2)(105 1)(109 3)(111 1)(112 2)(116 2)(117 3)(118 1)(120 1)(123 1)(126 2)(129 1)(133 2)(134 1)(136 2)(138 2)
