NUMBER OF AREAS : 2
---area label--- : 1
area size : 5
mean x : 119.00
mean y : 97.00
mean E_x^2 : 0.40
mean E_y^2 : 0.80
mean E_xy^2 : 0.40
theta : -0.51
average greyscal : 84.20
average RGB [86.40,83.00,84.40]
(70 1)(80 2)(89 1)(102 1)
---area label--- : 2
area size : 524
mean x : 140.18
mean y : 120.56
mean E_x^2 : 140.62
mean E_y^2 : 52.43
mean E_xy^2 : 73.48
theta : 0.78
average greyscal : 51.52
average RGB [44.11,50.07,61.44]
(0 1)(1 1)(2 2)(3 1)(4 3)(5 6)(6 1)(7 4)(8 4)(9 3)(10 2)(11 4)(12 3)(13 1)(14 5)(15 5)(16 3)(17 4)(18 3)(19 3)(20 2)(21 6)(22 3)(23 7)(24 7)(25 6)(26 3)(27 10)(28 6)(29 5)(30 9)(31 12)(32 11)(33 15)(34 13)(35 7)(36 10)(37 11)(38 6)(39 11)(40 12)(41 8)(42 5)(43 1)(44 3)(45 5)(46 6)(47 14)(48 3)(49 6)(50 7)(51 7)(52 5)(53 4)(54 8)(55 10)(56 4)(57 8)(58 4)(59 5)(60 5)(61 5)(62 3)(63 5)(64 6)(65 6)(66 5)(67 5)(68 3)(69 7)(70 8)(71 4)(72 9)(73 6)(74 3)(75 3)(76 1)(77 5)(78 3)(79 3)(80 4)(81 3)(82 4)(83 2)(84 5)(85 1)(86 2)(87 5)(88 2)(89 2)(90 4)(91 2)(93 3)(94 2)(96 2)(97 3)(98 1)(100 2)(101 1)(102 1)(103 1)(104 2)(105 2)(107 2)(108 4)(109 1)(110 1)(111 1)(112 1)(116 1)(117 2)(119 3)(125 1)(126 1)(130 1)(133 1)(134 1)(140 1)(144 1)(148 1)(150 1)(154 1)(155 1)(160 1)(165 1)
