NUMBER OF AREAS : 4
---area label--- : 1
area size : 5
mean x : 74.00
mean y : 81.00
mean E_x^2 : 0.40
mean E_y^2 : 0.80
mean E_xy^2 : 0.40
theta : -0.51
average greyscal : 40.20
average RGB [47.80,39.40,34.80]
(35 1)(36 1)(39 1)(40 1)(51 1)
---area label--- : 2
area size : 68
mean x : 82.59
mean y : 92.00
mean E_x^2 : 10.92
mean E_y^2 : 4.97
mean E_xy^2 : 4.25
theta : 0.76
average greyscal : 36.18
average RGB [39.01,32.50,38.41]
(0 1)(1 1)(2 1)(3 1)(4 6)(5 1)(6 1)(7 2)(8 2)(9 2)(11 1)(12 3)(13 1)(14 2)(15 2)(17 4)(18 1)(19 2)(25 1)(27 1)(28 1)(29 1)(31 1)(33 1)(35 1)(37 2)(38 1)(39 2)(42 1)(45 1)(47 1)(56 2)(57 1)(59 1)(60 1)(61 1)(66 2)(69 1)(73 1)(75 1)(94 1)(96 1)(102 1)(105 1)(119 1)(120 1)(122 1)(141 1)
---area label--- : 3
area size : 492
mean x : 176.02
mean y : 135.68
mean E_x^2 : 108.14
mean E_y^2 : 23.24
mean E_xy^2 : 23.88
theta : 0.78
average greyscal : 50.67
average RGB [43.03,50.54,59.43]
(0 2)(1 2)(2 2)(3 1)(4 1)(5 1)(9 1)(10 2)(11 1)(12 2)(13 3)(14 4)(15 1)(17 2)(18 3)(19 4)(20 3)(21 5)(23 5)(24 7)(25 7)(26 7)(27 2)(28 11)(29 5)(30 12)(31 8)(32 11)(33 17)(34 7)(35 12)(36 4)(37 7)(38 5)(39 10)(40 4)(41 10)(42 8)(43 7)(44 7)(45 9)(46 8)(47 9)(48 13)(49 8)(50 10)(51 9)(52 11)(53 14)(54 9)(55 9)(56 12)(57 4)(58 9)(59 7)(60 8)(61 6)(62 7)(63 2)(64 3)(65 1)(66 4)(67 5)(68 5)(69 4)(70 5)(71 2)(72 3)(73 3)(74 7)(75 4)(76 4)(77 2)(78 2)(79 3)(81 3)(83 2)(84 1)(85 5)(87 2)(88 2)(90 3)(91 1)(92 4)(93 1)(95 1)(96 1)(97 1)(98 1)(99 5)(100 2)(102 2)(103 2)(104 2)(108 1)(109 1)(110 1)(111 2)(113 1)(114 1)(115 1)(118 2)(119 1)(123 1)(126 2)(129 1)(135 1)(136 1)
---area label--- : 4
area size : 5
mean x : 175.00
mean y : 148.00
mean E_x^2 : 0.40
mean E_y^2 : 0.80
mean E_xy^2 : 0.40
theta : -0.51
average greyscal : 65.00
average RGB [66.80,58.40,70.60]
(42 1)(56 1)(63 1)(71 1)(93 1)
