NUMBER OF AREAS : 1
---area label--- : 1
area size : 149
mean x : 85.58
mean y : 95.79
mean E_x^2 : 31.52
mean E_y^2 : 28.58
mean E_xy^2 : 23.14
theta : 0.78
average greyscal : 44.52
average RGB [49.48,41.91,43.19]
(0 1)(1 3)(2 4)(4 1)(5 4)(6 1)(7 1)(8 1)(9 2)(10 1)(11 1)(13 5)(14 1)(15 2)(16 1)(18 5)(19 1)(20 2)(22 2)(27 3)(28 1)(29 1)(30 6)(31 3)(33 1)(35 2)(38 2)(39 1)(40 2)(41 2)(42 6)(44 2)(45 3)(46 3)(47 1)(48 1)(49 2)(52 1)(53 3)(54 4)(55 4)(56 4)(57 3)(58 2)(59 9)(60 4)(61 7)(62 3)(63 1)(64 1)(66 2)(67 1)(68 1)(69 1)(71 1)(73 1)(76 1)(80 2)(82 2)(83 1)(84 1)(85 1)(91 2)(92 1)(96 1)(141 1)(154 1)(158 1)
