NUMBER OF AREAS : 2
---area label--- : 1
area size : 8
mean x : 86.50
mean y : 69.00
mean E_x^2 : 0.75
mean E_y^2 : 2.25
mean E_xy^2 : 1.12
theta : -0.58
average greyscal : 20.38
average RGB [20.38,18.38,23.38]
(13 1)(14 1)(16 1)(20 1)(23 1)(25 1)(26 2)
---area label--- : 2
area size : 793
mean x : 256.11
mean y : 226.48
mean E_x^2 : 130.80
mean E_y^2 : 74.42
mean E_xy^2 : 14.56
theta : 0.78
average greyscal : 46.58
average RGB [39.22,46.40,55.21]
(3 2)(4 1)(5 3)(7 3)(8 2)(9 2)(10 2)(11 3)(12 2)(13 2)(14 5)(15 3)(16 5)(17 10)(18 8)(19 11)(20 7)(21 8)(22 11)(23 7)(24 12)(25 8)(26 13)(27 19)(28 9)(29 12)(30 14)(31 15)(32 18)(33 10)(34 24)(35 13)(36 14)(37 9)(38 18)(39 15)(40 15)(41 16)(42 14)(43 10)(44 12)(45 27)(46 23)(47 18)(48 27)(49 11)(50 15)(51 8)(52 10)(53 14)(54 12)(55 11)(56 8)(57 7)(58 8)(59 6)(60 5)(61 13)(62 8)(63 9)(64 9)(65 7)(66 9)(67 4)(68 1)(69 13)(70 5)(71 6)(72 5)(73 8)(74 9)(75 7)(76 7)(77 8)(78 4)(79 3)(80 5)(81 4)(82 4)(83 1)(84 4)(85 8)(86 5)(87 4)(90 4)(91 3)(92 2)(94 1)(95 1)(97 2)(99 4)(100 1)(101 1)(102 2)(104 1)(105 1)(110 2)(140 1)
