NUMBER OF AREAS : 1
---area label--- : 1
area size : 525
mean x : 150.65
mean y : 123.81
mean E_x^2 : 144.46
mean E_y^2 : 47.82
mean E_xy^2 : 68.18
theta : 0.78
average greyscal : 47.62
average RGB [40.22,47.76,55.90]
(0 3)(1 2)(2 3)(3 4)(4 4)(5 4)(6 2)(7 2)(8 3)(10 3)(11 3)(13 5)(14 2)(15 4)(16 6)(17 2)(18 4)(20 8)(21 4)(22 5)(23 10)(24 9)(25 8)(26 11)(27 9)(28 8)(29 10)(30 9)(31 13)(32 14)(33 14)(34 11)(35 1)(36 11)(37 9)(38 6)(39 7)(40 6)(41 5)(42 4)(43 8)(44 1)(45 3)(46 5)(47 8)(48 6)(49 9)(50 8)(51 8)(52 7)(53 6)(54 12)(55 11)(56 8)(57 9)(58 11)(59 9)(60 11)(61 10)(62 7)(63 5)(64 9)(65 5)(66 6)(67 5)(68 7)(69 4)(70 4)(71 2)(72 2)(73 2)(74 2)(75 2)(76 4)(77 4)(78 3)(79 1)(80 2)(81 1)(82 4)(83 2)(84 1)(85 2)(86 1)(87 1)(89 1)(90 2)(94 1)(95 1)(96 2)(97 1)(98 2)(99 2)(100 1)(101 4)(102 1)(103 1)(104 1)(105 2)(110 1)(111 1)(113 1)(116 1)(117 2)(121 1)(123 1)(128 2)(132 1)(135 1)(138 1)(148 1)(151 1)(155 1)(161 1)
