NUMBER OF AREAS : 1
---area label--- : 1
area size : 341
mean x : 98.55
mean y : 119.97
mean E_x^2 : 65.07
mean E_y^2 : 32.05
mean E_xy^2 : 28.27
theta : 0.78
average greyscal : 60.36
average RGB [69.52,55.48,57.09]
(0 2)(1 4)(2 2)(3 2)(4 1)(5 4)(6 1)(7 4)(8 2)(11 1)(12 1)(13 2)(14 2)(15 2)(16 4)(17 1)(18 1)(19 1)(21 3)(22 1)(23 2)(24 3)(25 1)(26 2)(29 1)(30 2)(31 1)(32 1)(33 1)(34 3)(35 1)(36 2)(37 5)(38 5)(39 4)(40 3)(41 3)(42 4)(43 6)(44 3)(45 5)(46 5)(47 10)(48 4)(49 2)(50 10)(51 5)(52 7)(53 2)(54 6)(55 3)(56 6)(57 1)(58 3)(59 5)(60 6)(61 6)(62 3)(63 3)(64 8)(65 14)(66 9)(67 10)(68 6)(69 3)(70 6)(71 4)(72 5)(73 3)(74 6)(75 5)(76 3)(77 3)(78 5)(79 3)(80 2)(81 2)(82 1)(84 4)(86 1)(87 1)(88 2)(91 3)(92 1)(95 1)(96 1)(97 2)(98 1)(99 1)(101 3)(102 2)(103 3)(105 1)(106 2)(107 2)(109 1)(110 1)(113 1)(114 2)(115 1)(117 1)(118 1)(119 1)(120 1)(122 1)(127 1)(132 1)(137 1)(138 1)(139 1)(141 1)(143 1)(144 1)(147 1)(154 2)(163 1)(164 2)(181 1)
