NUMBER OF AREAS : 2
---area label--- : 1
area size : 93
mean x : 82.42
mean y : 88.02
mean E_x^2 : 23.62
mean E_y^2 : 14.54
mean E_xy^2 : 15.29
theta : 0.78
average greyscal : 33.66
average RGB [37.11,31.02,33.74]
(1 1)(9 1)(10 2)(11 1)(12 2)(13 1)(14 1)(15 1)(17 6)(18 1)(19 1)(20 1)(22 2)(24 8)(25 1)(26 3)(27 2)(28 2)(29 4)(30 3)(31 3)(32 4)(33 4)(34 1)(35 1)(36 1)(37 2)(38 6)(40 2)(41 5)(43 1)(45 2)(46 1)(47 1)(48 3)(49 2)(50 1)(51 1)(57 1)(59 1)(65 1)(66 1)(68 1)(80 1)(83 1)(117 1)
---area label--- : 2
area size : 761
mean x : 186.00
mean y : 161.38
mean E_x^2 : 167.94
mean E_y^2 : 58.41
mean E_xy^2 : 62.77
theta : 0.78
average greyscal : 53.78
average RGB [44.36,52.41,65.59]
(0 2)(1 1)(5 2)(6 1)(7 2)(8 3)(9 2)(10 1)(11 1)(13 2)(14 8)(15 1)(16 4)(17 2)(18 2)(19 8)(20 8)(21 6)(22 4)(23 3)(24 6)(25 7)(26 10)(27 11)(28 13)(29 12)(30 9)(31 19)(32 20)(33 24)(34 16)(35 8)(36 8)(37 11)(38 4)(39 12)(40 14)(41 10)(42 9)(43 6)(44 4)(45 9)(46 10)(47 9)(48 14)(49 12)(50 10)(51 12)(52 9)(53 7)(54 13)(55 10)(56 13)(57 9)(58 10)(59 7)(60 11)(61 10)(62 17)(63 5)(64 14)(65 11)(66 11)(67 12)(68 11)(69 11)(70 11)(71 5)(72 15)(73 11)(74 7)(75 6)(76 9)(77 10)(78 13)(79 6)(80 5)(81 5)(82 3)(83 7)(84 10)(85 4)(86 6)(87 3)(88 6)(89 3)(90 4)(91 2)(92 2)(93 1)(94 2)(95 3)(96 3)(97 1)(98 3)(99 3)(100 5)(101 3)(104 1)(105 1)(106 2)(107 1)(108 3)(112 1)(113 1)(117 1)(118 2)(120 1)(122 1)(128 1)(129 1)(133 1)(134 1)(146 1)(160 1)
