NUMBER OF AREAS : 3
---area label--- : 1
area size : 173
mean x : 82.55
mean y : 99.57
mean E_x^2 : 45.61
mean E_y^2 : 20.96
mean E_xy^2 : 26.73
theta : 0.78
average greyscal : 40.02
average RGB [43.88,34.80,42.47]
(1 1)(4 4)(5 1)(6 3)(7 4)(8 3)(9 1)(10 1)(11 2)(12 3)(13 4)(14 2)(15 2)(17 2)(18 3)(19 3)(20 2)(21 1)(23 5)(24 4)(25 2)(26 4)(27 3)(28 1)(29 6)(30 4)(31 5)(32 6)(33 4)(34 4)(35 4)(36 4)(37 1)(38 2)(39 4)(40 3)(41 5)(42 3)(43 1)(44 3)(45 1)(46 3)(47 3)(48 2)(49 3)(50 4)(51 1)(52 2)(53 3)(54 1)(55 3)(56 1)(57 1)(59 1)(60 2)(61 1)(63 2)(66 1)(67 1)(73 1)(79 1)(82 2)(85 1)(101 1)(102 3)(108 1)(112 1)(127 1)(153 2)(160 1)(169 1)(174 1)
---area label--- : 2
area size : 221
mean x : 145.75
mean y : 161.29
mean E_x^2 : 15.35
mean E_y^2 : 23.97
mean E_xy^2 : -4.87
theta : -0.78
average greyscal : 63.57
average RGB [67.13,60.00,64.50]
(4 1)(10 1)(24 1)(26 1)(27 1)(32 1)(35 1)(37 1)(38 1)(40 2)(41 5)(42 3)(44 2)(45 3)(46 4)(47 6)(48 3)(49 1)(50 2)(51 4)(52 4)(53 1)(54 9)(55 8)(56 5)(57 6)(58 5)(59 8)(60 8)(61 2)(62 9)(63 5)(64 11)(65 1)(66 8)(67 10)(68 6)(69 6)(70 4)(71 12)(72 6)(73 5)(74 4)(75 2)(76 3)(77 1)(79 3)(81 1)(83 2)(85 1)(87 1)(88 2)(89 1)(90 1)(92 1)(93 1)(95 2)(97 2)(102 2)(103 2)(106 1)(107 1)(109 1)(113 1)(116 1)(164 1)
---area label--- : 3
area size : 5
mean x : 89.00
mean y : 249.00
mean E_x^2 : 0.40
mean E_y^2 : 0.80
mean E_xy^2 : 0.40
theta : -0.51
average greyscal : 38.40
average RGB [49.80,34.00,31.80]
(15 1)(21 1)(34 1)(47 1)(75 1)
