NUMBER OF AREAS : 4
---area label--- : 1
area size : 5
mean x : 119.00
mean y : 96.00
mean E_x^2 : 0.40
mean E_y^2 : 0.80
mean E_xy^2 : 0.40
theta : -0.51
average greyscal : 81.40
average RGB [89.80,79.60,76.40]
(70 1)(74 1)(82 1)(89 1)(92 1)
---area label--- : 2
area size : 534
mean x : 139.51
mean y : 120.16
mean E_x^2 : 138.02
mean E_y^2 : 54.39
mean E_xy^2 : 73.76
theta : 0.78
average greyscal : 52.59
average RGB [45.72,50.33,62.73]
(0 2)(1 1)(2 4)(3 1)(4 2)(5 2)(6 2)(7 2)(8 5)(9 5)(10 3)(11 2)(12 1)(13 8)(14 3)(15 2)(16 1)(17 5)(18 1)(19 1)(20 3)(21 5)(22 2)(23 6)(24 6)(25 9)(26 5)(27 7)(28 13)(29 8)(30 6)(31 12)(32 13)(33 14)(34 9)(35 11)(36 7)(37 8)(38 8)(39 5)(40 7)(41 8)(42 7)(43 5)(44 5)(45 3)(46 6)(47 10)(48 4)(49 14)(50 9)(51 7)(52 5)(53 7)(54 11)(55 7)(56 7)(57 9)(58 5)(59 4)(60 2)(61 5)(62 3)(63 5)(64 3)(65 1)(66 2)(67 4)(68 7)(69 8)(70 6)(71 2)(72 8)(73 9)(74 9)(75 5)(76 5)(77 3)(78 2)(79 3)(80 6)(81 3)(82 2)(83 3)(84 1)(85 1)(86 1)(87 4)(88 3)(89 4)(90 1)(91 3)(92 2)(93 2)(94 3)(95 4)(96 3)(97 1)(98 2)(99 3)(100 2)(101 1)(102 4)(103 3)(104 3)(105 2)(106 1)(107 1)(108 1)(109 2)(110 1)(111 2)(115 1)(122 1)(125 2)(129 1)(134 1)(135 1)(136 2)(137 1)(140 1)(142 1)(145 1)(146 1)(148 1)(155 1)(159 1)
---area label--- : 3
area size : 5
mean x : 106.00
mean y : 108.00
mean E_x^2 : 0.40
mean E_y^2 : 0.80
mean E_xy^2 : 0.40
theta : -0.51
average greyscal : 84.20
average RGB [96.60,82.80,73.60]
(57 1)(67 1)(95 1)(99 1)(103 1)
---area label--- : 4
area size : 5
mean x : 113.00
mean y : 112.00
mean E_x^2 : 0.40
mean E_y^2 : 0.80
mean E_xy^2 : 0.40
theta : -0.51
average greyscal : 84.00
average RGB [91.00,81.80,80.20]
(66 1)(70 1)(82 1)(92 1)(110 1)
