NUMBER OF AREAS : 1
---area label--- : 1
area size : 550
mean x : 127.91
mean y : 156.40
mean E_x^2 : 315.68
mean E_y^2 : 33.72
mean E_xy^2 : 76.65
theta : 0.78
average greyscal : 56.63
average RGB [61.21,53.77,55.95]
(0 7)(1 3)(2 4)(3 2)(4 5)(5 3)(6 3)(7 2)(8 2)(9 4)(10 2)(11 4)(12 3)(13 1)(14 1)(15 3)(16 6)(17 3)(18 3)(19 2)(20 2)(21 3)(22 7)(23 2)(24 9)(25 8)(26 6)(27 7)(28 3)(29 7)(30 4)(31 12)(32 11)(33 9)(34 8)(35 5)(36 4)(37 7)(38 7)(39 4)(40 6)(41 3)(42 6)(43 7)(44 4)(45 6)(46 5)(47 7)(48 6)(49 4)(50 2)(51 7)(52 6)(53 8)(54 7)(55 6)(56 8)(57 8)(58 3)(59 4)(60 5)(61 4)(62 10)(63 15)(64 7)(65 15)(66 8)(67 13)(68 8)(69 9)(70 8)(71 3)(72 7)(73 8)(74 6)(75 6)(76 4)(77 4)(78 3)(79 4)(80 4)(81 2)(82 1)(83 1)(84 2)(86 3)(87 1)(88 1)(89 2)(90 1)(91 2)(93 2)(94 2)(95 2)(96 5)(97 1)(99 2)(100 4)(101 2)(102 4)(103 3)(104 4)(105 2)(106 1)(107 2)(108 4)(109 3)(110 1)(111 2)(112 1)(113 1)(114 2)(115 2)(116 2)(117 2)(120 2)(121 1)(122 1)(123 2)(126 2)(127 2)(132 1)(134 1)(139 1)(140 3)(144 1)(150 1)(152 2)(153 1)(156 1)(167 1)(169 1)(174 1)(182 1)
