NUMBER OF AREAS : 1
---area label--- : 1
area size : 730
mean x : 211.52
mean y : 169.94
mean E_x^2 : 141.55
mean E_y^2 : 64.62
mean E_xy^2 : 59.17
theta : 0.78
average greyscal : 48.53
average RGB [41.46,48.24,56.98]
(3 2)(6 3)(9 1)(11 1)(12 3)(13 3)(14 2)(15 1)(16 3)(17 3)(18 5)(19 7)(20 10)(21 3)(22 2)(23 8)(24 11)(25 12)(26 13)(27 12)(28 5)(29 11)(30 12)(31 24)(32 13)(33 8)(34 17)(35 13)(36 8)(37 12)(38 17)(39 15)(40 13)(41 17)(42 21)(43 18)(44 14)(45 17)(46 23)(47 22)(48 19)(49 19)(50 18)(51 10)(52 14)(53 11)(54 16)(55 16)(56 6)(57 7)(58 8)(59 5)(60 13)(61 6)(62 8)(63 3)(64 8)(65 4)(66 6)(67 5)(68 7)(69 2)(70 6)(71 4)(72 3)(73 3)(74 5)(75 4)(76 5)(77 3)(78 4)(79 5)(80 4)(81 7)(82 6)(83 1)(84 2)(85 2)(86 1)(87 2)(88 4)(89 5)(90 2)(91 3)(92 4)(93 3)(94 2)(95 2)(96 2)(97 2)(98 2)(99 1)(102 1)(106 1)(107 3)(111 1)(113 1)(114 1)(115 1)(118 2)(121 1)(130 1)(135 1)(142 1)
