NUMBER OF AREAS : 4
---area label--- : 1
area size : 52
mean x : 85.10
mean y : 78.02
mean E_x^2 : 12.66
mean E_y^2 : 9.52
mean E_xy^2 : 9.88
theta : 0.78
average greyscal : 27.65
average RGB [28.42,23.75,31.67]
(3 1)(4 1)(5 2)(8 2)(13 1)(15 1)(17 1)(18 1)(19 2)(20 1)(22 4)(23 2)(24 1)(25 5)(26 3)(27 2)(28 1)(29 2)(30 3)(31 2)(34 3)(35 1)(39 2)(40 1)(44 1)(45 1)(47 1)(56 1)(57 1)(59 1)(68 1)
---area label--- : 2
area size : 658
mean x : 168.33
mean y : 141.49
mean E_x^2 : 170.70
mean E_y^2 : 55.86
mean E_xy^2 : 73.82
theta : 0.78
average greyscal : 51.28
average RGB [40.98,50.97,62.99]
(0 2)(1 3)(5 2)(6 1)(7 1)(10 2)(11 2)(12 1)(13 7)(14 2)(15 6)(16 1)(17 5)(18 11)(19 2)(20 3)(21 3)(22 7)(23 4)(24 7)(25 13)(26 12)(27 14)(28 14)(29 14)(30 12)(31 18)(32 19)(33 14)(34 13)(35 5)(36 12)(37 7)(38 10)(39 6)(40 11)(41 7)(42 8)(43 6)(44 6)(45 4)(46 8)(47 7)(48 9)(49 8)(50 8)(51 7)(52 6)(53 10)(54 5)(55 10)(56 9)(57 13)(58 14)(59 6)(60 10)(61 7)(62 7)(63 8)(64 13)(65 10)(66 8)(67 13)(68 6)(69 13)(70 12)(71 9)(72 4)(73 6)(74 9)(75 5)(76 5)(77 5)(78 6)(79 7)(80 3)(81 3)(82 3)(83 6)(84 6)(85 4)(86 3)(87 4)(88 1)(89 2)(90 1)(91 1)(92 2)(93 3)(94 2)(95 5)(96 2)(97 1)(98 1)(99 2)(100 2)(101 2)(102 2)(103 1)(104 1)(106 1)(107 1)(110 1)(111 1)(113 2)(115 1)(117 1)(121 1)(124 1)(134 1)(138 1)(151 1)(175 2)
---area label--- : 3
area size : 5
mean x : 168.00
mean y : 154.00
mean E_x^2 : 0.40
mean E_y^2 : 0.80
mean E_xy^2 : 0.40
theta : -0.51
average greyscal : 42.00
average RGB [46.60,35.80,44.80]
(34 2)(41 2)(60 1)
---area label--- : 4
area size : 5
mean x : 84.00
mean y : 253.00
mean E_x^2 : 0.40
mean E_y^2 : 0.80
mean E_xy^2 : 0.40
theta : -0.51
average greyscal : 55.40
average RGB [58.80,46.40,62.60]
(11 1)(14 1)(15 1)(94 1)(143 1)
