NUMBER OF AREAS : 3
---area label--- : 1
area size : 50
mean x : 85.40
mean y : 77.54
mean E_x^2 : 10.56
mean E_y^2 : 11.25
mean E_xy^2 : 10.00
theta : -0.78
average greyscal : 27.52
average RGB [24.98,26.84,31.64]
(0 1)(2 1)(9 2)(13 2)(14 1)(16 1)(17 1)(18 3)(19 1)(20 1)(21 1)(22 2)(23 3)(24 3)(25 3)(26 5)(27 2)(28 1)(31 1)(32 1)(33 1)(34 2)(38 2)(39 1)(40 2)(44 1)(54 1)(58 1)(60 2)(62 1)
---area label--- : 2
area size : 658
mean x : 167.67
mean y : 140.79
mean E_x^2 : 174.18
mean E_y^2 : 57.18
mean E_xy^2 : 76.41
theta : 0.78
average greyscal : 50.07
average RGB [38.91,50.60,61.53]
(0 1)(1 2)(2 1)(4 3)(6 3)(7 3)(8 2)(9 6)(10 2)(11 3)(12 2)(13 5)(14 1)(15 1)(16 3)(17 2)(18 4)(19 2)(20 7)(21 7)(22 6)(23 6)(24 10)(25 10)(26 9)(27 12)(28 17)(29 11)(30 12)(31 15)(32 18)(33 17)(34 14)(35 13)(36 16)(37 3)(38 11)(39 5)(40 6)(41 8)(42 6)(43 9)(44 2)(45 4)(46 4)(47 7)(48 11)(49 12)(50 9)(51 7)(52 5)(53 5)(54 9)(55 11)(56 18)(57 9)(58 6)(59 10)(60 5)(61 15)(62 10)(63 13)(64 13)(65 13)(66 16)(67 9)(68 7)(69 10)(70 6)(71 4)(72 4)(73 6)(74 9)(75 3)(76 5)(77 5)(78 8)(79 4)(80 6)(81 5)(82 3)(83 5)(86 3)(87 4)(88 1)(89 1)(90 1)(91 4)(92 5)(93 1)(94 4)(95 4)(96 2)(97 2)(98 1)(99 2)(101 2)(102 1)(103 2)(104 1)(107 1)(109 1)(110 1)(125 1)(126 1)(134 2)(146 2)(172 1)
---area label--- : 3
area size : 8
mean x : 167.50
mean y : 153.00
mean E_x^2 : 0.75
mean E_y^2 : 0.75
mean E_xy^2 : 0.38
theta : 0.79
average greyscal : 53.38
average RGB [58.25,48.12,55.12]
(34 1)(36 1)(39 1)(54 1)(55 1)(60 1)(71 1)(78 1)
