NUMBER OF AREAS : 1
---area label--- : 1
area size : 559
mean x : 135.32
mean y : 154.35
mean E_x^2 : 120.39
mean E_y^2 : 58.18
mean E_xy^2 : 60.83
theta : 0.78
average greyscal : 59.02
average RGB [63.31,55.97,58.70]
(1 1)(2 2)(3 2)(4 2)(5 3)(6 2)(8 2)(9 3)(10 2)(11 3)(14 3)(15 2)(16 1)(17 2)(18 2)(19 6)(20 4)(21 3)(22 3)(23 4)(24 5)(25 11)(26 12)(27 7)(28 6)(29 6)(30 6)(31 7)(32 12)(33 11)(34 2)(35 5)(36 2)(37 5)(38 5)(39 7)(40 6)(41 4)(42 6)(43 4)(44 3)(45 4)(46 7)(47 6)(48 9)(49 6)(50 7)(51 6)(52 5)(53 4)(54 7)(55 5)(56 8)(57 6)(58 8)(59 10)(60 11)(61 12)(62 7)(63 5)(64 9)(65 14)(66 20)(67 8)(68 12)(69 7)(70 11)(71 8)(72 5)(73 11)(74 4)(75 8)(76 3)(77 2)(78 3)(79 4)(80 4)(81 6)(82 1)(83 6)(84 1)(85 1)(86 3)(87 3)(88 2)(89 3)(90 4)(91 3)(92 1)(93 10)(94 4)(95 2)(96 3)(98 2)(99 1)(100 2)(101 2)(102 3)(103 3)(104 1)(105 2)(107 1)(109 1)(110 1)(111 2)(112 2)(113 3)(114 3)(115 1)(117 2)(119 1)(120 1)(121 1)(123 1)(124 3)(128 3)(131 1)(132 2)(133 1)(134 1)(136 1)(137 1)(138 1)(145 1)(146 1)(156 1)(158 1)(164 1)(190 1)
