NUMBER OF AREAS : 1
---area label--- : 1
area size : 444
mean x : 143.77
mean y : 121.46
mean E_x^2 : 161.97
mean E_y^2 : 57.20
mean E_xy^2 : 86.70
theta : 0.78
average greyscal : 53.79
average RGB [47.66,52.00,62.80]
(0 3)(1 2)(2 1)(3 1)(4 4)(7 1)(9 1)(10 3)(11 2)(12 3)(13 1)(14 1)(15 1)(16 2)(18 2)(19 4)(20 4)(21 7)(22 2)(23 3)(24 5)(25 4)(26 7)(27 11)(28 2)(29 10)(30 9)(31 8)(32 14)(33 5)(34 10)(35 11)(36 6)(37 8)(38 9)(39 11)(40 6)(41 6)(42 7)(43 7)(44 3)(45 4)(46 10)(47 3)(48 5)(49 5)(50 2)(51 4)(52 5)(53 5)(54 8)(55 5)(56 4)(57 6)(58 3)(59 2)(60 6)(61 4)(62 7)(63 7)(64 7)(65 6)(66 5)(68 4)(69 5)(70 3)(71 2)(72 3)(73 5)(76 5)(77 6)(78 3)(79 7)(80 1)(81 2)(82 2)(83 2)(84 2)(85 2)(86 4)(87 3)(88 2)(89 1)(90 2)(91 3)(92 2)(93 1)(94 3)(96 3)(97 2)(98 4)(99 2)(100 1)(101 3)(102 3)(103 1)(105 1)(106 2)(107 3)(109 4)(110 1)(112 1)(115 1)(116 2)(118 3)(122 1)(123 1)(126 1)(128 1)(133 1)(138 1)(144 1)(145 1)(149 2)(153 1)(163 1)
