NUMBER OF AREAS : 3
---area label--- : 1
area size : 73
mean x : 85.96
mean y : 76.18
mean E_x^2 : 11.14
mean E_y^2 : 7.08
mean E_xy^2 : 6.06
theta : 0.77
average greyscal : 29.07
average RGB [28.05,27.67,32.42]
(2 1)(4 2)(5 1)(10 2)(11 2)(12 1)(13 3)(14 4)(16 1)(17 3)(18 1)(19 5)(20 1)(21 1)(22 1)(23 5)(24 1)(25 3)(26 3)(28 3)(29 3)(30 4)(31 2)(33 2)(34 2)(38 1)(39 1)(40 1)(41 1)(46 1)(47 2)(54 2)(61 1)(66 1)(69 1)(74 1)(78 1)(80 1)(102 1)
---area label--- : 2
area size : 217
mean x : 145.68
mean y : 161.41
mean E_x^2 : 14.87
mean E_y^2 : 23.54
mean E_xy^2 : -4.22
theta : -0.78
average greyscal : 62.66
average RGB [67.95,59.47,61.49]
(3 1)(5 1)(17 1)(23 1)(31 2)(33 1)(34 1)(36 1)(39 1)(40 3)(41 4)(42 1)(43 1)(45 3)(46 4)(47 7)(48 3)(49 4)(50 8)(51 5)(52 2)(53 3)(54 6)(55 1)(56 3)(57 7)(58 12)(59 4)(60 9)(61 6)(62 4)(63 11)(64 11)(65 9)(66 9)(67 6)(68 7)(69 4)(70 7)(71 7)(72 3)(73 2)(74 2)(75 1)(76 1)(78 1)(79 2)(81 1)(82 1)(84 1)(86 1)(87 1)(91 1)(92 1)(93 1)(94 1)(98 1)(99 1)(101 2)(102 1)(103 1)(104 1)(105 2)(107 2)(111 1)(112 1)(114 1)(166 1)
---area label--- : 3
area size : 5
mean x : 89.00
mean y : 249.00
mean E_x^2 : 0.40
mean E_y^2 : 0.80
mean E_xy^2 : 0.40
theta : -0.51
average greyscal : 30.60
average RGB [37.60,31.00,24.20]
(12 1)(13 1)(20 1)(43 1)(65 1)
