NUMBER OF AREAS : 3
---area label--- : 1
area size : 5
mean x : 119.00
mean y : 96.00
mean E_x^2 : 0.40
mean E_y^2 : 0.80
mean E_xy^2 : 0.40
theta : -0.51
average greyscal : 79.20
average RGB [84.60,77.20,76.20]
(52 1)(71 1)(79 1)(87 1)(107 1)
---area label--- : 2
area size : 533
mean x : 139.59
mean y : 120.26
mean E_x^2 : 137.01
mean E_y^2 : 53.13
mean E_xy^2 : 72.19
theta : 0.78
average greyscal : 51.98
average RGB [44.45,51.45,61.06]
(0 2)(1 1)(3 2)(4 1)(5 2)(6 3)(7 4)(8 4)(9 6)(10 5)(11 2)(12 3)(13 7)(14 2)(16 4)(17 1)(18 4)(19 7)(20 5)(21 2)(22 3)(23 5)(24 5)(25 7)(26 8)(27 17)(28 8)(29 16)(30 12)(31 8)(32 4)(33 18)(34 6)(35 7)(36 6)(37 8)(38 5)(39 10)(40 12)(41 12)(42 4)(43 5)(44 4)(45 7)(46 1)(47 6)(48 5)(49 3)(50 12)(51 1)(52 9)(53 7)(54 9)(55 5)(56 9)(57 3)(58 4)(59 5)(60 5)(61 5)(62 5)(63 8)(64 3)(65 7)(66 5)(67 6)(68 4)(69 5)(70 5)(71 5)(72 6)(73 8)(74 6)(75 3)(76 2)(77 5)(78 5)(79 2)(81 4)(82 3)(83 1)(84 4)(85 1)(87 2)(88 2)(89 1)(90 3)(91 5)(92 3)(93 1)(94 1)(96 3)(97 4)(98 5)(99 8)(100 1)(101 1)(102 1)(103 2)(104 2)(105 1)(106 1)(108 3)(109 5)(111 3)(112 3)(118 1)(120 1)(121 1)(122 1)(128 2)(129 1)(131 1)(134 3)(139 1)(147 1)(154 1)(157 1)(171 1)
---area label--- : 3
area size : 5
mean x : 106.00
mean y : 108.00
mean E_x^2 : 0.40
mean E_y^2 : 0.80
mean E_xy^2 : 0.40
theta : -0.51
average greyscal : 83.60
average RGB [84.60,81.40,86.80]
(45 1)(83 1)(87 1)(97 1)(106 1)
