NUMBER OF AREAS : 1
---area label--- : 1
area size : 73
mean x : 85.95
mean y : 85.88
mean E_x^2 : 6.57
mean E_y^2 : 14.93
mean E_xy^2 : 5.97
theta : -0.76
average greyscal : 40.99
average RGB [43.38,37.96,42.78]
(0 2)(1 1)(2 1)(4 1)(5 3)(6 1)(7 1)(9 2)(10 2)(11 3)(12 1)(14 1)(17 2)(18 1)(19 1)(20 4)(21 1)(23 1)(25 2)(26 1)(27 1)(31 2)(33 1)(34 2)(36 1)(37 1)(39 2)(40 1)(43 1)(45 3)(46 1)(47 1)(48 2)(49 1)(50 1)(54 2)(55 1)(58 1)(59 1)(67 1)(72 1)(77 1)(80 1)(86 1)(87 1)(89 1)(100 1)(105 1)(110 2)(111 1)(118 1)(121 1)(129 1)
