NUMBER OF AREAS : 3
---area label--- : 1
area size : 549
mean x : 134.48
mean y : 153.70
mean E_x^2 : 123.08
mean E_y^2 : 52.38
mean E_xy^2 : 59.01
theta : 0.78
average greyscal : 57.22
average RGB [62.05,53.17,57.49]
(0 2)(1 2)(2 4)(3 4)(4 3)(5 1)(6 2)(7 1)(8 1)(9 2)(10 2)(12 2)(13 1)(14 2)(15 1)(18 2)(19 2)(20 3)(21 3)(22 4)(23 6)(24 2)(25 9)(26 15)(27 7)(28 7)(29 10)(30 6)(31 6)(32 6)(33 5)(34 4)(35 6)(36 3)(37 8)(38 3)(39 9)(40 9)(41 4)(42 15)(43 5)(44 4)(45 6)(46 7)(47 5)(48 7)(49 9)(50 4)(51 5)(52 5)(53 2)(54 6)(55 9)(56 3)(57 4)(58 7)(59 9)(60 10)(61 5)(62 9)(63 9)(64 8)(65 11)(66 16)(67 16)(68 20)(69 11)(70 10)(71 7)(72 11)(73 5)(74 9)(75 6)(76 3)(77 5)(78 2)(79 3)(80 2)(81 3)(82 5)(83 3)(85 3)(86 5)(87 1)(88 3)(89 2)(90 5)(92 1)(93 2)(94 4)(95 2)(97 1)(99 5)(100 5)(101 2)(102 1)(103 3)(104 2)(105 1)(106 1)(109 3)(111 2)(112 3)(114 3)(115 2)(117 1)(119 2)(121 1)(122 2)(123 1)(124 1)(125 1)(126 1)(132 1)(134 1)(136 2)(160 1)(171 1)(192 1)
---area label--- : 2
area size : 10
mean x : 124.00
mean y : 158.50
mean E_x^2 : 1.40
mean E_y^2 : 1.05
mean E_xy^2 : 0.90
theta : 0.73
average greyscal : 71.10
average RGB [76.20,64.40,73.00]
(34 1)(41 2)(49 1)(63 1)(74 1)(75 1)(91 1)(116 1)(127 1)
---area label--- : 3
area size : 5
mean x : 132.00
mean y : 164.00
mean E_x^2 : 0.40
mean E_y^2 : 0.80
mean E_xy^2 : 0.40
theta : -0.51
average greyscal : 83.40
average RGB [94.60,82.40,75.20]
(62 1)(69 1)(80 1)(89 1)(117 1)
