NUMBER OF AREAS : 3
---area label--- : 1
area size : 153
mean x : 81.60
mean y : 95.05
mean E_x^2 : 49.05
mean E_y^2 : 22.37
mean E_xy^2 : 30.21
theta : 0.78
average greyscal : 35.95
average RGB [42.41,32.55,33.65]
(0 2)(1 1)(2 1)(4 1)(5 1)(7 1)(8 3)(9 2)(10 1)(11 1)(12 2)(13 4)(14 3)(16 3)(17 1)(18 6)(19 2)(20 2)(21 5)(22 2)(23 4)(24 4)(25 1)(26 5)(27 1)(28 5)(29 2)(30 4)(31 2)(32 4)(33 7)(34 2)(35 1)(36 2)(37 1)(38 3)(39 3)(40 4)(41 2)(42 3)(43 4)(44 2)(46 3)(47 1)(48 2)(50 7)(51 3)(52 3)(53 2)(54 1)(56 1)(57 3)(59 2)(60 2)(61 1)(71 1)(74 2)(75 1)(77 1)(81 1)(92 1)(97 1)(101 1)(102 1)(104 1)(146 1)
---area label--- : 2
area size : 223
mean x : 145.83
mean y : 161.25
mean E_x^2 : 15.47
mean E_y^2 : 24.17
mean E_xy^2 : -4.85
theta : -0.78
average greyscal : 63.93
average RGB [67.60,61.16,63.88]
(1 1)(6 1)(15 1)(22 1)(29 1)(31 2)(33 1)(35 1)(36 1)(38 1)(39 2)(41 2)(43 2)(44 3)(45 5)(46 3)(47 4)(48 4)(49 4)(50 4)(51 6)(52 5)(53 5)(54 2)(55 5)(56 5)(57 4)(58 4)(59 6)(60 5)(61 10)(62 2)(63 9)(64 11)(65 11)(66 7)(67 7)(68 7)(69 1)(70 8)(71 6)(72 6)(73 4)(74 2)(75 4)(76 4)(77 3)(78 2)(81 1)(82 1)(83 3)(84 2)(87 1)(92 2)(96 1)(97 1)(99 2)(100 2)(103 1)(106 1)(107 1)(108 1)(109 1)(111 1)(112 1)(113 2)(115 2)(155 1)
---area label--- : 3
area size : 5
mean x : 89.00
mean y : 249.00
mean E_x^2 : 0.40
mean E_y^2 : 0.80
mean E_xy^2 : 0.40
theta : -0.51
average greyscal : 26.40
average RGB [43.60,26.20,10.80]
(11 1)(19 1)(20 1)(32 1)(50 1)
