NUMBER OF AREAS : 2
---area label--- : 1
area size : 224
mean x : 145.71
mean y : 161.24
mean E_x^2 : 15.85
mean E_y^2 : 23.93
mean E_xy^2 : -5.10
theta : -0.78
average greyscal : 64.29
average RGB [66.75,60.73,66.28]
(4 1)(11 1)(16 1)(20 1)(26 1)(33 3)(35 1)(39 2)(40 3)(41 2)(42 3)(43 1)(44 1)(45 6)(46 3)(47 6)(48 6)(49 4)(50 2)(51 3)(52 7)(53 3)(54 2)(55 8)(56 2)(58 5)(59 5)(60 6)(61 4)(62 7)(63 8)(64 1)(65 12)(66 7)(67 15)(68 10)(69 6)(70 8)(71 2)(72 4)(73 7)(74 4)(75 1)(76 4)(77 1)(78 4)(80 2)(81 1)(82 2)(84 1)(88 2)(89 2)(90 1)(91 2)(96 1)(97 2)(100 1)(101 1)(102 2)(104 1)(106 1)(109 1)(110 2)(115 1)(116 1)(126 1)(141 1)(144 1)
---area label--- : 2
area size : 436
mean x : 115.82
mean y : 173.03
mean E_x^2 : 126.30
mean E_y^2 : 27.73
mean E_xy^2 : 45.92
theta : 0.78
average greyscal : 53.34
average RGB [58.73,49.27,53.06]
(0 3)(1 3)(3 3)(4 1)(5 1)(7 2)(8 2)(9 2)(10 1)(11 2)(12 2)(13 1)(14 3)(15 1)(16 4)(17 2)(19 5)(20 3)(22 5)(23 4)(24 1)(25 3)(26 3)(27 8)(28 3)(29 10)(30 7)(31 3)(32 10)(33 14)(34 10)(35 8)(36 15)(37 14)(38 13)(39 7)(40 11)(41 14)(42 10)(43 6)(44 4)(45 4)(46 4)(47 6)(48 4)(49 1)(50 5)(51 5)(52 3)(53 9)(54 5)(55 1)(56 3)(57 5)(58 2)(59 5)(60 5)(61 8)(62 2)(63 6)(64 4)(65 6)(66 3)(67 4)(68 9)(69 2)(70 6)(71 6)(72 3)(73 2)(74 1)(75 4)(76 5)(78 1)(79 1)(80 1)(81 6)(82 2)(83 1)(84 5)(85 1)(86 1)(87 1)(88 3)(89 2)(90 1)(92 2)(93 1)(94 3)(95 1)(97 2)(98 2)(99 1)(104 1)(106 2)(107 1)(108 2)(110 2)(111 1)(112 1)(116 1)(117 1)(119 1)(120 1)(123 1)(124 2)(125 1)(127 1)(128 2)(130 1)(132 2)(133 1)(136 2)(157 1)(162 1)(166 1)(171 1)(174 2)(178 1)(182 1)(196 1)
