NUMBER OF AREAS : 1
---area label--- : 1
area size : 72
mean x : 86.12
mean y : 87.85
mean E_x^2 : 16.28
mean E_y^2 : 21.77
mean E_xy^2 : 16.73
theta : -0.78
average greyscal : 39.14
average RGB [41.90,37.14,39.56]
(2 1)(6 2)(7 3)(8 1)(9 1)(10 1)(11 1)(13 1)(16 1)(17 2)(18 1)(19 2)(22 2)(24 1)(25 1)(26 1)(28 1)(29 2)(30 2)(31 2)(33 1)(34 1)(35 2)(36 1)(37 1)(38 3)(39 1)(40 2)(41 2)(44 1)(47 1)(48 3)(50 1)(51 1)(54 3)(55 4)(57 1)(58 1)(60 1)(61 1)(62 2)(65 2)(68 2)(70 1)(74 1)(85 1)(96 1)(105 1)
