NUMBER OF AREAS : 3
---area label--- : 1
area size : 5
mean x : 138.00
mean y : 85.00
mean E_x^2 : 0.40
mean E_y^2 : 0.80
mean E_xy^2 : 0.40
theta : -0.51
average greyscal : 53.60
average RGB [64.80,47.60,50.00]
(18 1)(38 1)(66 2)(80 1)
---area label--- : 2
area size : 612
mean x : 156.81
mean y : 112.76
mean E_x^2 : 149.68
mean E_y^2 : 61.07
mean E_xy^2 : 78.94
theta : 0.78
average greyscal : 51.08
average RGB [44.14,49.63,60.35]
(0 1)(3 4)(4 4)(5 2)(6 4)(8 2)(9 2)(10 2)(11 1)(12 3)(13 2)(14 2)(15 2)(16 4)(17 3)(18 3)(19 4)(20 3)(21 4)(22 4)(23 5)(24 10)(25 10)(26 11)(27 6)(28 10)(29 14)(30 10)(31 11)(32 19)(33 14)(34 18)(35 16)(36 7)(37 6)(38 15)(39 12)(40 10)(41 8)(42 7)(43 8)(44 2)(45 9)(46 5)(47 8)(48 10)(49 15)(50 12)(51 6)(52 6)(53 10)(54 9)(55 10)(56 7)(57 7)(58 10)(59 7)(60 9)(61 2)(62 9)(63 5)(64 7)(65 8)(66 6)(67 6)(68 7)(69 7)(70 4)(71 2)(72 5)(73 4)(74 7)(75 3)(76 4)(77 3)(78 2)(79 3)(80 4)(81 5)(82 3)(83 2)(84 3)(85 3)(86 9)(87 6)(88 6)(89 5)(90 2)(92 1)(93 2)(94 3)(95 1)(96 2)(97 2)(98 1)(99 2)(100 2)(101 2)(106 2)(107 2)(108 1)(110 1)(113 2)(114 1)(115 3)(117 1)(119 1)(120 2)(123 1)(124 1)(126 2)(129 1)(130 1)(131 1)(148 1)(153 1)(156 1)(169 1)
---area label--- : 3
area size : 5
mean x : 131.00
mean y : 108.00
mean E_x^2 : 0.40
mean E_y^2 : 0.80
mean E_xy^2 : 0.40
theta : -0.51
average greyscal : 78.40
average RGB [89.20,73.60,73.20]
(46 1)(72 1)(79 1)(94 1)(101 1)
