NUMBER OF AREAS : 3
---area label--- : 1
area size : 13
mean x : 77.46
mean y : 87.38
mean E_x^2 : 2.09
mean E_y^2 : 1.01
mean E_xy^2 : 0.98
theta : 0.66
average greyscal : 42.46
average RGB [45.62,40.77,42.23]
(25 1)(31 1)(36 1)(39 2)(40 2)(41 1)(43 1)(48 1)(53 1)(57 1)(60 1)
---area label--- : 2
area size : 61
mean x : 83.38
mean y : 96.30
mean E_x^2 : 13.38
mean E_y^2 : 3.42
mean E_xy^2 : 4.35
theta : 0.73
average greyscal : 31.13
average RGB [31.97,27.74,34.72]
(0 1)(2 1)(3 1)(5 1)(6 1)(8 1)(10 3)(11 1)(13 2)(14 3)(15 1)(16 2)(17 2)(18 1)(20 1)(23 1)(24 6)(26 1)(27 1)(30 6)(31 1)(32 4)(33 2)(34 2)(35 1)(47 1)(49 1)(53 3)(64 1)(65 1)(72 1)(74 2)(75 1)(77 1)(81 1)(82 1)
---area label--- : 3
area size : 692
mean x : 197.31
mean y : 174.25
mean E_x^2 : 170.02
mean E_y^2 : 74.42
mean E_xy^2 : 71.55
theta : 0.78
average greyscal : 47.36
average RGB [40.13,46.70,56.32]
(1 2)(2 1)(3 3)(5 1)(6 1)(7 3)(9 4)(10 3)(11 2)(12 4)(14 3)(15 5)(16 4)(17 6)(18 4)(19 6)(20 6)(21 6)(22 4)(23 5)(24 11)(25 8)(26 12)(27 13)(28 14)(29 12)(30 32)(31 19)(32 20)(33 18)(34 13)(35 12)(36 9)(37 14)(38 10)(39 12)(40 12)(41 19)(42 7)(43 5)(44 7)(45 7)(46 7)(47 12)(48 9)(49 8)(50 12)(51 10)(52 9)(53 13)(54 6)(55 10)(56 13)(57 8)(58 4)(59 9)(60 12)(61 10)(62 15)(63 15)(64 5)(65 6)(66 7)(67 6)(68 7)(69 5)(70 5)(71 12)(72 4)(74 6)(75 2)(76 3)(77 5)(78 7)(79 3)(80 6)(81 4)(82 5)(83 8)(84 3)(85 7)(86 2)(89 2)(90 1)(91 2)(92 2)(93 1)(94 4)(95 1)(97 3)(98 1)(99 3)(100 1)(101 1)(102 2)(103 2)(107 1)(109 1)(110 1)(111 1)(113 1)(119 1)(143 1)
