NUMBER OF AREAS : 4
---area label--- : 1
area size : 5
mean x : 83.00
mean y : 66.00
mean E_x^2 : 0.40
mean E_y^2 : 0.80
mean E_xy^2 : 0.40
theta : -0.51
average greyscal : 17.40
average RGB [16.80,15.20,20.60]
(13 1)(16 1)(19 2)(20 1)
---area label--- : 2
area size : 5
mean x : 85.00
mean y : 73.00
mean E_x^2 : 0.40
mean E_y^2 : 0.80
mean E_xy^2 : 0.40
theta : -0.51
average greyscal : 27.40
average RGB [24.00,24.60,33.80]
(18 1)(24 1)(26 1)(27 1)(42 1)
---area label--- : 3
area size : 10
mean x : 138.30
mean y : 85.60
mean E_x^2 : 0.81
mean E_y^2 : 1.24
mean E_xy^2 : 0.62
theta : -0.68
average greyscal : 71.00
average RGB [85.20,62.40,66.10]
(40 1)(44 1)(53 1)(59 1)(62 1)(70 1)(74 1)(97 1)(102 1)(109 1)
---area label--- : 4
area size : 636
mean x : 156.26
mean y : 113.06
mean E_x^2 : 164.75
mean E_y^2 : 55.90
mean E_xy^2 : 75.14
theta : 0.78
average greyscal : 51.18
average RGB [44.31,49.17,61.14]
(0 2)(1 1)(2 2)(5 5)(6 2)(7 3)(9 3)(10 2)(11 3)(12 5)(13 6)(14 5)(15 6)(16 5)(17 4)(18 7)(19 1)(20 10)(21 4)(22 1)(23 1)(24 6)(25 10)(26 10)(27 9)(28 11)(29 13)(30 16)(31 13)(32 16)(33 9)(34 16)(35 10)(36 9)(37 9)(38 9)(39 7)(40 9)(41 9)(42 8)(43 3)(44 6)(45 2)(46 12)(47 5)(48 7)(49 10)(50 5)(51 9)(52 10)(53 8)(54 8)(55 18)(56 9)(57 6)(58 10)(59 6)(60 9)(61 6)(62 10)(63 16)(64 6)(65 4)(66 7)(67 6)(68 6)(69 6)(70 8)(71 9)(73 6)(74 7)(75 4)(76 5)(77 7)(78 1)(79 8)(80 6)(81 8)(82 3)(83 2)(84 5)(85 4)(86 2)(87 5)(88 3)(89 4)(90 3)(91 3)(92 3)(93 2)(94 2)(96 2)(97 4)(98 1)(99 1)(100 1)(102 2)(103 3)(104 2)(105 1)(107 1)(108 1)(109 2)(110 1)(112 2)(113 1)(114 3)(117 1)(119 1)(123 1)(126 2)(127 1)(135 1)(137 1)(142 1)(144 2)
