NUMBER OF AREAS : 2
---area label--- : 1
area size : 113
mean x : 81.29
mean y : 90.84
mean E_x^2 : 27.09
mean E_y^2 : 12.26
mean E_xy^2 : 13.88
theta : 0.77
average greyscal : 35.18
average RGB [41.82,30.03,34.81]
(1 1)(5 1)(6 2)(7 1)(8 1)(9 1)(11 1)(12 2)(13 2)(15 2)(16 2)(17 1)(18 2)(19 2)(20 3)(22 1)(23 1)(24 1)(25 1)(26 3)(27 3)(29 5)(30 4)(31 2)(32 6)(33 2)(34 2)(35 2)(36 4)(37 3)(38 2)(39 5)(40 2)(41 1)(42 3)(43 2)(44 3)(45 5)(46 2)(47 4)(48 1)(49 3)(50 1)(51 1)(52 1)(53 3)(54 1)(55 1)(57 1)(62 1)(65 1)(66 1)(69 1)(76 1)(79 1)(97 1)
---area label--- : 2
area size : 753
mean x : 192.66
mean y : 168.87
mean E_x^2 : 191.11
mean E_y^2 : 41.99
mean E_xy^2 : 58.21
theta : 0.78
average greyscal : 52.51
average RGB [44.22,50.89,63.48]
(0 1)(2 1)(4 3)(6 6)(8 1)(9 2)(10 4)(11 1)(12 3)(13 2)(14 6)(15 1)(16 7)(17 3)(18 4)(19 1)(20 7)(21 5)(22 8)(23 10)(24 5)(25 19)(26 12)(27 18)(28 11)(29 13)(30 14)(31 15)(32 18)(33 16)(34 13)(35 10)(36 7)(37 8)(38 9)(39 13)(40 8)(41 8)(42 8)(43 4)(44 7)(45 13)(46 9)(47 13)(48 10)(49 8)(50 9)(51 12)(52 9)(53 8)(54 14)(55 13)(56 11)(57 8)(58 6)(59 10)(60 6)(61 6)(62 7)(63 9)(64 15)(65 10)(66 12)(67 3)(68 12)(69 9)(70 10)(71 8)(72 15)(73 15)(74 8)(75 11)(76 13)(77 11)(78 8)(79 8)(80 6)(81 5)(82 8)(83 3)(84 3)(85 4)(86 2)(87 4)(88 4)(89 2)(91 4)(92 5)(93 3)(94 2)(95 3)(96 2)(97 2)(100 2)(101 3)(102 1)(103 2)(104 1)(105 3)(107 1)(108 1)(109 1)(110 1)(113 1)(117 1)(124 1)(125 1)(127 1)(129 1)(132 1)(137 1)(144 1)(152 1)(153 1)(161 2)(162 1)
