NUMBER OF AREAS : 3
---area label--- : 1
area size : 12
mean x : 69.50
mean y : 85.50
mean E_x^2 : 0.92
mean E_y^2 : 1.25
mean E_xy^2 : 0.50
theta : -0.71
average greyscal : 28.75
average RGB [31.58,29.25,26.25]
(20 1)(24 1)(26 3)(29 1)(30 2)(32 2)(33 1)(37 1)
---area label--- : 2
area size : 167
mean x : 81.23
mean y : 93.75
mean E_x^2 : 26.38
mean E_y^2 : 21.84
mean E_xy^2 : 18.42
theta : 0.78
average greyscal : 41.84
average RGB [46.71,38.59,41.34]
(1 1)(2 1)(3 3)(4 1)(5 1)(7 1)(11 2)(12 2)(13 2)(14 1)(16 1)(17 3)(18 6)(19 3)(20 4)(22 1)(23 3)(24 3)(25 3)(26 3)(27 5)(28 6)(29 6)(30 4)(31 5)(32 4)(33 1)(34 5)(35 1)(36 1)(37 7)(38 2)(39 3)(40 2)(41 3)(42 1)(43 4)(44 5)(45 2)(46 3)(47 2)(48 1)(49 2)(50 2)(51 2)(52 2)(53 1)(55 2)(56 2)(58 3)(59 2)(60 2)(61 4)(65 1)(66 1)(67 1)(69 1)(74 2)(75 1)(78 1)(79 2)(80 1)(82 1)(87 1)(88 1)(89 1)(90 1)(95 1)(101 1)(113 1)(115 1)(119 1)(122 2)(129 1)(139 1)
---area label--- : 3
area size : 738
mean x : 198.16
mean y : 174.68
mean E_x^2 : 227.63
mean E_y^2 : 59.71
mean E_xy^2 : 84.21
theta : 0.78
average greyscal : 54.72
average RGB [44.53,53.41,67.17]
(5 3)(6 1)(7 1)(11 1)(12 5)(13 2)(14 2)(15 3)(16 3)(17 1)(18 6)(19 6)(20 8)(21 3)(22 5)(23 5)(24 7)(25 11)(26 15)(27 12)(28 18)(29 14)(30 13)(31 17)(32 14)(33 11)(34 6)(35 9)(36 11)(37 8)(38 9)(39 9)(40 9)(41 13)(42 6)(43 11)(44 6)(45 6)(46 10)(47 6)(48 6)(49 6)(50 9)(51 12)(52 12)(53 13)(54 15)(55 8)(56 7)(57 8)(58 11)(59 13)(60 9)(61 8)(62 6)(63 9)(64 12)(65 11)(66 9)(67 15)(68 9)(69 10)(70 11)(71 16)(72 10)(73 14)(74 15)(75 9)(76 9)(77 8)(78 9)(79 4)(80 4)(81 7)(82 11)(83 5)(84 5)(85 9)(86 5)(87 4)(88 7)(89 1)(90 6)(91 1)(92 5)(93 4)(94 3)(95 2)(96 1)(97 2)(99 1)(100 3)(102 2)(103 1)(104 3)(106 2)(113 1)(116 1)(117 1)(123 2)(124 1)(125 1)(127 1)(128 1)(134 1)(144 2)(145 1)(149 1)(156 1)
