NUMBER OF AREAS : 2
---area label--- : 1
area size : 381
mean x : 104.12
mean y : 158.39
mean E_x^2 : 107.14
mean E_y^2 : 30.76
mean E_xy^2 : 46.17
theta : 0.78
average greyscal : 51.61
average RGB [56.30,47.18,52.25]
(0 4)(1 2)(2 7)(3 4)(4 2)(5 6)(6 5)(7 7)(8 2)(9 3)(10 2)(11 1)(13 2)(14 1)(16 3)(17 2)(18 4)(19 2)(20 7)(21 2)(22 1)(23 2)(24 2)(25 1)(26 6)(27 12)(28 7)(29 4)(30 5)(31 9)(32 5)(33 5)(34 11)(35 14)(36 7)(37 7)(38 7)(39 6)(40 9)(41 6)(42 8)(43 3)(44 6)(45 6)(46 3)(47 6)(48 6)(49 3)(50 3)(51 5)(52 4)(53 2)(54 4)(55 1)(56 9)(57 4)(58 3)(59 5)(60 5)(61 1)(63 2)(64 3)(65 3)(66 5)(67 3)(68 1)(69 2)(70 3)(71 2)(72 2)(73 2)(74 2)(75 1)(76 1)(80 1)(83 2)(85 2)(86 1)(87 2)(88 3)(91 2)(92 1)(94 1)(96 2)(98 1)(99 1)(100 1)(101 1)(102 2)(103 1)(104 1)(105 1)(106 1)(108 1)(109 2)(110 2)(112 4)(113 2)(115 1)(117 1)(120 2)(121 2)(122 1)(124 2)(128 1)(131 1)(133 1)(135 1)(150 1)(151 1)(159 1)(164 1)(166 1)(168 2)(170 1)(171 1)(172 1)(173 1)(174 1)(181 1)(183 1)(185 1)(190 2)
---area label--- : 2
area size : 223
mean x : 145.71
mean y : 161.26
mean E_x^2 : 15.42
mean E_y^2 : 24.15
mean E_xy^2 : -4.85
theta : -0.78
average greyscal : 64.04
average RGB [66.23,61.84,64.85]
(3 1)(7 1)(19 1)(23 1)(28 1)(29 1)(33 1)(36 1)(37 1)(38 1)(39 3)(40 1)(41 2)(43 1)(45 3)(46 8)(47 6)(48 4)(49 3)(50 3)(51 2)(52 1)(53 11)(54 4)(55 6)(56 1)(57 7)(58 3)(59 2)(60 7)(61 4)(62 7)(63 10)(64 6)(65 15)(66 7)(67 9)(68 10)(69 4)(70 3)(71 6)(72 6)(73 4)(74 8)(75 4)(76 3)(77 1)(78 1)(81 1)(83 1)(85 1)(88 3)(89 2)(90 1)(91 1)(94 1)(95 1)(96 1)(97 2)(98 2)(103 1)(104 1)(105 1)(106 1)(107 1)(110 1)(114 1)(116 1)(132 1)(154 1)
