NUMBER OF AREAS : 1
---area label--- : 1
area size : 785
mean x : 265.79
mean y : 238.91
mean E_x^2 : 136.71
mean E_y^2 : 61.81
mean E_xy^2 : -45.75
theta : 0.78
average greyscal : 46.37
average RGB [38.34,47.04,54.69]
(6 1)(7 1)(9 2)(11 1)(12 1)(13 5)(14 3)(15 1)(16 1)(17 5)(18 6)(19 7)(20 4)(21 10)(22 11)(23 8)(24 14)(25 20)(26 16)(27 20)(28 19)(29 21)(30 15)(31 10)(32 14)(33 20)(34 15)(35 20)(36 14)(37 13)(38 13)(39 16)(40 19)(41 10)(42 15)(43 14)(44 12)(45 19)(46 19)(47 20)(48 16)(49 21)(50 8)(51 12)(52 8)(53 8)(54 14)(55 19)(56 6)(57 6)(58 10)(59 11)(60 7)(61 11)(62 9)(63 5)(64 7)(65 5)(66 9)(67 6)(68 8)(69 9)(70 5)(71 4)(72 6)(73 8)(74 10)(75 6)(76 6)(77 5)(78 5)(79 2)(80 7)(81 6)(82 7)(83 3)(84 10)(85 4)(86 3)(87 4)(88 4)(89 1)(90 2)(91 1)(95 1)(96 2)(97 1)(103 1)(119 1)
