NUMBER OF AREAS : 3
---area label--- : 1
area size : 203
mean x : 79.46
mean y : 96.40
mean E_x^2 : 42.89
mean E_y^2 : 23.70
mean E_xy^2 : 25.00
theta : 0.78
average greyscal : 39.82
average RGB [41.66,37.17,41.61]
(0 3)(1 1)(2 2)(3 2)(6 2)(8 1)(9 2)(10 3)(11 6)(12 2)(13 2)(14 1)(15 2)(16 2)(17 3)(18 3)(19 4)(20 3)(21 2)(22 2)(23 4)(24 5)(25 8)(26 4)(27 4)(28 4)(29 5)(30 8)(31 9)(32 5)(33 3)(34 7)(35 4)(36 7)(37 3)(38 3)(39 6)(40 6)(41 2)(43 1)(45 3)(46 2)(47 1)(48 1)(49 6)(51 2)(53 3)(54 1)(55 1)(56 2)(58 1)(62 2)(63 3)(65 1)(69 1)(70 1)(71 1)(74 2)(75 1)(76 1)(77 1)(80 1)(83 2)(86 1)(91 2)(97 1)(102 1)(106 1)(115 1)(118 1)(122 1)(128 1)(129 1)(132 2)(134 1)(140 2)(143 1)
---area label--- : 2
area size : 5
mean x : 82.00
mean y : 89.00
mean E_x^2 : 0.40
mean E_y^2 : 0.80
mean E_xy^2 : 0.40
theta : -0.51
average greyscal : 58.00
average RGB [71.40,50.40,54.00]
(55 1)(58 2)(59 1)(60 1)
---area label--- : 3
area size : 757
mean x : 204.82
mean y : 183.52
mean E_x^2 : 174.14
mean E_y^2 : 43.58
mean E_xy^2 : 44.58
theta : 0.78
average greyscal : 54.47
average RGB [46.27,52.08,66.06]
(11 1)(12 2)(13 1)(14 2)(17 4)(18 4)(19 6)(20 3)(21 5)(22 6)(23 3)(24 7)(25 8)(26 12)(27 8)(28 11)(29 11)(30 15)(31 14)(32 22)(33 23)(34 24)(35 11)(36 12)(37 7)(38 14)(39 20)(40 11)(41 10)(42 16)(43 12)(44 4)(45 8)(46 9)(47 9)(48 10)(49 8)(50 10)(51 11)(52 7)(53 5)(54 10)(55 15)(56 13)(57 16)(58 11)(59 8)(60 7)(61 13)(62 8)(63 12)(64 10)(65 15)(66 16)(67 9)(68 17)(69 9)(70 12)(71 10)(72 11)(73 7)(74 9)(75 9)(76 10)(77 6)(78 7)(79 7)(80 6)(81 4)(82 1)(83 5)(84 6)(85 4)(86 4)(87 2)(88 7)(89 2)(90 7)(91 5)(92 2)(93 1)(94 3)(95 2)(96 3)(97 1)(99 1)(100 1)(101 1)(102 2)(103 1)(105 1)(106 1)(110 1)(112 1)(113 1)(114 1)(119 2)(120 1)(122 1)(124 1)(125 1)(127 2)(128 1)(133 1)(147 1)(151 2)(157 1)(169 1)(184 1)(198 1)
