NUMBER OF AREAS : 1
---area label--- : 1
area size : 113
mean x : 86.35
mean y : 93.59
mean E_x^2 : 27.27
mean E_y^2 : 23.18
mean E_xy^2 : 22.43
theta : 0.78
average greyscal : 41.50
average RGB [47.23,38.10,40.20]
(0 7)(4 2)(5 1)(6 4)(7 1)(8 1)(9 3)(11 2)(12 2)(13 2)(15 1)(16 1)(17 1)(18 3)(19 1)(21 1)(22 1)(23 5)(25 1)(26 3)(29 3)(33 2)(35 2)(36 5)(37 1)(39 3)(40 1)(41 1)(42 3)(43 1)(44 1)(45 3)(46 5)(47 2)(50 1)(51 1)(52 1)(53 1)(54 1)(55 1)(56 3)(58 3)(59 2)(60 2)(64 1)(65 1)(67 1)(68 2)(73 1)(75 1)(80 1)(81 1)(83 1)(84 2)(93 1)(102 1)(103 2)(109 1)(116 1)(128 1)(146 1)(159 1)
