NUMBER OF AREAS : 3
---area label--- : 1
area size : 124
mean x : 84.16
mean y : 90.44
mean E_x^2 : 23.64
mean E_y^2 : 10.89
mean E_xy^2 : 12.44
theta : 0.77
average greyscal : 34.73
average RGB [37.72,30.30,37.06]
(1 1)(5 4)(6 1)(7 4)(8 3)(9 5)(10 1)(12 6)(14 2)(17 1)(18 4)(19 3)(20 1)(21 1)(22 4)(23 1)(24 2)(25 2)(26 3)(27 3)(28 7)(29 4)(30 5)(31 3)(33 1)(34 3)(35 1)(36 1)(37 3)(38 1)(40 1)(41 3)(42 2)(43 3)(44 1)(46 2)(47 4)(48 2)(49 3)(50 2)(53 1)(54 3)(57 1)(59 1)(61 1)(62 1)(63 2)(72 1)(79 2)(81 1)(83 1)(85 1)(105 1)(107 1)(139 1)(154 1)
---area label--- : 2
area size : 223
mean x : 145.82
mean y : 161.28
mean E_x^2 : 15.38
mean E_y^2 : 24.50
mean E_xy^2 : -4.73
theta : -0.78
average greyscal : 63.89
average RGB [68.50,60.80,63.40]
(3 1)(5 1)(20 1)(24 1)(31 1)(32 2)(34 1)(35 1)(37 2)(38 2)(40 3)(41 1)(42 2)(44 4)(45 4)(46 4)(47 7)(48 5)(49 2)(50 1)(51 6)(52 4)(53 5)(54 4)(55 3)(56 4)(57 1)(58 3)(59 8)(60 7)(61 3)(62 8)(63 8)(64 7)(65 5)(66 7)(67 10)(68 6)(69 14)(70 8)(71 7)(72 8)(73 3)(74 3)(75 1)(76 2)(77 2)(78 2)(79 1)(80 1)(82 1)(83 1)(84 2)(86 1)(87 1)(91 1)(94 2)(95 1)(96 1)(97 1)(101 1)(102 1)(105 2)(108 1)(109 1)(110 2)(111 2)(112 1)(117 1)(119 1)(147 1)
---area label--- : 3
area size : 5
mean x : 89.00
mean y : 249.00
mean E_x^2 : 0.40
mean E_y^2 : 0.80
mean E_xy^2 : 0.40
theta : -0.51
average greyscal : 34.80
average RGB [42.40,28.80,34.80]
(13 1)(20 1)(26 1)(47 1)(68 1)
