NUMBER OF AREAS : 1
---area label--- : 1
area size : 420
mean x : 106.54
mean y : 128.22
mean E_x^2 : 83.86
mean E_y^2 : 27.15
mean E_xy^2 : 27.89
theta : 0.78
average greyscal : 62.91
average RGB [70.01,57.13,62.54]
(2 1)(3 1)(4 3)(5 2)(6 1)(7 3)(10 2)(11 2)(12 2)(13 1)(14 5)(15 4)(16 1)(17 2)(18 3)(19 3)(20 1)(21 4)(22 1)(23 5)(24 1)(25 6)(26 1)(27 1)(29 2)(30 2)(32 5)(33 4)(34 3)(35 6)(36 4)(37 3)(38 3)(39 10)(40 3)(41 6)(42 8)(43 1)(44 6)(45 7)(46 5)(47 7)(48 9)(49 7)(50 9)(51 6)(52 4)(53 4)(54 5)(55 3)(57 4)(58 2)(59 3)(60 6)(61 4)(62 2)(63 5)(64 3)(65 5)(66 15)(67 13)(68 7)(69 15)(70 5)(71 7)(72 12)(73 3)(74 11)(75 4)(76 3)(77 5)(78 4)(79 3)(80 2)(81 4)(82 4)(83 5)(85 1)(86 2)(88 2)(89 2)(90 1)(92 1)(93 2)(94 2)(96 1)(97 1)(100 2)(101 1)(102 2)(103 4)(104 1)(105 1)(106 1)(107 1)(108 3)(109 2)(110 2)(111 3)(113 1)(114 3)(116 2)(118 1)(119 3)(120 1)(121 1)(122 2)(123 1)(126 1)(128 1)(129 2)(130 1)(131 1)(132 1)(137 3)(138 1)(141 2)(145 1)(148 2)(151 1)(153 1)(157 1)(159 2)(183 1)(193 1)
