NUMBER OF AREAS : 2
---area label--- : 1
area size : 601
mean x : 201.59
mean y : 228.90
mean E_x^2 : 84.10
mean E_y^2 : 87.83
mean E_xy^2 : -1.62
theta : -0.79
average greyscal : 69.36
average RGB [58.72,68.23,82.08]
(3 1)(4 1)(5 4)(6 1)(7 2)(9 3)(10 1)(11 2)(12 2)(13 1)(14 3)(15 3)(16 1)(17 1)(18 5)(19 2)(20 3)(21 6)(22 10)(23 7)(24 8)(25 7)(26 12)(27 8)(28 10)(29 12)(30 13)(31 11)(32 14)(33 17)(34 9)(35 10)(36 7)(37 10)(38 10)(39 10)(40 9)(41 9)(42 3)(43 6)(44 9)(45 5)(46 4)(47 2)(48 6)(49 4)(50 2)(51 6)(52 4)(54 3)(55 5)(56 3)(57 7)(58 2)(59 9)(60 9)(61 5)(62 10)(63 6)(64 4)(65 5)(66 9)(67 10)(68 3)(69 6)(70 8)(71 1)(72 7)(73 6)(74 3)(75 10)(76 4)(77 6)(78 5)(80 2)(81 6)(82 3)(83 4)(84 3)(85 4)(86 2)(87 3)(88 2)(89 1)(90 3)(91 1)(92 2)(93 2)(94 3)(95 1)(97 1)(98 1)(100 2)(105 1)(106 3)(107 1)(108 1)(109 1)(110 2)(111 1)(112 2)(114 1)(115 2)(116 2)(117 1)(118 1)(119 1)(121 3)(126 2)(127 2)(129 1)(130 3)(134 1)(135 2)(136 1)(137 1)(138 1)(139 1)(141 1)(142 1)(143 1)(144 1)(146 1)(148 1)(149 2)(150 1)(152 1)(154 1)(156 1)(157 1)(159 1)(162 1)(166 1)(169 1)(170 2)(171 1)(173 2)(176 2)(178 1)(179 2)(180 1)(181 1)(183 2)(185 2)(186 2)(188 1)(189 1)(190 1)(191 2)(192 1)(193 2)(194 1)(195 2)(196 1)(197 2)(198 1)(199 2)(200 2)(201 1)(202 2)(203 1)(205 6)(208 1)(213 1)(214 1)(217 1)(227 1)(228 2)(238 1)(242 1)(252 1)
---area label--- : 2
area size : 75
mean x : 174.60
mean y : 224.48
mean E_x^2 : 4.43
mean E_y^2 : 9.96
mean E_xy^2 : 1.81
theta : -0.75
average greyscal : 136.31
average RGB [170.65,124.99,114.28]
(9 1)(17 1)(19 1)(30 1)(45 1)(58 1)(60 1)(62 1)(66 1)(74 1)(80 2)(81 1)(84 1)(91 1)(93 1)(98 1)(99 1)(100 1)(104 3)(115 1)(118 1)(119 1)(120 2)(123 1)(126 1)(127 1)(128 1)(131 1)(134 2)(136 2)(137 1)(138 1)(140 1)(141 1)(147 1)(151 2)(152 1)(155 1)(156 1)(157 1)(163 1)(164 1)(166 1)(169 1)(174 1)(176 2)(177 1)(181 2)(182 2)(184 2)(187 1)(190 2)(195 2)(198 1)(201 1)(203 1)(205 1)(206 1)(208 2)(211 1)(217 1)
