NUMBER OF AREAS : 1
---area label--- : 1
area size : 240
mean x : 92.55
mean y : 109.47
mean E_x^2 : 51.29
mean E_y^2 : 29.91
mean E_xy^2 : 26.32
theta : 0.78
average greyscal : 56.85
average RGB [65.11,51.70,54.73]
(0 1)(1 1)(2 2)(4 2)(5 1)(6 2)(9 2)(10 2)(13 4)(14 2)(15 3)(16 1)(17 2)(18 1)(19 2)(21 2)(24 1)(25 2)(27 2)(28 1)(30 5)(31 5)(32 1)(33 4)(34 3)(35 6)(36 1)(37 3)(38 2)(39 2)(40 1)(41 1)(43 2)(44 4)(45 1)(46 6)(48 1)(49 3)(50 4)(51 6)(52 3)(53 3)(54 7)(55 3)(56 6)(57 2)(58 5)(59 4)(60 7)(61 5)(62 8)(63 10)(64 3)(65 4)(66 6)(67 3)(68 5)(69 1)(70 6)(71 1)(72 1)(74 1)(75 1)(76 2)(77 1)(78 2)(79 2)(82 1)(83 1)(84 3)(85 2)(87 1)(88 1)(89 2)(92 2)(93 1)(94 2)(96 1)(97 1)(99 1)(101 1)(102 2)(104 1)(105 1)(107 1)(110 2)(113 3)(114 1)(117 1)(122 1)(126 1)(127 1)(131 1)(132 1)(133 1)(137 1)(139 1)(147 1)
