NUMBER OF AREAS : 2
---area label--- : 1
area size : 5
mean x : 120.00
mean y : 95.00
mean E_x^2 : 0.40
mean E_y^2 : 0.80
mean E_xy^2 : 0.40
theta : -0.51
average greyscal : 78.60
average RGB [86.60,74.80,75.60]
(68 1)(72 1)(74 1)(83 1)(96 1)
---area label--- : 2
area size : 544
mean x : 139.56
mean y : 119.56
mean E_x^2 : 139.99
mean E_y^2 : 56.63
mean E_xy^2 : 75.91
theta : 0.78
average greyscal : 52.54
average RGB [45.33,51.60,61.56]
(0 3)(1 1)(2 2)(3 2)(4 2)(5 1)(7 3)(9 3)(10 2)(11 1)(12 4)(13 4)(14 1)(15 1)(16 7)(17 7)(18 5)(19 2)(20 7)(21 4)(22 9)(23 5)(24 5)(25 16)(26 7)(27 10)(28 6)(29 10)(30 13)(31 11)(32 7)(33 12)(34 9)(35 10)(36 11)(37 10)(38 5)(39 5)(40 7)(41 6)(42 4)(43 8)(44 5)(45 6)(46 7)(47 5)(48 6)(49 2)(50 6)(51 4)(52 9)(53 9)(54 11)(55 8)(56 5)(57 6)(58 5)(59 6)(60 6)(61 11)(62 3)(63 4)(64 4)(65 4)(66 5)(67 10)(68 7)(69 6)(70 8)(71 6)(72 4)(73 4)(74 4)(75 3)(76 5)(77 3)(78 2)(79 6)(80 3)(81 2)(82 3)(83 2)(84 4)(85 2)(86 2)(87 6)(88 2)(90 1)(91 4)(92 4)(93 1)(95 2)(96 1)(97 1)(98 2)(99 1)(100 1)(101 4)(102 2)(103 1)(104 3)(106 4)(107 3)(110 2)(111 2)(113 3)(114 4)(116 2)(117 1)(119 1)(123 1)(127 2)(128 2)(132 1)(133 2)(134 1)(140 1)(149 1)(150 1)(157 1)(158 1)(168 1)
