NUMBER OF AREAS : 1
---area label--- : 1
area size : 482
mean x : 115.23
mean y : 139.49
mean E_x^2 : 112.62
mean E_y^2 : 27.85
mean E_xy^2 : 36.59
theta : 0.78
average greyscal : 58.70
average RGB [66.47,53.62,56.96]
(0 3)(1 3)(2 3)(3 1)(4 2)(5 2)(7 1)(8 3)(9 2)(10 2)(11 3)(12 4)(13 3)(14 3)(15 3)(16 2)(17 2)(18 1)(19 5)(20 3)(21 1)(22 4)(23 4)(24 3)(25 1)(26 4)(27 2)(28 5)(29 5)(30 6)(31 8)(32 4)(33 6)(34 8)(35 11)(36 5)(37 6)(38 2)(39 5)(40 7)(41 6)(42 3)(43 4)(44 2)(45 10)(46 10)(47 7)(48 8)(49 5)(50 10)(51 5)(52 8)(53 4)(54 2)(55 4)(56 4)(57 4)(58 1)(59 6)(60 2)(61 2)(62 6)(63 2)(64 6)(65 7)(66 12)(67 8)(68 17)(69 8)(70 10)(71 7)(72 10)(73 8)(74 13)(75 1)(76 8)(77 7)(78 3)(79 2)(80 4)(81 2)(83 4)(84 3)(85 2)(86 1)(87 1)(90 3)(91 1)(92 3)(93 3)(94 2)(96 2)(97 1)(98 3)(99 3)(100 4)(101 2)(102 1)(103 1)(104 3)(105 1)(106 3)(107 2)(108 2)(110 2)(111 1)(112 2)(113 2)(114 2)(115 1)(118 2)(120 1)(121 2)(126 2)(127 2)(129 1)(130 3)(132 1)(134 1)(136 1)(142 1)(144 2)(150 1)(151 2)(154 1)(162 1)(164 1)
