NUMBER OF AREAS : 2
---area label--- : 1
area size : 559
mean x : 134.60
mean y : 154.19
mean E_x^2 : 132.20
mean E_y^2 : 54.56
mean E_xy^2 : 61.26
theta : 0.78
average greyscal : 55.76
average RGB [59.25,53.15,55.79]
(0 4)(1 1)(2 1)(3 1)(4 3)(5 2)(6 1)(7 1)(9 3)(10 2)(11 2)(13 3)(14 1)(15 2)(16 2)(17 6)(18 1)(19 4)(20 7)(21 3)(22 1)(23 3)(24 9)(25 13)(26 10)(27 8)(28 5)(29 10)(30 12)(31 11)(32 10)(33 11)(34 5)(35 4)(36 6)(37 3)(38 9)(39 6)(40 4)(41 6)(42 5)(43 4)(44 7)(45 6)(46 5)(47 6)(48 8)(49 7)(50 3)(51 7)(52 2)(53 11)(54 8)(55 3)(56 4)(57 4)(58 9)(59 10)(60 11)(61 12)(62 7)(63 7)(64 11)(65 16)(66 12)(67 12)(68 13)(69 14)(70 6)(71 3)(72 11)(73 3)(74 5)(75 5)(76 4)(77 5)(78 3)(79 6)(80 3)(81 1)(82 3)(83 4)(84 3)(85 4)(86 3)(87 1)(88 5)(91 3)(92 2)(93 6)(94 2)(95 2)(96 3)(97 2)(98 1)(99 2)(100 2)(101 1)(102 3)(103 1)(104 1)(106 2)(107 1)(108 3)(110 1)(111 2)(112 2)(114 1)(117 2)(120 2)(123 1)(133 1)(139 3)(140 1)(141 1)(142 1)(144 1)(146 1)(168 1)(180 1)(203 1)(222 1)
---area label--- : 2
area size : 5
mean x : 129.00
mean y : 162.00
mean E_x^2 : 0.40
mean E_y^2 : 0.80
mean E_xy^2 : 0.40
theta : -0.51
average greyscal : 67.80
average RGB [68.20,64.00,72.40]
(26 1)(48 1)(62 1)(90 1)(113 1)
