NUMBER OF AREAS : 3
---area label--- : 1
area size : 67
mean x : 85.60
mean y : 83.24
mean E_x^2 : 15.67
mean E_y^2 : 8.90
mean E_xy^2 : 10.11
theta : 0.77
average greyscal : 26.67
average RGB [26.28,24.37,30.75]
(4 1)(5 1)(6 2)(10 2)(11 1)(12 2)(14 2)(15 3)(16 2)(17 1)(18 1)(19 2)(20 1)(21 1)(23 4)(24 3)(25 3)(26 5)(27 2)(28 2)(29 1)(30 3)(31 2)(32 2)(35 2)(36 2)(37 3)(38 2)(39 2)(45 1)(47 2)(53 2)(54 1)(62 1)
---area label--- : 2
area size : 223
mean x : 145.83
mean y : 161.25
mean E_x^2 : 15.47
mean E_y^2 : 24.17
mean E_xy^2 : -4.85
theta : -0.78
average greyscal : 63.51
average RGB [66.64,61.10,63.69]
(3 1)(5 1)(9 1)(22 1)(24 1)(30 2)(33 1)(34 1)(36 1)(38 2)(39 2)(40 1)(41 3)(43 3)(44 1)(45 5)(46 6)(47 5)(48 4)(49 3)(50 5)(51 3)(52 7)(53 4)(54 2)(55 1)(56 1)(57 4)(58 5)(59 5)(60 5)(61 8)(62 9)(63 9)(64 9)(65 9)(66 10)(67 13)(68 3)(69 5)(70 2)(71 7)(72 6)(73 7)(74 5)(75 1)(76 2)(77 2)(79 2)(81 3)(82 1)(85 1)(86 1)(89 1)(92 2)(94 1)(95 1)(96 1)(98 1)(99 1)(100 1)(101 1)(102 1)(104 1)(109 2)(111 1)(112 1)(114 1)(116 1)(117 1)(120 1)(151 1)
---area label--- : 3
area size : 5
mean x : 89.00
mean y : 249.00
mean E_x^2 : 0.40
mean E_y^2 : 0.80
mean E_xy^2 : 0.40
theta : -0.51
average greyscal : 31.40
average RGB [51.20,28.00,15.40]
(9 1)(22 1)(28 1)(30 1)(68 1)
