NUMBER OF AREAS : 1
---area label--- : 1
area size : 633
mean x : 128.18
mean y : 154.05
mean E_x^2 : 247.14
mean E_y^2 : 50.94
mean E_xy^2 : 91.39
theta : 0.78
average greyscal : 54.49
average RGB [59.97,50.26,54.22]
(0 6)(1 1)(2 4)(3 3)(4 4)(5 1)(6 1)(7 4)(8 1)(9 1)(10 2)(11 2)(12 1)(13 2)(15 2)(16 5)(17 2)(18 5)(19 2)(20 5)(21 9)(22 2)(23 8)(24 16)(25 12)(26 10)(27 8)(28 9)(29 16)(30 8)(31 9)(32 10)(33 10)(34 7)(35 8)(36 13)(37 9)(38 10)(39 11)(40 5)(41 7)(42 7)(43 8)(44 7)(45 5)(46 5)(47 10)(48 4)(49 6)(50 7)(51 5)(52 8)(53 9)(54 2)(55 7)(56 4)(57 4)(58 7)(59 6)(60 10)(61 6)(62 10)(63 8)(64 16)(65 11)(66 15)(67 12)(68 15)(69 18)(70 7)(71 12)(72 6)(73 7)(74 5)(75 3)(76 1)(77 1)(78 1)(79 5)(80 1)(81 1)(82 3)(83 4)(84 2)(85 3)(86 5)(87 1)(88 8)(90 3)(91 2)(92 2)(93 1)(94 1)(95 2)(96 2)(97 2)(99 3)(100 3)(101 8)(102 1)(103 1)(104 2)(105 2)(106 3)(107 2)(108 2)(109 1)(110 1)(112 2)(113 1)(114 2)(115 2)(118 1)(122 1)(123 1)(124 1)(127 2)(132 1)(133 1)(137 1)(143 1)(144 1)(145 1)(149 1)(150 1)(154 1)(155 1)(156 1)(159 1)(162 1)(163 1)(171 1)(176 1)(180 1)
