NUMBER OF AREAS : 4
---area label--- : 1
area size : 526
mean x : 148.75
mean y : 122.29
mean E_x^2 : 119.56
mean E_y^2 : 39.32
mean E_xy^2 : 46.48
theta : 0.78
average greyscal : 54.18
average RGB [46.60,54.06,62.69]
(1 3)(2 3)(4 1)(5 3)(6 2)(7 1)(8 2)(9 2)(10 2)(11 3)(12 1)(14 3)(15 2)(16 3)(17 6)(18 6)(19 5)(21 2)(22 6)(23 2)(24 5)(25 6)(26 2)(27 10)(28 10)(29 9)(30 15)(31 15)(32 8)(33 10)(34 10)(35 9)(36 10)(37 8)(38 12)(39 6)(40 6)(41 5)(42 4)(43 7)(44 3)(45 4)(46 7)(47 8)(48 8)(49 6)(50 5)(51 7)(52 3)(53 10)(54 9)(55 11)(56 8)(57 4)(58 6)(59 4)(60 5)(61 6)(62 4)(63 2)(64 5)(65 7)(66 5)(67 9)(68 4)(69 3)(70 4)(71 10)(72 4)(73 5)(74 3)(75 5)(76 4)(77 8)(78 5)(79 5)(80 4)(81 6)(82 4)(83 4)(84 3)(85 2)(86 2)(87 6)(88 3)(89 3)(90 2)(91 1)(92 5)(93 5)(94 4)(95 1)(97 2)(98 1)(99 2)(100 1)(101 3)(103 1)(104 1)(105 3)(106 1)(107 4)(108 1)(109 1)(110 1)(112 1)(119 1)(123 1)(124 1)(126 1)(128 1)(129 1)(135 1)(137 1)(153 2)(158 2)(159 1)(163 1)(170 1)(173 1)(178 1)
---area label--- : 2
area size : 5
mean x : 158.00
mean y : 116.00
mean E_x^2 : 0.40
mean E_y^2 : 0.80
mean E_xy^2 : 0.40
theta : -0.51
average greyscal : 71.20
average RGB [82.00,65.80,67.00]
(38 1)(69 1)(74 1)(77 1)(98 1)
---area label--- : 3
area size : 8
mean x : 105.50
mean y : 264.00
mean E_x^2 : 0.75
mean E_y^2 : 0.75
mean E_xy^2 : 0.38
theta : 0.79
average greyscal : 122.25
average RGB [158.00,102.38,107.25]
(27 1)(94 1)(101 1)(112 1)(123 1)(139 1)(189 1)(193 1)
---area label--- : 4
area size : 5
mean x : 102.00
mean y : 269.00
mean E_x^2 : 0.40
mean E_y^2 : 0.80
mean E_xy^2 : 0.40
theta : -0.51
average greyscal : 79.20
average RGB [105.40,70.80,63.20]
(33 1)(37 1)(43 1)(131 1)(152 1)
