NUMBER OF AREAS : 3
---area label--- : 1
area size : 546
mean x : 149.95
mean y : 122.18
mean E_x^2 : 114.39
mean E_y^2 : 39.41
mean E_xy^2 : 42.64
theta : 0.78
average greyscal : 56.52
average RGB [50.38,54.01,66.30]
(1 1)(2 1)(4 1)(5 5)(6 3)(7 1)(9 2)(10 2)(11 1)(12 3)(14 3)(15 2)(16 2)(17 2)(18 6)(19 3)(20 1)(21 3)(22 6)(23 5)(24 4)(25 5)(26 10)(27 8)(28 6)(29 8)(30 10)(31 9)(32 8)(33 11)(34 14)(35 11)(36 8)(37 13)(38 7)(39 3)(40 11)(41 9)(42 4)(43 6)(44 4)(45 10)(46 2)(47 4)(48 8)(49 5)(50 5)(51 7)(52 7)(53 9)(54 6)(55 12)(56 7)(57 7)(58 6)(59 6)(60 7)(61 6)(62 2)(63 2)(64 14)(65 5)(66 7)(67 5)(68 5)(69 12)(70 4)(71 8)(72 9)(73 6)(74 2)(75 2)(76 8)(77 2)(78 7)(79 3)(80 2)(81 9)(82 5)(83 4)(84 1)(85 3)(86 2)(88 5)(89 4)(90 4)(91 4)(92 1)(93 1)(94 1)(95 3)(96 3)(97 4)(98 2)(99 2)(100 2)(101 5)(102 1)(103 4)(104 1)(106 1)(108 4)(109 2)(110 2)(111 1)(112 2)(114 1)(115 2)(120 1)(128 1)(129 1)(130 2)(134 1)(135 1)(138 2)(152 2)(155 1)(158 1)(160 1)(164 1)(165 1)(167 1)(172 1)(184 1)
---area label--- : 2
area size : 10
mean x : 105.70
mean y : 264.40
mean E_x^2 : 0.81
mean E_y^2 : 1.24
mean E_xy^2 : 0.62
theta : -0.68
average greyscal : 119.80
average RGB [154.80,121.90,83.50]
(27 1)(86 1)(97 1)(99 1)(106 2)(154 1)(162 1)(173 1)(188 1)
---area label--- : 3
area size : 5
mean x : 102.00
mean y : 269.00
mean E_x^2 : 0.40
mean E_y^2 : 0.80
mean E_xy^2 : 0.40
theta : -0.51
average greyscal : 73.00
average RGB [96.40,61.20,62.20]
(18 1)(29 1)(32 1)(133 1)(153 1)
