NUMBER OF AREAS : 1
---area label--- : 1
area size : 390
mean x : 104.84
mean y : 126.08
mean E_x^2 : 74.18
mean E_y^2 : 25.69
mean E_xy^2 : 22.74
theta : 0.78
average greyscal : 64.55
average RGB [73.02,59.05,62.59]
(0 6)(1 1)(2 1)(3 3)(4 1)(5 1)(6 1)(7 2)(9 1)(11 4)(13 3)(14 1)(15 4)(16 3)(19 3)(20 1)(21 1)(23 3)(25 2)(26 1)(27 1)(28 2)(29 4)(30 2)(31 2)(33 4)(34 4)(35 2)(36 1)(37 3)(38 5)(39 4)(40 5)(41 4)(42 6)(43 3)(44 6)(45 2)(46 6)(47 6)(48 5)(49 5)(50 9)(51 7)(52 8)(53 4)(54 10)(55 4)(56 8)(57 3)(58 5)(59 2)(60 4)(61 8)(62 6)(63 8)(64 4)(65 5)(66 7)(67 6)(68 9)(69 8)(70 10)(71 6)(72 5)(73 6)(74 4)(75 4)(76 7)(77 3)(78 1)(79 4)(80 1)(81 1)(83 1)(84 2)(85 1)(86 3)(87 2)(88 1)(89 3)(90 1)(91 1)(92 1)(93 1)(94 2)(95 2)(96 1)(97 1)(99 1)(100 3)(101 4)(102 2)(103 1)(106 1)(107 2)(108 1)(109 2)(110 2)(111 1)(112 2)(113 1)(114 3)(115 2)(116 1)(117 1)(119 2)(120 2)(122 1)(123 2)(124 1)(125 2)(126 1)(129 3)(130 2)(132 1)(133 1)(134 1)(135 1)(138 1)(139 1)(140 1)(141 2)(142 1)(146 2)(153 1)(155 1)(165 1)(166 1)(167 1)(169 1)(185 1)
