NUMBER OF AREAS : 2
---area label--- : 1
area size : 529
mean x : 131.92
mean y : 152.81
mean E_x^2 : 119.51
mean E_y^2 : 43.51
mean E_xy^2 : 50.49
theta : 0.78
average greyscal : 55.53
average RGB [59.02,53.55,54.96]
(0 2)(1 5)(2 1)(4 1)(5 2)(7 3)(8 1)(9 2)(10 1)(11 7)(12 2)(13 1)(14 5)(15 4)(16 2)(17 2)(18 5)(19 4)(20 6)(21 1)(22 3)(23 7)(24 6)(25 9)(26 5)(27 7)(28 5)(29 8)(30 11)(31 7)(32 10)(33 13)(34 3)(35 10)(36 3)(37 3)(38 5)(39 8)(40 9)(41 4)(42 4)(43 7)(44 3)(45 6)(46 3)(47 8)(48 7)(49 5)(50 5)(51 3)(52 5)(53 2)(54 4)(55 4)(56 1)(57 2)(58 2)(59 7)(60 6)(61 6)(62 3)(63 8)(64 10)(65 12)(66 13)(67 10)(68 14)(69 13)(70 8)(71 15)(72 10)(73 5)(74 12)(75 7)(76 6)(77 4)(78 1)(79 2)(80 7)(81 2)(82 5)(83 3)(84 2)(85 1)(86 4)(87 3)(88 3)(89 2)(90 7)(91 1)(92 2)(93 3)(94 4)(96 1)(97 2)(98 1)(99 1)(100 1)(101 2)(102 4)(103 2)(106 1)(107 1)(108 1)(109 1)(110 2)(111 3)(113 2)(114 1)(115 3)(116 4)(117 1)(118 3)(119 1)(120 1)(121 1)(122 1)(139 1)(143 1)(181 1)
---area label--- : 2
area size : 8
mean x : 127.50
mean y : 161.00
mean E_x^2 : 0.75
mean E_y^2 : 0.75
mean E_xy^2 : 0.38
theta : 0.79
average greyscal : 91.38
average RGB [109.50,82.38,83.50]
(42 1)(73 1)(79 1)(87 1)(107 1)(108 1)(116 1)(119 1)
