NUMBER OF AREAS : 2
---area label--- : 1
area size : 219
mean x : 145.66
mean y : 161.35
mean E_x^2 : 14.94
mean E_y^2 : 23.77
mean E_xy^2 : -4.23
theta : -0.78
average greyscal : 63.39
average RGB [65.58,60.41,65.00]
(1 1)(9 1)(20 1)(25 1)(29 1)(31 1)(33 1)(34 1)(35 1)(36 1)(37 1)(38 1)(39 1)(40 3)(41 3)(42 2)(43 1)(44 2)(45 2)(46 6)(47 1)(48 2)(49 5)(50 4)(51 6)(52 4)(53 3)(54 4)(55 2)(56 5)(57 3)(58 7)(59 6)(60 6)(61 6)(62 5)(63 7)(64 5)(65 8)(66 11)(67 8)(68 12)(69 6)(70 2)(71 7)(72 6)(73 4)(74 6)(75 4)(76 4)(78 2)(79 1)(81 1)(82 2)(83 2)(84 2)(85 2)(87 1)(90 1)(96 1)(98 1)(99 1)(101 2)(102 1)(103 1)(104 2)(111 2)(117 1)(119 1)(148 1)
---area label--- : 2
area size : 385
mean x : 106.92
mean y : 163.88
mean E_x^2 : 114.76
mean E_y^2 : 19.48
mean E_xy^2 : 34.78
theta : 0.77
average greyscal : 50.08
average RGB [56.63,45.49,49.07]
(0 1)(1 3)(2 4)(3 2)(4 2)(5 1)(6 3)(7 2)(8 2)(9 1)(10 4)(11 1)(12 1)(14 3)(15 3)(16 3)(17 4)(18 3)(19 2)(20 2)(21 2)(22 3)(23 2)(24 6)(25 2)(26 2)(28 6)(29 2)(30 3)(31 8)(32 15)(33 12)(34 8)(35 9)(36 9)(37 9)(38 13)(39 19)(40 11)(41 5)(42 4)(43 8)(44 5)(45 9)(46 2)(47 6)(48 4)(49 5)(50 2)(51 4)(52 4)(53 3)(54 5)(55 2)(56 6)(57 7)(58 4)(59 5)(60 6)(61 3)(62 5)(63 6)(64 4)(65 3)(66 2)(67 1)(68 2)(69 2)(71 1)(74 3)(75 3)(76 2)(77 3)(78 1)(79 1)(80 1)(81 4)(82 2)(83 1)(85 2)(86 3)(87 1)(90 1)(91 2)(92 1)(94 2)(95 1)(96 1)(97 2)(98 2)(99 1)(100 2)(102 1)(103 1)(104 3)(105 1)(106 3)(109 1)(111 1)(114 2)(115 1)(119 1)(120 1)(121 1)(123 1)(125 2)(126 1)(128 1)(134 1)(136 1)(138 1)(145 1)(171 1)(173 1)(176 1)(196 1)
