NUMBER OF AREAS : 1
---area label--- : 1
area size : 581
mean x : 129.33
mean y : 155.45
mean E_x^2 : 266.41
mean E_y^2 : 42.59
mean E_xy^2 : 84.07
theta : 0.78
average greyscal : 60.13
average RGB [65.04,55.74,60.49]
(0 6)(1 3)(2 1)(3 2)(4 2)(5 5)(6 2)(8 2)(9 4)(10 2)(11 2)(13 2)(14 2)(15 4)(16 4)(17 4)(18 2)(19 4)(21 5)(22 2)(23 6)(24 6)(25 7)(26 8)(27 5)(28 6)(29 12)(30 5)(31 16)(32 13)(33 7)(34 8)(35 8)(36 6)(37 3)(38 3)(39 5)(40 5)(41 5)(42 5)(43 2)(44 3)(45 9)(46 4)(47 11)(48 7)(49 7)(50 4)(51 5)(52 11)(53 4)(54 6)(55 3)(56 6)(57 6)(58 3)(59 4)(60 4)(61 10)(62 9)(63 9)(64 10)(65 13)(66 12)(67 11)(68 8)(69 8)(70 8)(71 1)(72 11)(73 7)(74 8)(75 3)(76 3)(77 3)(78 4)(79 4)(80 3)(81 4)(82 2)(83 4)(84 4)(85 2)(86 5)(87 5)(88 8)(89 4)(91 3)(92 2)(93 2)(94 2)(95 1)(96 6)(97 4)(98 2)(99 4)(100 5)(101 5)(102 1)(103 6)(104 1)(105 1)(106 1)(107 1)(108 1)(110 2)(111 3)(112 3)(113 1)(114 1)(115 2)(117 2)(118 1)(119 4)(120 2)(122 1)(126 4)(131 1)(132 2)(135 2)(137 2)(138 1)(140 1)(141 2)(146 1)(148 1)(151 1)(152 3)(154 2)(156 1)(158 1)(160 1)(162 1)(165 1)(167 1)(181 1)
