NUMBER OF AREAS : 2
---area label--- : 1
area size : 229
mean x : 145.89
mean y : 161.29
mean E_x^2 : 16.25
mean E_y^2 : 24.06
mean E_xy^2 : -4.67
theta : -0.78
average greyscal : 62.24
average RGB [64.53,60.88,62.13]
(4 1)(10 1)(14 1)(17 1)(18 1)(31 3)(33 1)(34 1)(37 1)(38 2)(39 2)(40 4)(41 3)(42 5)(43 2)(44 7)(45 9)(46 3)(47 4)(48 7)(49 1)(50 4)(51 5)(52 3)(53 3)(54 1)(55 3)(56 4)(57 5)(58 5)(59 6)(60 7)(61 9)(62 8)(63 4)(64 8)(65 7)(66 13)(67 6)(68 8)(69 5)(70 5)(71 8)(72 2)(73 5)(74 1)(75 1)(77 1)(79 1)(81 1)(82 2)(83 2)(84 1)(85 1)(86 1)(88 1)(93 1)(95 1)(96 1)(97 2)(98 1)(100 1)(104 2)(105 3)(106 1)(107 1)(108 1)(109 1)(113 1)(114 1)(115 1)(117 1)(135 1)(152 1)
---area label--- : 2
area size : 491
mean x : 128.55
mean y : 188.18
mean E_x^2 : 108.40
mean E_y^2 : 30.87
mean E_xy^2 : 39.99
theta : 0.78
average greyscal : 74.34
average RGB [83.92,69.05,70.98]
(0 2)(2 3)(3 1)(4 1)(5 6)(6 2)(7 4)(9 3)(10 1)(11 3)(12 1)(13 3)(14 4)(16 4)(17 2)(18 4)(19 3)(20 2)(21 2)(22 6)(23 3)(24 5)(25 4)(26 4)(27 4)(28 5)(29 4)(30 7)(31 6)(32 4)(33 3)(34 2)(35 3)(36 7)(37 8)(38 5)(39 6)(40 5)(41 3)(42 1)(43 5)(44 5)(45 3)(46 1)(47 5)(48 5)(49 3)(50 4)(51 3)(52 8)(53 5)(54 3)(55 5)(56 7)(57 5)(58 3)(59 4)(60 4)(61 5)(62 4)(63 3)(64 7)(65 4)(66 5)(67 6)(68 3)(69 7)(70 9)(71 6)(72 3)(73 5)(74 4)(75 3)(76 2)(77 5)(78 5)(79 8)(80 1)(81 5)(82 4)(83 3)(84 3)(85 2)(86 5)(87 2)(88 2)(89 5)(90 3)(91 4)(92 2)(93 3)(94 3)(95 3)(97 2)(98 4)(99 1)(100 2)(101 1)(102 3)(103 1)(104 3)(105 1)(106 1)(108 3)(109 1)(110 1)(111 3)(112 4)(113 1)(114 1)(117 1)(118 2)(119 2)(121 3)(122 1)(123 2)(124 1)(125 1)(126 1)(127 2)(128 2)(129 1)(130 1)(131 3)(132 2)(136 2)(137 1)(138 1)(139 1)(140 3)(142 2)(143 1)(145 2)(146 2)(148 1)(150 1)(151 1)(152 1)(153 2)(159 1)(160 2)(161 1)(164 2)(166 2)(167 1)(168 1)(169 1)(170 1)(171 3)(172 1)(177 1)(179 2)(180 1)(181 1)(182 2)(183 1)(185 1)(186 1)(187 1)(188 2)(190 1)(191 1)(192 1)(197 1)(199 1)(200 1)(210 1)(218 1)(221 1)(222 1)(239 1)(243 1)(244 1)(249 1)(251 1)
