NUMBER OF AREAS : 2
---area label--- : 1
area size : 551
mean x : 197.93
mean y : 221.09
mean E_x^2 : 87.36
mean E_y^2 : 67.58
mean E_xy^2 : 7.68
theta : 0.78
average greyscal : 82.04
average RGB [61.72,87.01,98.42]
(0 1)(2 1)(3 1)(4 1)(5 2)(7 2)(8 1)(9 1)(10 1)(12 1)(13 4)(14 1)(15 4)(17 5)(18 3)(19 3)(20 2)(21 1)(22 7)(23 6)(24 2)(25 5)(26 7)(27 12)(28 9)(29 5)(30 7)(31 10)(32 16)(33 8)(34 13)(35 9)(36 14)(37 10)(38 11)(39 7)(40 7)(41 6)(42 4)(43 5)(44 6)(45 4)(46 4)(47 9)(48 3)(49 4)(50 1)(51 2)(52 1)(53 3)(54 2)(55 5)(56 1)(57 1)(58 2)(59 3)(60 3)(61 2)(62 2)(63 2)(64 4)(65 2)(66 4)(67 5)(68 7)(69 3)(70 1)(71 7)(72 1)(73 4)(74 4)(75 4)(76 6)(77 1)(78 5)(80 1)(81 3)(82 2)(83 3)(84 3)(85 6)(86 3)(87 4)(88 2)(89 6)(90 2)(91 4)(92 2)(94 5)(96 3)(97 2)(98 1)(99 1)(101 2)(102 3)(103 3)(105 1)(106 3)(107 1)(108 1)(109 2)(110 3)(112 2)(113 1)(115 2)(117 1)(118 2)(119 2)(120 3)(121 1)(122 1)(123 1)(125 2)(128 1)(129 2)(130 2)(131 1)(132 2)(135 1)(136 2)(139 1)(140 2)(141 1)(144 2)(145 2)(146 1)(147 1)(148 1)(149 1)(150 1)(153 3)(154 4)(155 1)(156 3)(157 1)(158 2)(160 2)(161 2)(163 1)(164 1)(165 2)(166 1)(167 1)(169 3)(170 1)(172 1)(174 2)(176 1)(177 2)(178 1)(180 2)(181 1)(183 1)(185 1)(186 2)(188 1)(190 2)(191 2)(193 3)(195 2)(196 1)(197 4)(198 6)(199 2)(200 3)(201 6)(202 4)(203 6)(204 3)(205 6)(206 1)(207 2)(208 1)(209 2)(212 1)(213 1)(219 1)(221 1)(223 1)
---area label--- : 2
area size : 63
mean x : 171.08
mean y : 213.30
mean E_x^2 : 3.34
mean E_y^2 : 9.64
mean E_xy^2 : 1.79
theta : -0.74
average greyscal : 127.35
average RGB [158.49,107.81,116.67]
(25 2)(29 1)(34 1)(38 1)(52 1)(54 1)(57 1)(61 1)(62 1)(77 1)(79 1)(81 2)(83 1)(84 1)(85 1)(89 1)(90 1)(95 1)(105 1)(108 1)(109 1)(112 1)(119 1)(123 1)(126 1)(127 1)(128 1)(129 1)(130 1)(134 2)(137 1)(138 1)(139 2)(142 1)(144 1)(145 1)(146 1)(153 1)(156 1)(160 1)(171 1)(172 1)(173 1)(174 1)(179 1)(182 4)(185 1)(186 1)(190 1)(191 1)(196 1)(197 1)(200 1)(203 1)(206 1)(208 1)
