NUMBER OF AREAS : 1
---area label--- : 1
area size : 450
mean x : 109.68
mean y : 131.51
mean E_x^2 : 94.63
mean E_y^2 : 34.47
mean E_xy^2 : 38.91
theta : 0.78
average greyscal : 62.07
average RGB [69.19,57.07,60.84]
(0 6)(1 2)(2 2)(3 2)(5 2)(6 2)(7 3)(8 2)(10 6)(12 2)(13 3)(14 1)(15 1)(16 6)(18 5)(19 3)(20 1)(21 4)(22 2)(23 4)(25 5)(26 2)(27 4)(28 6)(29 3)(30 2)(31 2)(32 2)(33 4)(34 4)(35 2)(36 1)(37 3)(38 7)(39 6)(40 7)(41 5)(42 3)(43 12)(44 7)(45 7)(46 4)(47 6)(48 5)(49 9)(50 8)(51 4)(52 5)(53 7)(54 1)(55 4)(56 4)(57 3)(58 5)(59 3)(60 4)(61 7)(62 7)(63 4)(64 6)(65 6)(66 11)(67 8)(68 6)(69 6)(70 9)(71 6)(72 3)(73 8)(74 5)(75 4)(76 9)(77 3)(78 5)(79 6)(80 5)(81 7)(83 3)(85 3)(86 1)(87 2)(88 2)(89 6)(91 3)(93 2)(95 2)(96 2)(97 1)(98 2)(99 2)(100 2)(101 2)(102 1)(103 1)(104 1)(105 1)(106 1)(107 1)(108 2)(109 2)(110 1)(112 3)(114 4)(115 2)(116 1)(117 1)(118 3)(119 3)(120 1)(121 2)(124 2)(125 1)(128 2)(130 1)(131 2)(133 2)(137 2)(138 1)(140 1)(142 1)(143 1)(146 1)(148 1)(149 1)(151 1)(152 1)(155 1)(161 1)(164 1)(168 1)(176 1)(177 1)(184 1)
