NUMBER OF AREAS : 4
---area label--- : 1
area size : 5
mean x : 78.00
mean y : 85.00
mean E_x^2 : 0.40
mean E_y^2 : 0.80
mean E_xy^2 : 0.40
theta : -0.51
average greyscal : 44.00
average RGB [42.60,40.60,50.80]
(30 1)(45 2)(48 1)(52 1)
---area label--- : 2
area size : 75
mean x : 82.93
mean y : 93.67
mean E_x^2 : 8.65
mean E_y^2 : 7.45
mean E_xy^2 : 3.83
theta : 0.78
average greyscal : 45.76
average RGB [48.79,41.84,47.65]
(1 1)(2 3)(3 2)(4 3)(5 2)(6 2)(9 3)(11 3)(12 2)(13 1)(14 1)(16 3)(17 2)(18 2)(19 3)(20 3)(22 1)(24 1)(27 1)(30 2)(32 1)(37 1)(39 1)(43 1)(44 1)(46 2)(48 1)(52 1)(59 1)(63 1)(67 1)(68 1)(69 1)(73 1)(74 1)(76 1)(80 1)(93 1)(95 1)(103 1)(104 1)(106 1)(110 1)(115 1)(117 1)(121 1)(123 1)(124 1)(125 1)(134 1)(137 1)(138 1)(145 1)
---area label--- : 3
area size : 609
mean x : 182.38
mean y : 144.89
mean E_x^2 : 163.20
mean E_y^2 : 55.51
mean E_xy^2 : 60.98
theta : 0.78
average greyscal : 51.49
average RGB [44.19,50.44,60.75]
(1 2)(2 3)(3 4)(4 2)(5 1)(6 4)(9 2)(10 1)(12 3)(13 2)(15 5)(16 3)(17 3)(18 5)(19 6)(20 3)(21 5)(22 1)(23 2)(24 6)(25 8)(26 8)(27 7)(28 8)(29 8)(30 12)(31 14)(32 13)(33 16)(34 9)(35 10)(36 10)(37 8)(38 11)(39 10)(40 11)(41 13)(42 7)(43 10)(44 13)(45 12)(46 7)(47 11)(48 11)(49 15)(50 9)(51 6)(52 11)(53 12)(54 14)(55 9)(56 12)(57 7)(58 8)(59 6)(60 6)(61 8)(62 7)(63 7)(64 9)(65 8)(66 5)(67 5)(68 3)(69 6)(70 5)(71 4)(72 4)(73 3)(74 7)(75 5)(76 1)(77 5)(78 3)(79 5)(80 6)(81 3)(82 7)(83 6)(84 5)(85 5)(87 4)(88 4)(89 5)(90 1)(91 1)(92 2)(93 1)(94 2)(96 1)(97 2)(98 1)(100 1)(102 1)(103 1)(104 1)(105 1)(106 1)(108 1)(110 1)(111 1)(115 3)(117 1)(120 2)(121 1)(124 1)(126 1)(128 1)(136 1)(141 1)(144 1)(145 1)(146 1)(149 1)(153 1)(155 1)(167 1)
---area label--- : 4
area size : 5
mean x : 179.00
mean y : 156.00
mean E_x^2 : 0.40
mean E_y^2 : 0.80
mean E_xy^2 : 0.40
theta : -0.51
average greyscal : 63.20
average RGB [74.60,53.00,62.60]
(47 1)(53 1)(62 1)(71 1)(83 1)
