NUMBER OF AREAS : 3
---area label--- : 1
area size : 536
mean x : 139.68
mean y : 120.16
mean E_x^2 : 141.47
mean E_y^2 : 54.57
mean E_xy^2 : 74.95
theta : 0.78
average greyscal : 52.14
average RGB [44.25,50.39,62.75]
(0 4)(2 3)(3 2)(4 1)(5 2)(6 6)(7 1)(8 4)(9 4)(10 2)(11 4)(12 3)(13 3)(14 3)(15 2)(16 4)(17 2)(18 7)(19 1)(20 2)(21 5)(22 1)(23 4)(24 8)(25 7)(26 13)(27 5)(28 15)(29 3)(30 11)(31 8)(32 10)(33 8)(34 13)(35 11)(36 8)(37 6)(38 10)(39 5)(40 7)(41 6)(42 5)(43 5)(44 7)(45 8)(46 9)(47 8)(48 7)(49 7)(50 9)(51 7)(52 7)(53 8)(54 6)(55 12)(56 6)(57 4)(58 5)(59 3)(60 8)(61 8)(62 9)(63 7)(64 5)(65 5)(66 6)(67 1)(68 4)(69 2)(70 2)(71 6)(72 5)(73 5)(74 7)(75 7)(76 3)(77 3)(78 3)(79 7)(80 1)(81 4)(82 3)(83 1)(84 2)(85 4)(86 1)(87 2)(88 4)(90 3)(91 2)(92 1)(93 1)(94 2)(95 3)(96 1)(97 3)(98 1)(99 4)(100 2)(101 2)(102 3)(104 1)(105 2)(106 3)(107 4)(108 2)(109 2)(111 1)(112 1)(113 1)(114 1)(115 3)(116 2)(117 1)(120 1)(131 2)(137 1)(139 1)(140 1)(147 1)(149 1)(152 1)(154 1)(157 1)(164 1)
---area label--- : 2
area size : 5
mean x : 106.00
mean y : 108.00
mean E_x^2 : 0.40
mean E_y^2 : 0.80
mean E_xy^2 : 0.40
theta : -0.51
average greyscal : 71.60
average RGB [79.20,71.60,65.80]
(22 1)(63 1)(87 2)(99 1)
---area label--- : 3
area size : 5
mean x : 114.00
mean y : 112.00
mean E_x^2 : 0.40
mean E_y^2 : 0.80
mean E_xy^2 : 0.40
theta : -0.51
average greyscal : 78.00
average RGB [85.80,77.80,70.40]
(55 1)(59 1)(83 1)(96 1)(97 1)
