NUMBER OF AREAS : 1
---area label--- : 1
area size : 75
mean x : 86.36
mean y : 89.23
mean E_x^2 : 15.11
mean E_y^2 : 22.28
mean E_xy^2 : 16.37
theta : -0.78
average greyscal : 41.15
average RGB [46.33,36.07,42.19]
(0 1)(3 2)(5 1)(6 1)(13 1)(14 1)(16 2)(17 2)(18 1)(19 1)(22 1)(23 1)(24 4)(25 1)(26 1)(28 2)(29 1)(30 1)(31 2)(32 2)(35 1)(36 1)(37 1)(38 3)(39 2)(40 2)(42 3)(44 1)(45 1)(47 3)(48 2)(50 2)(51 2)(52 1)(53 2)(54 2)(55 1)(56 3)(58 1)(59 1)(60 2)(61 1)(65 1)(68 1)(70 1)(76 1)(79 1)(93 1)(100 1)(134 1)
