NUMBER OF AREAS : 2
---area label--- : 1
area size : 545
mean x : 135.30
mean y : 154.01
mean E_x^2 : 123.24
mean E_y^2 : 56.34
mean E_xy^2 : 62.25
theta : 0.78
average greyscal : 57.29
average RGB [62.54,52.56,57.83]
(0 1)(1 1)(2 1)(3 2)(4 1)(5 4)(7 1)(8 1)(9 3)(10 3)(11 3)(12 3)(13 1)(15 1)(16 3)(18 2)(19 4)(20 6)(21 1)(22 1)(23 4)(24 5)(25 10)(26 6)(27 10)(28 6)(29 8)(30 8)(31 7)(32 6)(33 10)(34 7)(35 7)(36 3)(37 2)(38 6)(39 4)(40 5)(41 7)(42 4)(43 5)(44 2)(45 8)(46 7)(47 10)(48 8)(49 5)(50 9)(51 4)(52 8)(53 10)(54 6)(55 10)(56 6)(57 2)(58 9)(59 8)(60 10)(61 14)(62 5)(63 15)(64 9)(65 10)(66 14)(67 6)(68 14)(69 11)(70 4)(71 5)(72 9)(73 11)(74 13)(75 1)(76 4)(77 3)(78 2)(79 2)(80 2)(81 5)(82 2)(83 3)(84 2)(85 1)(86 4)(87 4)(88 5)(89 7)(90 3)(91 1)(92 1)(93 2)(94 2)(95 3)(96 2)(97 4)(98 2)(99 4)(100 3)(101 3)(102 1)(103 3)(104 3)(107 1)(108 2)(109 1)(110 2)(111 1)(112 1)(113 1)(115 1)(116 1)(117 1)(118 4)(119 1)(121 1)(125 1)(134 2)(137 1)(139 1)(142 1)(148 1)(177 1)
---area label--- : 2
area size : 5
mean x : 133.00
mean y : 165.00
mean E_x^2 : 0.40
mean E_y^2 : 0.80
mean E_xy^2 : 0.40
theta : -0.51
average greyscal : 84.80
average RGB [103.00,71.80,80.40]
(50 1)(78 1)(81 1)(103 1)(112 1)
