NUMBER OF AREAS : 3
---area label--- : 1
area size : 86
mean x : 86.44
mean y : 75.76
mean E_x^2 : 12.08
mean E_y^2 : 7.79
mean E_xy^2 : 6.62
theta : 0.77
average greyscal : 35.05
average RGB [35.52,33.19,37.73]
(0 1)(1 1)(4 3)(5 1)(7 2)(8 1)(9 1)(11 1)(13 1)(14 4)(15 1)(16 1)(17 3)(18 2)(20 2)(21 5)(24 5)(25 2)(26 3)(27 2)(28 1)(29 4)(30 2)(31 3)(32 2)(33 6)(36 1)(39 1)(42 1)(43 1)(44 1)(47 4)(48 2)(53 1)(57 1)(59 2)(67 1)(77 1)(79 1)(85 1)(87 1)(95 1)(104 2)(112 1)(114 1)(121 1)
---area label--- : 2
area size : 222
mean x : 145.80
mean y : 161.24
mean E_x^2 : 15.37
mean E_y^2 : 24.27
mean E_xy^2 : -4.92
theta : -0.78
average greyscal : 63.29
average RGB [66.22,61.03,63.55]
(4 1)(5 1)(14 1)(26 3)(32 1)(33 1)(34 1)(37 1)(39 3)(40 2)(41 3)(42 3)(43 2)(44 4)(45 4)(46 4)(47 5)(48 3)(49 3)(50 4)(51 7)(52 6)(53 3)(54 1)(55 5)(56 3)(57 2)(58 4)(59 10)(60 4)(61 4)(62 6)(63 4)(64 9)(65 8)(66 12)(67 9)(68 7)(69 7)(70 5)(71 5)(72 5)(73 6)(74 6)(75 1)(76 1)(77 3)(78 1)(79 1)(81 1)(82 3)(85 1)(88 1)(90 2)(91 1)(94 1)(95 1)(96 1)(99 2)(100 2)(103 1)(104 1)(105 2)(107 1)(109 1)(110 1)(113 1)(116 1)(120 1)(164 1)
---area label--- : 3
area size : 5
mean x : 89.00
mean y : 249.00
mean E_x^2 : 0.40
mean E_y^2 : 0.80
mean E_xy^2 : 0.40
theta : -0.51
average greyscal : 37.80
average RGB [42.80,24.00,48.00]
(16 1)(23 1)(33 1)(39 1)(78 1)
