NUMBER OF AREAS : 1
---area label--- : 1
area size : 152
mean x : 87.08
mean y : 97.09
mean E_x^2 : 33.82
mean E_y^2 : 33.74
mean E_xy^2 : 27.15
theta : 0.79
average greyscal : 46.64
average RGB [52.16,42.52,46.38]
(0 1)(1 1)(2 1)(3 2)(5 3)(7 1)(9 1)(12 2)(13 2)(14 1)(15 3)(17 1)(18 1)(19 1)(20 2)(24 2)(25 2)(26 2)(27 2)(28 2)(29 4)(30 2)(31 5)(32 4)(33 3)(34 1)(35 5)(38 1)(39 2)(40 3)(41 3)(42 2)(43 2)(45 1)(46 2)(47 3)(48 2)(49 1)(50 1)(51 2)(52 3)(53 4)(54 1)(55 2)(56 7)(57 1)(58 6)(59 4)(60 2)(61 5)(62 4)(63 6)(65 3)(66 3)(67 3)(69 1)(73 1)(75 1)(81 1)(82 1)(85 2)(95 1)(97 2)(101 1)(102 1)(109 1)(114 1)(119 1)(121 1)
