NUMBER OF AREAS : 4
---area label--- : 1
area size : 545
mean x : 158.19
mean y : 125.34
mean E_x^2 : 97.76
mean E_y^2 : 52.81
mean E_xy^2 : 49.78
theta : 0.78
average greyscal : 49.63
average RGB [42.76,48.95,58.15]
(0 5)(1 3)(2 2)(3 4)(4 2)(5 2)(6 3)(7 1)(8 2)(9 2)(10 5)(11 3)(12 2)(13 5)(15 5)(16 6)(17 3)(18 2)(19 3)(20 7)(21 6)(22 7)(23 5)(24 13)(25 6)(26 9)(27 9)(28 14)(29 12)(30 12)(31 10)(32 9)(33 9)(34 5)(35 11)(36 8)(37 4)(38 10)(39 5)(40 8)(41 10)(42 8)(43 5)(44 9)(45 6)(46 6)(47 4)(48 10)(49 6)(50 9)(51 10)(52 7)(53 4)(54 7)(55 14)(56 5)(57 6)(58 4)(59 10)(60 2)(61 8)(62 11)(63 7)(64 6)(65 3)(66 2)(67 8)(68 3)(69 3)(70 2)(71 5)(72 6)(73 3)(74 3)(75 5)(76 4)(77 4)(78 4)(79 4)(80 1)(81 2)(83 3)(84 3)(85 2)(86 1)(87 1)(88 4)(89 3)(90 4)(91 2)(92 1)(93 2)(95 2)(96 1)(97 1)(98 1)(99 1)(102 3)(103 2)(104 4)(105 1)(106 2)(107 1)(108 1)(109 1)(112 2)(113 1)(118 1)(120 2)(121 1)(122 1)(128 2)(129 1)(130 1)(131 1)(133 1)(135 1)(140 1)(145 1)(149 1)(153 1)(154 1)(157 2)(167 1)
---area label--- : 2
area size : 10
mean x : 105.70
mean y : 264.40
mean E_x^2 : 0.81
mean E_y^2 : 1.24
mean E_xy^2 : 0.62
theta : -0.68
average greyscal : 117.30
average RGB [158.80,112.40,81.80]
(23 1)(80 1)(95 1)(97 1)(107 1)(109 1)(156 1)(163 1)(171 1)(172 1)
---area label--- : 3
area size : 5
mean x : 102.00
mean y : 269.00
mean E_x^2 : 0.40
mean E_y^2 : 0.80
mean E_xy^2 : 0.40
theta : -0.51
average greyscal : 65.40
average RGB [86.00,63.60,47.20]
(3 1)(35 2)(111 1)(143 1)
---area label--- : 4
area size : 5
mean x : 112.00
mean y : 272.00
mean E_x^2 : 0.40
mean E_y^2 : 0.80
mean E_xy^2 : 0.40
theta : -0.51
average greyscal : 119.20
average RGB [124.80,125.80,107.60]
(42 1)(101 1)(120 1)(148 1)(185 1)
