NUMBER OF AREAS : 2
---area label--- : 1
area size : 533
mean x : 163.69
mean y : 128.87
mean E_x^2 : 113.50
mean E_y^2 : 62.29
mean E_xy^2 : 65.13
theta : 0.78
average greyscal : 51.12
average RGB [45.31,50.02,59.04]
(1 2)(2 3)(3 1)(5 7)(6 3)(7 2)(8 1)(9 3)(10 1)(11 3)(12 5)(13 4)(14 4)(15 2)(16 3)(17 3)(18 5)(19 7)(20 5)(21 2)(22 4)(23 6)(24 2)(25 9)(26 6)(27 10)(28 11)(29 7)(30 8)(31 8)(32 17)(33 7)(34 14)(35 13)(36 7)(37 10)(38 5)(39 5)(40 9)(41 9)(42 5)(43 8)(44 9)(45 9)(46 10)(47 9)(48 15)(49 5)(50 6)(51 7)(52 3)(53 9)(54 7)(55 11)(56 10)(57 5)(58 1)(59 4)(60 7)(61 5)(62 5)(63 5)(64 2)(65 3)(66 7)(67 4)(68 5)(69 5)(70 6)(71 3)(72 1)(73 5)(74 1)(75 5)(76 3)(77 3)(78 3)(79 3)(80 1)(81 1)(82 2)(83 7)(84 5)(85 2)(86 1)(87 3)(88 1)(89 1)(90 3)(91 6)(92 1)(93 2)(94 1)(95 1)(96 2)(97 3)(98 2)(99 1)(100 3)(101 2)(102 4)(103 1)(104 2)(105 1)(107 2)(108 2)(110 1)(111 1)(112 1)(113 2)(118 1)(119 1)(122 1)(124 2)(130 2)(131 1)(132 1)(137 2)(148 1)(149 1)(150 1)(151 1)(167 1)(172 1)(175 1)
---area label--- : 2
area size : 10
mean x : 105.70
mean y : 264.40
mean E_x^2 : 0.81
mean E_y^2 : 1.24
mean E_xy^2 : 0.62
theta : -0.68
average greyscal : 135.60
average RGB [162.30,128.60,117.00]
(12 1)(101 1)(117 1)(119 1)(125 1)(151 1)(171 1)(178 1)(183 1)(199 1)
