NUMBER OF AREAS : 2
---area label--- : 1
area size : 224
mean x : 145.95
mean y : 161.19
mean E_x^2 : 15.19
mean E_y^2 : 24.62
mean E_xy^2 : -4.79
theta : -0.78
average greyscal : 64.21
average RGB [67.34,61.66,64.54]
(11 1)(23 1)(31 1)(32 1)(33 1)(36 1)(37 2)(38 1)(39 1)(40 4)(41 2)(43 2)(44 5)(45 5)(46 2)(47 3)(48 4)(49 7)(50 3)(51 4)(52 2)(53 6)(54 3)(55 6)(57 1)(58 6)(59 6)(60 4)(61 11)(62 4)(63 7)(64 8)(65 5)(66 16)(67 11)(68 13)(69 4)(70 2)(71 8)(72 6)(73 3)(74 4)(75 2)(76 1)(77 1)(78 1)(79 2)(80 2)(81 2)(83 2)(84 1)(85 2)(89 2)(92 1)(93 1)(94 2)(96 1)(97 1)(99 1)(102 1)(105 1)(108 1)(109 1)(110 1)(111 2)(112 2)(113 1)(114 1)(122 1)
---area label--- : 2
area size : 386
mean x : 111.88
mean y : 168.55
mean E_x^2 : 135.35
mean E_y^2 : 26.43
mean E_xy^2 : 48.50
theta : 0.78
average greyscal : 52.10
average RGB [58.09,47.42,51.62]
(0 3)(2 4)(3 2)(4 2)(5 1)(8 3)(9 2)(10 1)(11 1)(12 4)(13 2)(14 3)(15 2)(16 2)(17 6)(18 1)(19 2)(20 1)(22 5)(23 4)(24 3)(25 3)(26 4)(27 4)(28 6)(29 4)(30 4)(31 6)(32 5)(33 8)(34 8)(35 6)(36 7)(37 6)(38 12)(39 5)(40 19)(41 6)(42 7)(43 1)(44 6)(45 5)(46 13)(47 5)(48 3)(49 4)(50 4)(51 5)(52 2)(53 6)(54 9)(55 4)(56 9)(57 6)(58 5)(59 8)(60 4)(61 2)(62 4)(63 5)(64 1)(65 3)(66 7)(67 4)(68 5)(69 6)(70 1)(71 4)(73 1)(75 3)(76 3)(77 1)(78 4)(79 2)(80 2)(81 2)(82 1)(83 4)(86 1)(87 1)(88 3)(90 1)(91 1)(93 1)(94 2)(95 2)(96 1)(98 2)(99 1)(101 3)(102 2)(103 2)(104 1)(108 1)(109 1)(112 2)(113 1)(115 1)(116 2)(117 1)(119 2)(121 1)(123 1)(125 1)(126 1)(128 1)(131 1)(136 3)(159 1)(191 1)(193 1)(199 1)
