NUMBER OF AREAS : 3
---area label--- : 1
area size : 8
mean x : 77.50
mean y : 87.00
mean E_x^2 : 0.75
mean E_y^2 : 0.75
mean E_xy^2 : 0.38
theta : 0.79
average greyscal : 45.62
average RGB [46.00,43.25,48.75]
(32 1)(36 1)(41 1)(44 1)(47 1)(49 1)(56 1)(60 1)
---area label--- : 2
area size : 57
mean x : 83.42
mean y : 95.96
mean E_x^2 : 9.58
mean E_y^2 : 3.68
mean E_xy^2 : 3.37
theta : 0.74
average greyscal : 29.14
average RGB [29.91,25.28,33.16]
(1 1)(2 1)(4 2)(7 2)(9 2)(10 1)(11 2)(12 1)(14 1)(16 2)(17 1)(18 1)(20 2)(22 1)(24 3)(26 3)(27 1)(28 3)(29 1)(30 3)(32 3)(33 2)(34 2)(35 1)(36 2)(39 1)(43 1)(44 1)(46 1)(47 1)(48 1)(52 1)(60 1)(61 1)(62 1)(67 1)(69 1)(76 1)
---area label--- : 3
area size : 695
mean x : 195.75
mean y : 171.19
mean E_x^2 : 165.36
mean E_y^2 : 71.52
mean E_xy^2 : 66.63
theta : 0.78
average greyscal : 48.83
average RGB [41.41,48.23,57.78]
(3 1)(4 2)(5 2)(6 3)(7 1)(8 1)(9 2)(10 5)(11 3)(12 6)(13 1)(14 1)(15 3)(16 1)(17 4)(18 4)(19 7)(20 5)(21 4)(22 7)(23 4)(24 12)(25 18)(26 13)(27 12)(28 17)(29 10)(30 15)(31 22)(32 14)(33 18)(34 12)(35 16)(36 8)(37 14)(38 12)(39 11)(40 13)(41 12)(42 8)(43 7)(44 6)(45 8)(46 6)(47 12)(48 14)(49 10)(50 5)(51 7)(52 5)(53 14)(54 17)(55 10)(56 13)(57 16)(58 2)(59 9)(60 12)(61 11)(62 10)(63 5)(64 9)(65 2)(66 7)(67 9)(68 10)(69 3)(70 6)(71 1)(73 7)(74 4)(75 5)(76 5)(77 7)(78 6)(79 4)(80 6)(81 7)(82 7)(83 5)(84 5)(85 5)(86 6)(87 3)(88 3)(89 5)(90 6)(91 3)(92 2)(93 1)(94 3)(95 4)(96 2)(97 1)(98 2)(99 3)(111 1)(113 1)(118 1)(123 1)(124 1)(139 2)(155 1)
