NUMBER OF AREAS : 1
---area label--- : 1
area size : 588
mean x : 139.44
mean y : 118.24
mean E_x^2 : 128.84
mean E_y^2 : 59.23
mean E_xy^2 : 67.13
theta : 0.78
average greyscal : 54.59
average RGB [44.43,54.94,65.44]
(0 3)(1 2)(2 3)(3 2)(4 1)(5 6)(6 1)(7 1)(8 3)(9 3)(10 1)(11 4)(12 4)(13 2)(14 3)(15 2)(16 4)(17 2)(18 5)(19 4)(20 2)(21 2)(22 8)(23 10)(24 9)(25 4)(26 9)(27 9)(28 11)(29 9)(30 9)(31 13)(32 15)(33 16)(34 9)(35 5)(36 13)(37 8)(38 10)(39 10)(40 4)(41 5)(42 2)(43 5)(44 4)(45 2)(46 3)(47 5)(48 9)(49 2)(50 10)(51 5)(52 7)(53 8)(54 7)(55 9)(56 6)(57 9)(58 8)(59 3)(60 8)(61 3)(62 10)(63 13)(64 8)(65 8)(66 8)(67 4)(68 9)(69 3)(70 6)(71 5)(72 6)(73 2)(74 5)(75 5)(76 8)(77 7)(78 5)(79 4)(80 3)(81 6)(82 5)(83 3)(84 3)(85 5)(86 4)(87 3)(88 3)(89 2)(90 1)(92 7)(93 3)(94 1)(95 4)(96 1)(97 3)(98 1)(99 3)(100 3)(101 1)(102 1)(103 1)(104 3)(105 3)(106 1)(107 2)(108 2)(109 2)(110 1)(112 1)(116 3)(117 1)(119 3)(121 1)(125 3)(126 1)(128 1)(130 1)(133 1)(134 1)(135 1)(137 1)(139 1)(146 1)(149 1)(150 2)(153 2)(159 1)(165 2)(180 1)
