NUMBER OF AREAS : 1
---area label--- : 1
area size : 629
mean x : 130.26
mean y : 153.85
mean E_x^2 : 203.78
mean E_y^2 : 48.86
mean E_xy^2 : 75.11
theta : 0.78
average greyscal : 55.70
average RGB [60.24,52.03,55.80]
(0 8)(2 5)(3 6)(4 4)(5 3)(6 3)(7 3)(9 3)(10 2)(11 4)(12 3)(13 2)(14 3)(15 3)(16 1)(17 3)(18 8)(19 7)(20 3)(21 4)(22 1)(23 7)(24 8)(25 9)(26 11)(27 5)(28 15)(29 11)(30 7)(31 9)(32 13)(33 9)(34 7)(35 2)(36 6)(37 6)(38 8)(39 4)(40 10)(41 5)(42 7)(43 4)(44 7)(45 5)(46 8)(47 15)(48 11)(49 9)(50 9)(51 7)(52 4)(53 8)(54 7)(55 5)(56 1)(57 9)(58 2)(59 7)(60 8)(61 7)(62 6)(63 6)(64 9)(65 12)(66 12)(67 17)(68 13)(69 12)(70 10)(71 7)(72 9)(73 4)(74 6)(75 6)(76 3)(77 5)(78 3)(79 3)(80 3)(81 6)(82 2)(83 1)(84 2)(85 7)(86 4)(87 3)(88 1)(89 3)(90 3)(91 1)(92 2)(93 1)(94 6)(95 4)(96 4)(97 3)(99 1)(100 4)(102 2)(103 3)(104 2)(105 3)(106 1)(108 2)(109 3)(110 5)(111 1)(112 1)(113 1)(114 1)(116 1)(118 1)(119 2)(120 2)(122 1)(124 1)(125 1)(132 1)(133 1)(134 1)(135 1)(140 1)(144 2)(149 1)(151 1)(158 1)(161 1)(163 2)(172 1)(176 2)(181 1)(185 1)(207 1)(208 1)
