NUMBER OF AREAS : 4
---area label--- : 1
area size : 120
mean x : 81.59
mean y : 100.19
mean E_x^2 : 34.72
mean E_y^2 : 22.57
mean E_xy^2 : 24.94
theta : 0.78
average greyscal : 34.20
average RGB [37.68,31.79,34.07]
(0 1)(1 2)(2 1)(5 1)(7 1)(8 2)(9 2)(10 2)(11 3)(12 2)(13 2)(15 1)(16 3)(17 3)(18 2)(19 3)(20 4)(22 1)(23 4)(24 3)(25 1)(26 6)(27 4)(28 1)(29 4)(30 1)(31 3)(32 6)(33 4)(34 3)(35 2)(36 2)(37 1)(38 3)(39 1)(40 1)(42 2)(43 1)(46 3)(47 1)(48 3)(50 1)(52 2)(54 1)(55 3)(58 1)(60 1)(64 1)(65 1)(66 2)(67 1)(68 1)(72 1)(73 1)(77 1)(83 1)(84 1)(90 1)(98 1)(99 1)(105 1)
---area label--- : 2
area size : 5
mean x : 68.00
mean y : 94.00
mean E_x^2 : 0.40
mean E_y^2 : 0.80
mean E_xy^2 : 0.40
theta : -0.51
average greyscal : 24.00
average RGB [33.60,16.40,22.60]
(9 1)(18 1)(23 1)(30 1)(40 1)
---area label--- : 3
area size : 885
mean x : 213.98
mean y : 197.93
mean E_x^2 : 155.41
mean E_y^2 : 74.43
mean E_xy^2 : 56.13
theta : 0.78
average greyscal : 48.33
average RGB [39.76,46.48,59.84]
(2 2)(3 2)(4 3)(5 3)(6 5)(7 3)(8 1)(9 1)(10 2)(11 7)(12 2)(13 4)(14 2)(15 1)(16 1)(17 1)(18 6)(19 10)(20 13)(21 9)(22 4)(23 7)(24 9)(25 18)(26 19)(27 22)(28 25)(29 11)(30 24)(31 18)(32 15)(33 22)(34 13)(35 17)(36 13)(37 20)(38 16)(39 13)(40 9)(41 13)(42 18)(43 14)(44 9)(45 11)(46 9)(47 17)(48 19)(49 12)(50 19)(51 17)(52 11)(53 12)(54 21)(55 21)(56 13)(57 14)(58 17)(59 14)(60 7)(61 13)(62 13)(63 19)(64 12)(65 11)(66 10)(67 7)(68 14)(69 5)(70 6)(71 11)(72 4)(73 4)(74 5)(75 3)(76 2)(77 3)(78 4)(79 2)(80 3)(81 4)(82 5)(83 2)(84 1)(85 4)(86 1)(88 1)(89 2)(90 3)(91 1)(93 4)(94 1)(95 1)(96 2)(97 2)(98 2)(99 2)(101 1)(102 2)(103 3)(104 2)(105 1)(107 2)(109 1)(111 1)(113 1)(115 1)(116 3)(117 1)(119 1)(121 1)(123 3)(124 1)(126 1)(137 1)(138 1)(146 1)(148 1)(157 1)(165 1)(167 1)(172 1)(180 1)
---area label--- : 4
area size : 12
mean x : 196.17
mean y : 209.17
mean E_x^2 : 0.81
mean E_y^2 : 1.97
mean E_xy^2 : 0.81
theta : -0.61
average greyscal : 125.00
average RGB [123.42,99.75,152.75]
(35 1)(49 1)(78 1)(79 1)(108 1)(146 1)(152 1)(154 1)(161 1)(168 1)(170 1)(200 1)
