NUMBER OF AREAS : 1
---area label--- : 1
area size : 550
mean x : 128.93
mean y : 155.19
mean E_x^2 : 280.24
mean E_y^2 : 42.85
mean E_xy^2 : 87.80
theta : 0.78
average greyscal : 55.34
average RGB [60.47,51.07,55.51]
(0 4)(1 1)(2 4)(3 2)(4 3)(5 6)(6 2)(7 2)(8 3)(9 3)(10 3)(11 3)(12 3)(13 3)(14 7)(15 2)(16 3)(17 3)(18 2)(19 3)(20 4)(21 3)(22 3)(23 2)(24 6)(25 11)(26 4)(27 4)(28 5)(29 14)(30 9)(31 9)(32 9)(33 8)(34 11)(35 4)(36 5)(37 7)(39 3)(40 9)(41 2)(42 3)(43 4)(44 9)(45 6)(46 9)(47 9)(48 7)(49 9)(50 6)(51 6)(52 2)(53 9)(54 7)(55 9)(56 5)(57 5)(58 3)(59 7)(60 6)(61 7)(62 8)(63 9)(64 9)(65 12)(66 18)(67 13)(68 7)(69 11)(70 8)(71 5)(72 10)(73 5)(74 7)(75 1)(76 4)(77 1)(78 1)(79 2)(80 4)(81 1)(82 1)(83 6)(85 2)(86 2)(87 3)(88 6)(89 3)(90 3)(91 4)(92 3)(94 1)(95 3)(96 5)(97 1)(99 3)(100 1)(101 1)(102 1)(103 1)(104 1)(105 3)(107 3)(108 3)(110 1)(111 1)(114 1)(115 1)(117 1)(118 1)(119 1)(120 2)(122 3)(123 2)(124 1)(128 1)(129 3)(130 1)(131 1)(139 1)(146 2)(153 1)(155 1)(156 1)(157 1)(159 1)(161 1)(172 1)(189 1)
