NUMBER OF AREAS : 1
---area label--- : 1
area size : 696
mean x : 246.98
mean y : 209.58
mean E_x^2 : 107.17
mean E_y^2 : 30.94
mean E_xy^2 : -2.60
theta : 0.78
average greyscal : 47.33
average RGB [39.76,47.80,55.32]
(4 2)(6 1)(10 2)(11 1)(12 5)(13 2)(14 2)(15 4)(16 1)(17 6)(18 8)(19 4)(20 5)(21 5)(22 6)(23 5)(24 13)(25 16)(26 14)(27 12)(28 10)(29 17)(30 12)(31 11)(32 18)(33 10)(34 19)(35 7)(36 15)(37 13)(38 20)(39 14)(40 11)(41 14)(42 18)(43 9)(44 13)(45 26)(46 18)(47 18)(48 18)(49 12)(50 9)(51 8)(52 13)(53 18)(54 17)(55 9)(56 9)(57 4)(58 5)(59 4)(60 8)(61 10)(62 8)(63 8)(64 4)(65 5)(66 5)(67 4)(68 10)(70 4)(71 3)(72 6)(73 4)(74 9)(75 1)(76 1)(77 2)(79 5)(80 4)(81 1)(82 3)(83 2)(84 3)(85 5)(86 4)(87 2)(88 7)(89 3)(90 5)(91 1)(92 1)(93 2)(94 1)(95 3)(96 6)(97 1)(102 1)(103 2)(105 1)(109 1)(115 1)(129 1)(133 1)(134 1)(135 1)(138 1)(148 1)
