NUMBER OF AREAS : 2
---area label--- : 1
area size : 8
mean x : 86.50
mean y : 69.50
mean E_x^2 : 0.75
mean E_y^2 : 1.25
mean E_xy^2 : 0.75
theta : -0.66
average greyscal : 20.38
average RGB [15.00,24.25,22.38]
(9 1)(16 1)(18 1)(19 1)(22 1)(24 1)(25 1)(30 1)
---area label--- : 2
area size : 795
mean x : 257.87
mean y : 228.67
mean E_x^2 : 126.36
mean E_y^2 : 80.10
mean E_xy^2 : 4.21
theta : 0.78
average greyscal : 45.49
average RGB [36.90,45.91,54.65]
(0 1)(2 1)(3 1)(4 2)(7 2)(8 4)(10 4)(11 3)(12 3)(13 3)(14 4)(15 5)(16 6)(17 2)(18 3)(19 10)(20 5)(21 7)(22 7)(23 12)(24 12)(25 18)(26 17)(27 13)(28 21)(29 9)(30 15)(31 22)(32 16)(33 14)(34 10)(35 13)(36 13)(37 19)(38 17)(39 13)(40 22)(41 12)(42 25)(43 18)(44 12)(45 17)(46 17)(47 24)(48 15)(49 23)(50 19)(51 12)(52 4)(53 21)(54 15)(55 13)(56 8)(57 5)(58 4)(59 6)(60 9)(61 6)(62 7)(63 6)(64 5)(65 5)(66 9)(67 8)(68 5)(69 9)(70 7)(71 5)(72 5)(73 8)(74 9)(75 6)(76 4)(77 4)(78 1)(79 3)(81 6)(82 5)(83 7)(84 2)(85 2)(86 4)(87 1)(88 2)(89 6)(90 1)(91 1)(92 3)(93 2)(94 1)(95 2)(96 4)(102 1)(103 1)(104 1)(107 1)(113 1)(117 1)
