NUMBER OF AREAS : 3
---area label--- : 1
area size : 395
mean x : 102.92
mean y : 155.88
mean E_x^2 : 103.94
mean E_y^2 : 29.48
mean E_xy^2 : 44.06
theta : 0.78
average greyscal : 53.68
average RGB [59.05,48.72,54.31]
(0 3)(1 6)(2 2)(3 5)(4 4)(5 5)(6 1)(7 3)(8 2)(10 2)(11 3)(12 3)(13 3)(14 3)(16 3)(17 1)(18 7)(19 4)(20 3)(21 3)(22 2)(23 3)(24 6)(25 4)(26 5)(27 5)(28 4)(29 5)(30 6)(31 5)(32 5)(33 9)(34 8)(35 6)(36 8)(37 9)(38 11)(39 8)(40 3)(41 6)(42 3)(43 3)(44 10)(45 5)(46 1)(47 5)(48 2)(49 11)(50 2)(51 2)(52 4)(53 4)(54 6)(55 5)(56 8)(57 3)(58 5)(59 4)(60 3)(61 1)(62 5)(63 3)(64 4)(65 3)(66 3)(68 2)(69 5)(70 4)(71 2)(72 2)(73 2)(74 3)(75 3)(76 2)(77 1)(78 4)(79 1)(81 3)(82 4)(83 1)(84 2)(87 1)(89 3)(90 1)(91 1)(93 1)(95 2)(96 3)(97 5)(100 3)(102 2)(106 2)(107 2)(109 2)(110 1)(111 1)(112 1)(113 1)(114 1)(116 2)(117 1)(118 1)(120 1)(121 2)(123 1)(124 1)(126 2)(127 1)(129 1)(138 1)(139 1)(141 1)(146 1)(148 1)(150 1)(152 1)(154 1)(158 1)(159 1)(163 1)(168 1)(174 1)(179 1)(181 1)(185 2)(191 1)(197 1)
---area label--- : 2
area size : 226
mean x : 145.91
mean y : 161.28
mean E_x^2 : 15.77
mean E_y^2 : 24.03
mean E_xy^2 : -4.62
theta : -0.78
average greyscal : 63.74
average RGB [65.46,61.87,64.92]
(0 1)(15 1)(17 1)(19 1)(28 1)(33 1)(34 1)(35 1)(38 2)(40 2)(41 2)(42 2)(43 2)(44 3)(45 5)(46 4)(47 7)(48 5)(49 4)(50 7)(51 2)(52 6)(53 2)(54 2)(55 5)(56 8)(58 2)(59 4)(60 12)(61 9)(62 3)(63 7)(64 12)(65 6)(66 7)(67 6)(68 6)(69 4)(70 7)(71 6)(72 12)(73 4)(74 3)(75 5)(78 1)(79 1)(80 1)(81 1)(82 1)(83 2)(84 2)(85 1)(86 1)(88 1)(90 1)(91 1)(94 2)(98 2)(99 1)(100 1)(101 3)(102 1)(103 1)(104 1)(107 1)(108 1)(110 1)(113 1)(117 1)(118 1)(144 1)
---area label--- : 3
area size : 5
mean x : 89.00
mean y : 249.00
mean E_x^2 : 0.40
mean E_y^2 : 0.80
mean E_xy^2 : 0.40
theta : -0.51
average greyscal : 41.60
average RGB [48.40,46.80,30.60]
(1 1)(41 2)(53 1)(72 1)
