NUMBER OF AREAS : 1
---area label--- : 1
area size : 87
mean x : 87.22
mean y : 93.55
mean E_x^2 : 18.26
mean E_y^2 : 16.25
mean E_xy^2 : 14.81
theta : 0.78
average greyscal : 34.51
average RGB [34.61,35.20,34.72]
(2 2)(3 2)(4 2)(5 1)(6 1)(7 2)(8 3)(10 1)(11 4)(14 1)(15 1)(16 1)(17 4)(18 2)(20 1)(22 3)(23 1)(25 1)(27 2)(28 2)(29 1)(30 1)(31 1)(32 1)(33 1)(34 1)(36 1)(37 2)(38 3)(39 5)(40 3)(41 3)(42 1)(43 1)(44 1)(45 4)(46 2)(47 1)(51 2)(56 1)(58 1)(63 1)(64 1)(65 1)(67 2)(68 1)(73 1)(76 2)(77 1)(81 1)(84 1)(112 1)
