NUMBER OF AREAS : 4
---area label--- : 1
area size : 54
mean x : 81.50
mean y : 81.35
mean E_x^2 : 4.10
mean E_y^2 : 6.78
mean E_xy^2 : 1.32
theta : -0.76
average greyscal : 38.46
average RGB [35.80,37.54,43.04]
(1 2)(2 1)(3 1)(7 2)(8 1)(10 1)(11 4)(12 2)(13 2)(16 1)(18 2)(19 2)(21 1)(23 1)(24 1)(25 2)(26 1)(27 1)(29 2)(31 1)(33 3)(34 2)(37 1)(38 1)(45 1)(52 1)(55 1)(62 1)(73 1)(78 1)(81 1)(86 1)(89 1)(95 1)(98 1)(101 1)(102 1)(105 1)(112 1)(118 1)
---area label--- : 2
area size : 5
mean x : 138.00
mean y : 84.00
mean E_x^2 : 0.40
mean E_y^2 : 0.80
mean E_xy^2 : 0.40
theta : -0.51
average greyscal : 68.60
average RGB [81.00,61.80,64.80]
(47 1)(52 1)(71 1)(72 1)(101 1)
---area label--- : 3
area size : 614
mean x : 157.81
mean y : 112.30
mean E_x^2 : 143.48
mean E_y^2 : 64.70
mean E_xy^2 : 81.31
theta : 0.78
average greyscal : 50.85
average RGB [42.49,50.59,60.48]
(0 3)(2 1)(3 1)(4 4)(5 3)(6 1)(7 1)(8 2)(9 2)(10 2)(11 3)(12 2)(13 4)(14 5)(15 2)(16 4)(17 2)(18 6)(19 4)(20 4)(21 3)(22 4)(23 5)(24 9)(25 8)(26 13)(27 7)(28 7)(29 11)(30 13)(31 11)(32 18)(33 19)(34 11)(35 17)(36 12)(37 12)(38 4)(39 10)(40 4)(41 6)(42 4)(43 10)(44 9)(45 10)(46 13)(47 10)(48 7)(49 10)(50 6)(51 10)(52 8)(53 10)(54 12)(55 6)(56 12)(57 5)(58 10)(59 3)(60 10)(61 5)(62 10)(63 11)(64 6)(65 5)(66 6)(67 14)(68 4)(69 4)(70 5)(71 5)(72 5)(74 4)(75 7)(76 4)(77 3)(78 3)(79 7)(80 2)(81 4)(82 4)(83 4)(84 4)(85 2)(86 5)(88 4)(89 2)(90 2)(91 1)(92 4)(93 2)(95 2)(96 2)(99 3)(100 3)(102 2)(104 4)(105 1)(108 1)(110 2)(116 1)(117 1)(119 2)(120 2)(126 4)(128 1)(129 1)(134 1)(136 1)(141 1)(143 1)(146 1)(159 2)(163 1)(176 1)
---area label--- : 4
area size : 5
mean x : 131.00
mean y : 105.00
mean E_x^2 : 0.40
mean E_y^2 : 0.80
mean E_xy^2 : 0.40
theta : -0.51
average greyscal : 82.00
average RGB [95.20,72.40,79.20]
(67 1)(73 1)(77 1)(92 1)(101 1)
