NUMBER OF AREAS : 3
---area label--- : 1
area size : 550
mean x : 135.33
mean y : 153.99
mean E_x^2 : 123.01
mean E_y^2 : 56.05
mean E_xy^2 : 61.34
theta : 0.78
average greyscal : 58.32
average RGB [61.93,54.05,59.88]
(0 1)(2 2)(3 2)(4 2)(5 1)(6 4)(7 2)(8 1)(9 1)(10 1)(12 1)(13 1)(15 1)(16 6)(17 1)(18 5)(19 2)(20 4)(22 5)(23 3)(24 1)(25 8)(26 4)(27 5)(28 7)(29 6)(30 13)(31 9)(32 8)(33 13)(34 6)(35 5)(36 5)(37 5)(38 6)(39 2)(40 8)(41 3)(42 8)(43 7)(44 5)(45 6)(46 10)(47 6)(48 4)(49 8)(50 10)(51 8)(52 4)(53 6)(54 9)(55 4)(57 6)(58 7)(59 5)(60 14)(61 13)(62 8)(63 12)(64 8)(65 13)(66 6)(67 18)(68 15)(69 10)(70 9)(71 6)(72 11)(73 7)(74 4)(75 10)(76 9)(77 4)(78 3)(79 2)(80 4)(81 5)(82 4)(83 3)(85 1)(87 4)(88 3)(89 3)(90 3)(91 1)(93 6)(94 1)(95 2)(96 4)(97 4)(99 3)(100 2)(101 2)(102 1)(103 1)(104 1)(105 1)(106 3)(108 2)(110 2)(111 4)(112 2)(114 3)(115 2)(116 2)(117 1)(118 1)(124 1)(127 1)(128 1)(129 1)(131 1)(132 2)(137 1)(140 1)(142 1)(152 1)(156 2)(188 1)
---area label--- : 2
area size : 5
mean x : 127.00
mean y : 160.00
mean E_x^2 : 0.40
mean E_y^2 : 0.80
mean E_xy^2 : 0.40
theta : -0.51
average greyscal : 74.00
average RGB [83.00,61.60,78.00]
(34 1)(44 1)(57 1)(109 1)(126 1)
---area label--- : 3
area size : 5
mean x : 132.00
mean y : 165.00
mean E_x^2 : 0.40
mean E_y^2 : 0.80
mean E_xy^2 : 0.40
theta : -0.51
average greyscal : 93.20
average RGB [106.00,85.20,88.40]
(82 1)(83 1)(87 1)(99 1)(115 1)
