NUMBER OF AREAS : 1
---area label--- : 1
area size : 409
mean x : 144.06
mean y : 121.92
mean E_x^2 : 167.50
mean E_y^2 : 60.56
mean E_xy^2 : 93.08
theta : 0.78
average greyscal : 50.03
average RGB [43.08,48.50,59.49]
(2 1)(3 1)(4 1)(5 2)(6 3)(7 2)(9 2)(10 1)(12 2)(13 1)(14 1)(15 4)(16 1)(17 6)(18 4)(19 4)(20 3)(21 1)(22 3)(23 2)(24 3)(25 9)(26 11)(27 11)(28 5)(29 8)(30 4)(31 11)(32 10)(33 8)(34 10)(35 8)(36 9)(37 2)(38 12)(39 10)(40 2)(41 8)(42 4)(43 5)(44 5)(45 6)(46 6)(47 4)(48 3)(49 7)(50 7)(51 4)(52 4)(53 5)(54 6)(55 3)(56 2)(57 7)(58 3)(59 8)(60 7)(61 5)(62 10)(63 4)(64 4)(65 5)(66 5)(67 3)(68 2)(69 6)(70 6)(71 2)(72 2)(73 3)(74 5)(75 2)(76 2)(77 1)(78 1)(79 2)(80 2)(81 1)(82 4)(84 1)(85 2)(86 2)(87 3)(88 2)(89 1)(90 2)(91 2)(92 2)(93 1)(94 1)(95 2)(96 3)(98 3)(99 2)(101 1)(102 2)(103 2)(104 1)(106 3)(107 3)(108 2)(109 1)(111 1)(118 1)(120 1)(134 1)(136 1)(158 1)
