NUMBER OF AREAS : 3
---area label--- : 1
area size : 263
mean x : 86.67
mean y : 124.61
mean E_x^2 : 68.02
mean E_y^2 : 19.79
mean E_xy^2 : 29.57
theta : 0.78
average greyscal : 47.68
average RGB [55.83,41.28,46.99]
(0 6)(1 2)(2 4)(3 3)(4 5)(5 2)(6 1)(8 1)(9 1)(10 2)(11 5)(12 4)(13 3)(14 2)(15 1)(16 1)(17 2)(19 1)(20 3)(21 2)(23 2)(24 1)(25 5)(26 1)(27 6)(28 4)(29 6)(30 7)(31 5)(32 9)(33 6)(34 1)(35 3)(36 5)(37 1)(38 6)(39 1)(40 8)(41 3)(42 4)(43 3)(44 4)(45 6)(46 8)(47 6)(48 2)(49 3)(50 3)(51 5)(52 2)(53 5)(54 3)(55 2)(56 4)(57 2)(58 1)(59 4)(61 4)(62 4)(65 2)(66 1)(67 3)(68 2)(70 1)(72 1)(73 2)(74 2)(76 1)(77 3)(78 3)(79 1)(82 1)(83 1)(88 1)(89 2)(91 1)(97 4)(100 1)(103 2)(104 2)(107 1)(108 1)(110 1)(111 1)(116 2)(117 1)(118 1)(120 1)(121 1)(124 1)(129 1)(133 1)(139 1)(153 1)(159 1)(162 1)(177 1)(180 1)(188 1)
---area label--- : 2
area size : 217
mean x : 145.70
mean y : 161.49
mean E_x^2 : 15.13
mean E_y^2 : 23.04
mean E_xy^2 : -3.80
theta : -0.78
average greyscal : 62.59
average RGB [65.54,60.42,62.80]
(7 1)(12 1)(17 1)(18 1)(31 1)(32 1)(34 2)(36 1)(38 2)(39 2)(40 3)(42 3)(43 2)(44 3)(45 2)(46 5)(47 4)(48 2)(49 9)(50 4)(51 4)(52 4)(53 5)(54 4)(55 2)(56 4)(57 4)(58 2)(59 2)(60 5)(61 9)(62 6)(63 8)(64 8)(65 5)(66 8)(67 13)(68 13)(69 10)(70 2)(71 5)(72 9)(73 6)(74 3)(75 2)(77 2)(78 1)(80 1)(81 1)(83 1)(84 1)(85 1)(87 1)(92 3)(94 1)(97 1)(98 1)(99 1)(100 1)(105 1)(108 1)(113 1)(114 2)(117 1)(154 1)
---area label--- : 3
area size : 5
mean x : 89.00
mean y : 249.00
mean E_x^2 : 0.40
mean E_y^2 : 0.80
mean E_xy^2 : 0.40
theta : -0.51
average greyscal : 28.80
average RGB [43.40,33.60,10.60]
(4 1)(16 1)(24 1)(47 1)(53 1)
