NUMBER OF AREAS : 1
---area label--- : 1
area size : 647
mean x : 201.16
mean y : 233.43
mean E_x^2 : 175.20
mean E_y^2 : 39.35
mean E_xy^2 : -5.39
theta : 0.78
average greyscal : 62.38
average RGB [58.92,60.10,69.14]
(3 1)(6 1)(7 1)(9 2)(10 2)(11 1)(13 4)(14 3)(15 3)(16 2)(17 5)(18 2)(19 4)(20 2)(21 2)(22 1)(23 3)(24 9)(25 12)(26 9)(27 17)(28 9)(29 7)(30 16)(31 19)(32 20)(33 19)(34 14)(35 10)(36 5)(37 12)(38 11)(39 12)(40 14)(41 5)(42 4)(43 4)(44 7)(45 3)(46 6)(47 5)(48 8)(49 4)(50 6)(51 7)(52 4)(53 8)(54 8)(55 8)(56 8)(57 10)(58 7)(59 10)(60 5)(61 10)(62 8)(63 10)(64 11)(65 8)(66 9)(67 8)(68 10)(69 9)(70 6)(71 9)(72 3)(73 9)(74 5)(75 4)(76 4)(77 6)(78 7)(79 9)(80 1)(81 2)(82 2)(83 1)(84 5)(85 2)(86 1)(87 3)(88 2)(89 2)(90 2)(91 1)(92 3)(93 3)(94 2)(97 1)(98 2)(101 4)(102 1)(106 2)(108 3)(109 3)(113 1)(114 1)(115 3)(116 1)(117 2)(118 1)(119 1)(121 1)(123 2)(128 1)(129 1)(132 3)(133 1)(136 1)(139 1)(144 1)(145 1)(147 1)(149 1)(150 1)(153 1)(155 1)(156 1)(158 1)(159 2)(160 1)(161 1)(163 2)(165 3)(168 1)(170 2)(172 1)(173 1)(177 1)(179 2)(180 1)(181 2)(182 1)(184 1)(185 1)(186 1)(187 1)(190 3)(191 1)(192 1)(193 1)(194 2)(199 2)(201 1)(205 4)(207 3)
