NUMBER OF AREAS : 3
---area label--- : 1
area size : 193
mean x : 79.70
mean y : 97.35
mean E_x^2 : 48.40
mean E_y^2 : 26.27
mean E_xy^2 : 31.10
theta : 0.78
average greyscal : 38.42
average RGB [41.81,34.18,40.13]
(0 1)(1 1)(3 1)(4 1)(6 1)(9 1)(10 1)(11 2)(12 2)(13 1)(15 3)(16 1)(17 2)(18 6)(19 6)(20 4)(21 3)(22 4)(23 4)(24 4)(25 3)(26 7)(27 4)(28 5)(29 6)(30 1)(31 7)(32 8)(33 8)(34 11)(35 4)(36 7)(37 6)(38 3)(39 3)(40 3)(41 3)(42 3)(44 5)(45 2)(46 1)(47 1)(48 2)(51 1)(52 2)(54 1)(56 1)(57 1)(58 2)(60 1)(61 2)(62 1)(64 2)(66 1)(67 2)(68 5)(73 3)(75 1)(76 1)(77 1)(79 2)(82 1)(87 1)(96 2)(97 1)(99 1)(100 1)(102 1)(104 1)(111 1)(125 1)
---area label--- : 2
area size : 782
mean x : 207.41
mean y : 186.78
mean E_x^2 : 154.07
mean E_y^2 : 41.00
mean E_xy^2 : 37.82
theta : 0.78
average greyscal : 51.45
average RGB [41.40,51.08,62.89]
(0 2)(8 1)(10 1)(11 1)(12 4)(13 1)(14 2)(15 3)(16 3)(17 4)(18 3)(19 4)(20 4)(21 4)(22 2)(23 5)(24 14)(25 10)(26 17)(27 11)(28 14)(29 17)(30 13)(31 25)(32 25)(33 24)(34 19)(35 18)(36 12)(37 12)(38 15)(39 9)(40 10)(41 13)(42 15)(43 9)(44 8)(45 6)(46 4)(47 9)(48 11)(49 9)(50 15)(51 10)(52 17)(53 10)(54 14)(55 14)(56 20)(57 11)(58 10)(59 11)(60 15)(61 9)(62 16)(63 9)(64 12)(65 13)(66 4)(67 8)(68 14)(69 9)(70 6)(71 10)(72 8)(73 8)(74 11)(75 6)(76 3)(77 4)(78 2)(79 5)(80 5)(81 5)(82 6)(83 4)(84 6)(85 4)(86 1)(87 2)(88 2)(90 6)(91 3)(92 2)(93 1)(94 2)(95 2)(98 2)(100 5)(102 2)(103 3)(105 1)(109 3)(110 1)(115 1)(117 1)(121 1)(124 2)(127 1)(131 1)(133 1)(140 1)(143 1)(145 1)(149 1)(150 1)(152 1)(155 1)(170 1)(176 1)
---area label--- : 3
area size : 5
mean x : 197.00
mean y : 205.00
mean E_x^2 : 0.40
mean E_y^2 : 0.80
mean E_xy^2 : 0.40
theta : -0.51
average greyscal : 119.60
average RGB [134.40,116.80,108.40]
(71 1)(88 1)(126 1)(136 1)(177 1)
