NUMBER OF AREAS : 5
---area label--- : 1
area size : 86
mean x : 81.90
mean y : 95.21
mean E_x^2 : 21.09
mean E_y^2 : 24.98
mean E_xy^2 : 18.30
theta : -0.78
average greyscal : 36.31
average RGB [41.62,30.97,37.21]
(1 1)(3 1)(4 1)(5 2)(6 3)(7 1)(8 1)(11 1)(12 2)(13 3)(14 1)(15 2)(16 1)(18 1)(19 2)(20 1)(21 1)(22 1)(23 2)(24 2)(25 3)(26 1)(27 1)(28 2)(30 3)(31 1)(32 1)(36 2)(37 2)(39 2)(40 1)(41 3)(42 1)(43 3)(44 2)(45 1)(48 1)(50 3)(51 2)(53 2)(55 2)(56 2)(58 1)(59 2)(60 1)(62 1)(64 1)(65 1)(66 1)(69 1)(70 1)(77 1)(83 1)(84 1)(96 1)(97 1)
---area label--- : 2
area size : 725
mean x : 213.24
mean y : 195.32
mean E_x^2 : 197.38
mean E_y^2 : 62.06
mean E_xy^2 : 92.05
theta : 0.78
average greyscal : 51.65
average RGB [44.85,50.92,60.30]
(1 1)(4 1)(5 1)(6 2)(7 3)(10 1)(12 1)(13 2)(14 1)(15 3)(16 2)(17 1)(18 3)(19 10)(20 3)(21 6)(22 4)(23 17)(24 12)(25 25)(26 21)(27 21)(28 15)(29 14)(30 13)(31 21)(32 16)(33 12)(34 10)(35 11)(36 7)(37 10)(38 5)(39 6)(40 7)(41 11)(42 7)(43 2)(44 7)(45 4)(46 10)(47 1)(48 13)(49 9)(50 12)(51 8)(52 14)(53 14)(54 14)(55 14)(56 9)(57 15)(58 7)(59 6)(60 6)(61 9)(62 10)(63 11)(64 9)(65 9)(66 10)(67 3)(68 7)(69 6)(70 14)(71 8)(72 5)(73 9)(74 10)(75 10)(76 7)(77 3)(78 5)(79 2)(80 4)(81 6)(82 4)(83 2)(84 2)(85 4)(86 4)(87 10)(88 4)(89 5)(90 5)(91 5)(92 1)(93 4)(94 3)(95 4)(96 9)(97 7)(98 1)(99 4)(100 2)(103 2)(104 2)(105 1)(107 5)(108 2)(110 1)(111 1)(112 1)(132 1)(150 1)
---area label--- : 3
area size : 15
mean x : 181.87
mean y : 188.40
mean E_x^2 : 0.78
mean E_y^2 : 2.51
mean E_xy^2 : 0.72
theta : -0.58
average greyscal : 103.93
average RGB [125.00,97.93,89.87]
(80 1)(83 1)(86 1)(88 1)(95 2)(98 1)(100 1)(102 1)(105 1)(107 1)(109 1)(118 1)(123 1)(170 1)
---area label--- : 4
area size : 5
mean x : 190.00
mean y : 195.00
mean E_x^2 : 0.40
mean E_y^2 : 0.80
mean E_xy^2 : 0.40
theta : -0.51
average greyscal : 90.20
average RGB [106.60,73.00,93.00]
(58 1)(81 1)(94 1)(103 1)(115 1)
---area label--- : 5
area size : 32
mean x : 193.69
mean y : 204.94
mean E_x^2 : 3.65
mean E_y^2 : 1.81
mean E_xy^2 : 0.39
theta : 0.72
average greyscal : 140.00
average RGB [136.06,141.50,143.44]
(17 1)(18 1)(62 1)(94 1)(95 1)(104 1)(117 1)(124 1)(130 1)(137 1)(142 1)(148 1)(152 1)(156 1)(159 1)(160 3)(161 2)(162 1)(163 2)(164 2)(168 1)(171 2)(173 1)(174 1)(175 2)
