NUMBER OF AREAS : 3
---area label--- : 1
area size : 139
mean x : 82.75
mean y : 97.47
mean E_x^2 : 23.14
mean E_y^2 : 30.42
mean E_xy^2 : 21.05
theta : -0.78
average greyscal : 46.19
average RGB [50.26,41.42,47.94]
(0 1)(1 2)(2 1)(3 3)(5 2)(6 5)(8 3)(9 4)(10 3)(11 2)(12 1)(13 5)(14 2)(17 3)(18 1)(19 4)(20 1)(22 2)(25 1)(26 2)(29 2)(30 1)(32 1)(33 1)(34 4)(35 1)(36 2)(39 3)(40 1)(41 3)(42 1)(43 4)(44 2)(45 1)(47 3)(48 1)(49 2)(50 2)(51 3)(52 1)(53 6)(54 2)(55 1)(56 2)(57 3)(58 3)(59 2)(60 1)(61 4)(63 1)(66 1)(67 1)(68 1)(75 2)(78 1)(80 1)(84 2)(90 1)(92 1)(94 1)(96 1)(98 1)(102 1)(103 1)(107 2)(120 1)(128 1)(130 2)(139 1)(145 1)(149 1)(156 1)(163 1)
---area label--- : 2
area size : 857
mean x : 214.77
mean y : 203.17
mean E_x^2 : 201.73
mean E_y^2 : 43.80
mean E_xy^2 : 52.05
theta : 0.78
average greyscal : 54.01
average RGB [45.64,53.67,63.69]
(0 3)(1 1)(2 1)(3 1)(4 3)(5 2)(6 1)(7 4)(8 2)(9 2)(10 2)(11 2)(12 3)(14 2)(15 3)(16 2)(17 7)(18 2)(19 4)(20 10)(21 7)(22 4)(23 6)(24 5)(25 21)(26 14)(27 11)(28 16)(29 12)(30 16)(31 18)(32 20)(33 8)(34 9)(35 11)(36 7)(37 11)(38 14)(39 12)(40 13)(41 7)(42 21)(43 7)(44 7)(45 13)(46 14)(47 19)(48 13)(49 15)(50 12)(51 14)(52 13)(53 10)(54 21)(55 23)(56 17)(57 19)(58 12)(59 15)(60 9)(61 19)(62 7)(63 16)(64 8)(65 13)(66 8)(67 8)(68 6)(69 3)(70 9)(71 9)(72 4)(73 5)(74 4)(75 7)(76 6)(77 4)(78 4)(79 5)(80 3)(81 6)(82 6)(83 4)(84 4)(85 6)(86 7)(87 7)(88 4)(89 3)(90 7)(91 5)(92 4)(93 3)(94 1)(95 2)(96 3)(97 2)(98 3)(99 3)(100 4)(101 1)(102 4)(103 4)(104 5)(105 3)(109 1)(110 1)(111 1)(115 1)(116 2)(117 6)(118 1)(119 1)(120 1)(122 1)(123 1)(124 2)(126 2)(127 1)(128 1)(135 1)(137 1)(140 1)(142 1)(147 1)(152 1)(159 1)(163 1)(166 1)(179 1)(182 1)(194 1)
---area label--- : 3
area size : 5
mean x : 196.00
mean y : 215.00
mean E_x^2 : 0.40
mean E_y^2 : 0.80
mean E_xy^2 : 0.40
theta : -0.51
average greyscal : 107.00
average RGB [97.20,95.40,129.00]
(51 1)(59 1)(107 1)(120 1)(198 1)
