NUMBER OF AREAS : 2
---area label--- : 1
area size : 39
mean x : 86.56
mean y : 71.87
mean E_x^2 : 3.73
mean E_y^2 : 4.88
mean E_xy^2 : 2.71
theta : -0.77
average greyscal : 26.36
average RGB [22.87,27.85,29.79]
(4 2)(7 1)(11 1)(13 1)(15 1)(16 1)(17 1)(18 2)(19 3)(20 3)(21 1)(22 2)(23 1)(24 2)(25 1)(26 2)(27 1)(28 1)(30 1)(31 1)(32 1)(34 1)(35 1)(36 1)(41 2)(45 1)(49 1)(64 1)(82 1)
---area label--- : 2
area size : 677
mean x : 160.29
mean y : 134.41
mean E_x^2 : 150.41
mean E_y^2 : 47.06
mean E_xy^2 : 53.93
theta : 0.78
average greyscal : 49.99
average RGB [41.42,49.50,60.14]
(0 4)(1 5)(2 6)(3 4)(4 4)(5 6)(6 2)(7 4)(8 2)(9 4)(10 3)(11 3)(12 6)(13 2)(14 3)(15 3)(16 6)(17 6)(18 3)(19 4)(20 3)(21 7)(22 6)(23 7)(24 11)(25 12)(26 9)(27 11)(28 12)(29 11)(30 16)(31 14)(32 12)(33 12)(34 9)(35 11)(36 11)(37 6)(38 8)(39 8)(40 8)(41 6)(42 4)(43 4)(44 6)(45 7)(46 10)(47 9)(48 11)(49 9)(50 7)(51 8)(52 10)(53 15)(54 12)(55 8)(56 11)(57 13)(58 10)(59 7)(60 9)(61 7)(62 11)(63 6)(64 11)(65 4)(66 9)(67 12)(68 8)(69 12)(70 8)(71 4)(72 5)(73 4)(74 2)(75 4)(76 8)(77 9)(78 6)(79 3)(80 4)(81 1)(82 4)(83 1)(84 1)(85 3)(86 3)(87 1)(88 2)(89 5)(90 7)(91 2)(92 4)(93 3)(94 2)(95 1)(96 3)(99 3)(100 5)(101 2)(102 1)(106 1)(107 2)(109 2)(110 1)(111 1)(113 1)(117 1)(119 1)(120 1)(122 1)(123 1)(124 2)(134 2)(136 1)(137 1)(148 2)(168 2)(175 1)(177 1)(181 1)
