NUMBER OF AREAS : 3
---area label--- : 1
area size : 552
mean x : 145.28
mean y : 121.90
mean E_x^2 : 149.11
mean E_y^2 : 41.65
mean E_xy^2 : 58.79
theta : 0.78
average greyscal : 52.44
average RGB [43.93,53.08,61.30]
(0 1)(1 2)(2 1)(3 1)(4 6)(5 1)(6 4)(7 2)(8 2)(9 2)(10 3)(11 4)(12 1)(13 4)(14 4)(15 3)(16 4)(17 3)(18 5)(19 2)(20 5)(21 2)(22 10)(23 6)(24 5)(25 5)(26 9)(27 8)(28 5)(29 11)(30 16)(31 21)(32 11)(33 8)(34 8)(35 10)(36 8)(37 7)(38 11)(39 11)(40 4)(41 4)(42 9)(43 6)(44 6)(45 4)(46 5)(47 8)(48 4)(49 14)(50 5)(51 6)(52 5)(53 5)(54 11)(55 4)(56 8)(57 4)(58 5)(59 10)(60 5)(61 3)(62 8)(63 9)(64 11)(65 3)(66 5)(67 7)(68 3)(69 2)(70 7)(71 9)(72 3)(73 3)(74 6)(75 7)(76 1)(77 5)(78 4)(79 1)(80 7)(81 4)(82 3)(84 6)(85 3)(86 6)(87 7)(88 1)(89 1)(91 3)(92 2)(95 1)(96 4)(97 2)(98 4)(99 1)(103 2)(105 2)(107 3)(108 1)(109 2)(111 1)(112 2)(116 2)(118 1)(130 1)(133 1)(134 2)(136 1)(150 1)(151 1)(154 2)(155 2)(157 1)(159 1)(161 2)(163 2)(164 1)(177 1)(179 1)
---area label--- : 2
area size : 5
mean x : 156.00
mean y : 118.00
mean E_x^2 : 0.40
mean E_y^2 : 0.80
mean E_xy^2 : 0.40
theta : -0.51
average greyscal : 82.40
average RGB [88.80,83.40,75.80]
(70 1)(75 1)(86 1)(87 1)(94 1)
---area label--- : 3
area size : 5
mean x : 105.00
mean y : 266.00
mean E_x^2 : 0.40
mean E_y^2 : 0.80
mean E_xy^2 : 0.40
theta : -0.51
average greyscal : 132.40
average RGB [181.20,128.60,88.80]
(87 1)(96 1)(140 1)(164 1)(175 1)
