NUMBER OF AREAS : 2
---area label--- : 1
area size : 677
mean x : 156.08
mean y : 126.04
mean E_x^2 : 129.28
mean E_y^2 : 52.21
mean E_xy^2 : 46.97
theta : 0.78
average greyscal : 50.93
average RGB [43.52,50.85,59.44]
(0 1)(1 2)(2 1)(3 3)(4 1)(5 7)(6 3)(7 5)(8 5)(9 2)(10 4)(11 3)(12 3)(13 5)(14 4)(15 4)(16 2)(17 3)(18 3)(19 4)(20 6)(21 5)(22 10)(23 3)(24 8)(25 12)(26 16)(27 10)(28 13)(29 12)(30 14)(31 13)(32 12)(33 13)(34 20)(35 6)(36 8)(37 10)(38 7)(39 15)(40 10)(41 9)(42 8)(43 3)(44 9)(45 10)(46 12)(47 12)(48 6)(49 13)(50 8)(51 8)(52 15)(53 7)(54 10)(55 12)(56 12)(57 14)(58 12)(59 12)(60 8)(61 3)(62 8)(63 11)(64 6)(65 4)(66 3)(67 5)(68 5)(69 4)(70 3)(71 1)(73 4)(74 4)(75 6)(76 3)(77 9)(78 2)(79 4)(80 4)(81 3)(82 7)(84 5)(85 6)(86 4)(87 1)(88 3)(89 6)(90 6)(91 2)(92 1)(93 4)(94 2)(95 2)(96 1)(97 4)(98 1)(99 3)(100 3)(101 2)(102 1)(105 1)(106 1)(107 1)(108 1)(109 1)(110 1)(115 1)(120 1)(123 1)(125 1)(126 1)(130 1)(133 1)(137 1)(139 1)(140 4)(141 2)(145 2)(147 1)(148 1)(151 1)(153 1)(159 2)(161 2)(166 1)(189 1)
---area label--- : 2
area size : 5
mean x : 153.00
mean y : 146.00
mean E_x^2 : 0.40
mean E_y^2 : 0.80
mean E_xy^2 : 0.40
theta : -0.51
average greyscal : 69.80
average RGB [80.80,64.00,65.20]
(51 1)(65 1)(68 1)(81 1)(84 1)
