NUMBER OF AREAS : 2
---area label--- : 1
area size : 223
mean x : 145.83
mean y : 161.25
mean E_x^2 : 15.47
mean E_y^2 : 24.17
mean E_xy^2 : -4.85
theta : -0.78
average greyscal : 63.20
average RGB [65.74,61.98,62.79]
(5 1)(9 1)(18 1)(25 1)(28 1)(29 1)(34 2)(35 1)(36 1)(37 1)(39 3)(40 2)(41 2)(42 4)(43 4)(44 2)(45 1)(46 4)(47 2)(48 5)(49 5)(50 2)(51 5)(52 9)(53 5)(54 4)(55 3)(56 2)(57 4)(58 6)(59 5)(60 3)(61 8)(62 7)(63 6)(64 10)(65 9)(66 8)(67 7)(68 7)(69 7)(70 7)(71 6)(72 4)(73 5)(74 3)(75 3)(76 1)(77 1)(78 1)(79 3)(81 1)(82 1)(83 2)(84 1)(86 1)(87 1)(88 1)(91 1)(94 1)(95 1)(96 1)(97 2)(99 1)(100 2)(104 1)(105 1)(107 1)(108 1)(111 1)(112 1)(114 1)(115 1)(121 1)(152 1)
---area label--- : 2
area size : 5
mean x : 89.00
mean y : 249.00
mean E_x^2 : 0.40
mean E_y^2 : 0.80
mean E_xy^2 : 0.40
theta : -0.51
average greyscal : 30.80
average RGB [46.00,25.60,21.80]
(14 2)(26 1)(27 1)(73 1)
