NUMBER OF AREAS : 1
---area label--- : 1
area size : 380
mean x : 103.36
mean y : 124.55
mean E_x^2 : 79.52
mean E_y^2 : 28.87
mean E_xy^2 : 28.63
theta : 0.78
average greyscal : 62.46
average RGB [70.38,57.82,60.09]
(0 2)(1 1)(2 2)(3 1)(4 1)(6 1)(7 2)(8 2)(9 2)(11 2)(12 1)(13 1)(14 2)(15 7)(16 2)(17 6)(18 1)(19 1)(20 2)(21 1)(22 1)(23 1)(24 2)(25 3)(26 1)(27 3)(28 3)(29 2)(31 2)(32 2)(33 1)(34 2)(35 3)(36 1)(37 6)(38 6)(39 6)(40 5)(41 3)(42 4)(43 1)(45 6)(46 5)(47 11)(48 3)(49 4)(50 8)(51 7)(52 5)(53 3)(54 2)(55 4)(56 5)(57 2)(58 5)(59 4)(60 3)(61 4)(62 4)(63 2)(64 6)(65 12)(66 15)(67 18)(68 15)(69 8)(70 10)(71 6)(72 3)(73 6)(74 3)(75 1)(76 4)(77 3)(78 1)(79 1)(81 4)(82 4)(83 3)(84 2)(85 1)(86 2)(87 2)(88 1)(89 4)(90 1)(91 1)(93 2)(94 1)(96 2)(97 2)(98 1)(99 1)(100 5)(103 3)(104 2)(105 1)(106 1)(108 2)(109 4)(111 1)(114 2)(115 3)(116 3)(118 1)(119 1)(121 1)(122 1)(123 1)(124 1)(128 1)(130 1)(132 1)(136 1)(137 1)(140 1)(144 1)(145 1)(146 1)(147 1)(150 2)(154 1)(158 1)(174 1)(176 1)
