NUMBER OF AREAS : 1
---area label--- : 1
area size : 92
mean x : 86.28
mean y : 91.71
mean E_x^2 : 19.27
mean E_y^2 : 18.73
mean E_xy^2 : 16.57
theta : 0.79
average greyscal : 39.34
average RGB [42.03,36.61,40.20]
(0 2)(3 1)(5 1)(6 1)(9 1)(10 2)(11 1)(13 2)(15 1)(16 2)(17 4)(18 1)(19 2)(21 1)(22 2)(24 2)(26 2)(27 2)(28 2)(29 2)(30 2)(32 2)(34 3)(35 2)(36 2)(38 3)(39 2)(40 1)(41 4)(43 2)(45 4)(46 3)(47 1)(48 1)(50 2)(51 1)(52 5)(54 2)(57 1)(59 1)(61 2)(64 1)(66 1)(68 1)(70 2)(73 1)(87 2)(93 1)(95 1)(115 1)(127 1)
