NUMBER OF AREAS : 2
---area label--- : 1
area size : 31
mean x : 83.19
mean y : 88.32
mean E_x^2 : 3.96
mean E_y^2 : 3.77
mean E_xy^2 : 2.87
theta : 0.78
average greyscal : 29.97
average RGB [32.77,25.74,32.61]
(0 1)(2 1)(4 1)(8 1)(11 2)(15 2)(19 2)(21 1)(22 1)(23 1)(25 1)(26 1)(27 3)(31 1)(34 2)(36 1)(39 3)(46 1)(57 1)(59 1)(61 2)(91 1)
---area label--- : 2
area size : 523
mean x : 168.07
mean y : 122.98
mean E_x^2 : 103.77
mean E_y^2 : 74.87
mean E_xy^2 : 66.18
theta : 0.78
average greyscal : 50.04
average RGB [43.85,48.47,58.82]
(0 1)(1 1)(2 1)(3 3)(5 4)(6 3)(7 3)(8 3)(9 2)(10 5)(11 3)(12 5)(13 2)(14 1)(15 5)(16 4)(17 1)(18 5)(19 2)(20 3)(21 3)(22 5)(23 8)(24 9)(25 13)(26 9)(27 12)(28 4)(29 10)(30 11)(31 7)(32 5)(33 13)(34 9)(35 10)(36 13)(37 4)(38 8)(39 5)(40 5)(41 8)(42 5)(43 6)(44 3)(45 3)(46 9)(47 6)(48 6)(49 3)(50 2)(51 4)(52 7)(53 6)(54 9)(55 8)(56 7)(57 12)(58 10)(59 10)(60 6)(61 6)(62 8)(63 9)(64 7)(65 9)(66 12)(67 12)(68 9)(69 5)(70 4)(71 3)(72 4)(73 3)(74 5)(75 7)(76 1)(77 1)(79 4)(80 2)(81 3)(82 1)(83 6)(84 5)(85 2)(86 1)(87 2)(88 1)(90 1)(93 1)(95 1)(96 4)(97 1)(98 3)(99 1)(101 1)(102 2)(103 2)(105 2)(106 1)(107 2)(108 1)(109 1)(110 1)(113 1)(115 1)(117 1)(120 2)(123 1)(124 2)(125 1)(126 2)(127 1)(134 1)(136 1)(149 1)(154 1)
