NUMBER OF AREAS : 3
---area label--- : 1
area size : 273
mean x : 89.17
mean y : 132.81
mean E_x^2 : 76.66
mean E_y^2 : 23.38
mean E_xy^2 : 35.57
theta : 0.78
average greyscal : 44.60
average RGB [51.85,39.16,43.78]
(0 2)(1 3)(2 2)(3 4)(4 4)(5 2)(6 4)(7 2)(9 3)(12 2)(13 1)(14 2)(15 3)(16 2)(18 4)(19 5)(20 1)(22 3)(23 3)(24 6)(25 5)(26 4)(27 4)(28 4)(29 5)(30 7)(31 9)(32 6)(33 8)(34 6)(35 4)(36 6)(37 7)(38 6)(39 4)(40 7)(41 4)(42 1)(43 2)(44 6)(45 5)(46 8)(47 6)(49 2)(51 1)(52 10)(53 5)(54 2)(55 5)(57 1)(58 4)(59 1)(60 4)(61 2)(62 3)(63 2)(64 2)(65 3)(66 2)(67 2)(69 1)(72 1)(76 1)(77 2)(78 3)(81 2)(82 1)(83 1)(84 1)(88 1)(90 1)(91 1)(92 2)(93 1)(97 2)(102 1)(103 1)(104 2)(105 1)(106 1)(112 1)(115 1)(116 1)(118 2)(121 1)(129 1)(130 1)(132 1)(134 1)(138 1)(153 1)(180 1)
---area label--- : 2
area size : 223
mean x : 145.83
mean y : 161.25
mean E_x^2 : 15.47
mean E_y^2 : 24.17
mean E_xy^2 : -4.85
theta : -0.78
average greyscal : 62.96
average RGB [65.06,62.09,62.88]
(11 1)(14 1)(15 1)(21 1)(23 1)(28 1)(31 1)(32 1)(34 1)(35 1)(36 1)(38 1)(39 1)(40 3)(41 3)(42 3)(43 4)(44 4)(46 5)(47 7)(49 1)(50 3)(51 7)(52 5)(53 7)(54 5)(55 4)(56 2)(57 4)(58 1)(59 9)(60 3)(61 6)(62 6)(63 10)(64 7)(65 14)(66 12)(67 4)(68 7)(69 8)(70 4)(71 6)(72 6)(73 7)(74 2)(76 1)(77 2)(78 1)(82 3)(83 2)(89 3)(92 1)(96 1)(97 1)(99 1)(101 2)(102 2)(103 1)(104 2)(106 1)(108 2)(109 1)(110 1)(112 1)(118 1)(151 1)
---area label--- : 3
area size : 5
mean x : 89.00
mean y : 249.00
mean E_x^2 : 0.40
mean E_y^2 : 0.80
mean E_xy^2 : 0.40
theta : -0.51
average greyscal : 42.20
average RGB [44.00,35.60,47.60]
(13 1)(29 1)(37 1)(53 1)(79 1)
