NUMBER OF AREAS : 1
---area label--- : 1
area size : 138
mean x : 86.29
mean y : 95.79
mean E_x^2 : 29.16
mean E_y^2 : 27.46
mean E_xy^2 : 22.58
theta : 0.78
average greyscal : 44.02
average RGB [47.14,39.99,45.83]
(1 1)(2 3)(3 2)(4 3)(5 5)(8 3)(9 2)(10 4)(11 1)(12 2)(13 2)(14 2)(15 1)(16 2)(17 1)(19 3)(21 2)(22 1)(23 1)(25 2)(26 2)(27 1)(31 6)(33 1)(35 2)(36 2)(37 1)(39 1)(40 2)(41 1)(45 1)(46 4)(47 5)(48 3)(49 1)(50 6)(51 2)(52 3)(53 3)(54 4)(55 3)(56 2)(57 2)(58 6)(59 3)(60 5)(62 2)(63 1)(64 2)(66 3)(69 1)(75 1)(77 1)(78 1)(85 1)(86 1)(89 1)(95 1)(98 1)(117 1)(137 1)(147 1)(158 1)(159 1)(170 1)
