NUMBER OF AREAS : 1
---area label--- : 1
area size : 449
mean x : 110.70
mean y : 133.76
mean E_x^2 : 94.31
mean E_y^2 : 34.62
mean E_xy^2 : 39.51
theta : 0.78
average greyscal : 62.78
average RGB [70.10,56.56,62.54]
(0 1)(1 2)(2 1)(3 3)(5 3)(6 1)(7 3)(9 1)(12 1)(13 1)(14 2)(15 5)(17 1)(18 4)(19 5)(20 3)(21 2)(22 2)(23 2)(25 4)(26 2)(27 4)(28 5)(29 2)(30 5)(31 1)(32 7)(33 2)(34 7)(35 11)(36 3)(37 6)(38 7)(39 4)(40 7)(41 3)(42 4)(43 8)(44 4)(45 3)(46 10)(47 4)(48 9)(49 11)(50 7)(51 4)(52 4)(53 7)(54 7)(55 6)(56 1)(57 5)(58 3)(59 2)(60 6)(61 2)(62 2)(63 9)(64 6)(65 4)(66 9)(67 8)(68 11)(69 3)(70 6)(71 14)(72 11)(73 11)(74 10)(75 6)(76 3)(77 1)(78 1)(79 1)(80 2)(81 3)(82 3)(83 1)(84 2)(85 3)(86 2)(87 1)(88 1)(89 2)(90 3)(91 2)(92 1)(93 4)(94 3)(95 1)(96 2)(97 1)(98 3)(100 2)(101 2)(102 3)(103 1)(104 3)(106 1)(108 1)(109 1)(110 2)(111 5)(114 3)(115 3)(116 1)(117 1)(119 2)(120 3)(122 1)(123 4)(124 2)(125 1)(126 2)(130 1)(132 1)(133 1)(134 1)(135 1)(141 1)(145 1)(149 3)(157 2)(161 2)(169 3)(172 1)(188 1)
