NUMBER OF AREAS : 3
---area label--- : 1
area size : 325
mean x : 98.58
mean y : 151.08
mean E_x^2 : 101.71
mean E_y^2 : 24.50
mean E_xy^2 : 41.42
theta : 0.78
average greyscal : 47.35
average RGB [52.52,42.53,48.02]
(0 6)(1 2)(2 2)(3 4)(4 3)(5 1)(6 2)(7 1)(8 3)(9 3)(10 3)(12 2)(13 4)(14 1)(15 1)(16 1)(17 3)(18 5)(19 3)(20 1)(21 2)(23 4)(24 4)(25 3)(26 1)(27 7)(28 4)(29 5)(30 9)(31 7)(32 9)(33 3)(34 10)(35 8)(36 4)(37 3)(38 10)(39 7)(40 7)(41 9)(42 6)(43 3)(44 1)(45 11)(46 5)(47 3)(48 3)(49 6)(50 3)(51 5)(52 9)(53 3)(54 6)(55 5)(56 4)(57 2)(58 4)(59 6)(60 3)(61 1)(62 1)(63 4)(64 3)(65 4)(66 1)(67 1)(68 3)(70 2)(71 2)(72 2)(74 1)(76 3)(77 1)(80 2)(84 1)(86 1)(88 1)(89 1)(92 1)(95 1)(96 2)(98 1)(99 1)(100 2)(102 1)(103 3)(104 1)(110 3)(111 2)(115 2)(116 1)(117 1)(118 1)(120 1)(121 1)(128 1)(129 2)(130 1)(136 1)(148 1)(150 1)(155 1)(184 1)(192 1)
---area label--- : 2
area size : 224
mean x : 145.86
mean y : 161.26
mean E_x^2 : 15.58
mean E_y^2 : 24.20
mean E_xy^2 : -4.78
theta : -0.78
average greyscal : 63.68
average RGB [66.95,61.99,63.11]
(1 1)(8 1)(17 2)(21 1)(22 1)(34 1)(35 2)(36 1)(38 1)(39 1)(41 2)(42 2)(43 5)(44 5)(45 3)(46 2)(47 6)(48 6)(49 3)(50 5)(51 4)(52 5)(53 5)(54 3)(55 2)(56 1)(57 1)(58 4)(59 4)(60 4)(61 7)(62 4)(63 9)(64 13)(65 5)(66 19)(67 11)(68 5)(69 7)(70 4)(71 7)(72 5)(73 2)(74 4)(75 3)(76 3)(77 1)(78 1)(79 1)(80 2)(81 1)(83 1)(84 1)(87 1)(88 2)(89 1)(93 1)(94 1)(95 1)(97 2)(98 1)(99 2)(101 1)(103 1)(105 1)(106 1)(108 1)(109 1)(110 3)(113 1)(114 1)(145 1)
---area label--- : 3
area size : 5
mean x : 89.00
mean y : 249.00
mean E_x^2 : 0.40
mean E_y^2 : 0.80
mean E_xy^2 : 0.40
theta : -0.51
average greyscal : 40.20
average RGB [50.00,49.80,22.00]
(4 1)(37 1)(38 1)(51 1)(71 1)
