NUMBER OF AREAS : 2
---area label--- : 1
area size : 141
mean x : 82.86
mean y : 97.87
mean E_x^2 : 24.42
mean E_y^2 : 33.06
mean E_xy^2 : 22.27
theta : -0.78
average greyscal : 46.29
average RGB [49.18,43.43,47.27]
(0 5)(1 2)(2 1)(3 1)(4 2)(5 2)(6 5)(8 2)(9 1)(10 2)(11 2)(12 4)(15 1)(16 3)(18 1)(19 3)(20 2)(21 1)(22 1)(23 1)(25 2)(27 1)(28 2)(29 1)(30 3)(31 5)(32 1)(33 1)(35 1)(36 1)(38 3)(39 1)(40 1)(41 2)(42 1)(43 3)(44 2)(45 4)(46 3)(47 2)(48 3)(49 2)(50 2)(51 1)(52 2)(54 1)(55 3)(56 3)(57 3)(58 3)(59 1)(60 4)(61 1)(62 5)(63 1)(64 3)(72 1)(74 1)(87 1)(91 1)(92 2)(100 1)(101 1)(106 1)(111 1)(112 1)(130 1)(134 1)(136 1)(143 2)(144 1)(148 1)(149 1)(152 1)(153 1)
---area label--- : 2
area size : 888
mean x : 214.84
mean y : 203.76
mean E_x^2 : 196.39
mean E_y^2 : 46.25
mean E_xy^2 : 49.58
theta : 0.78
average greyscal : 53.80
average RGB [44.80,53.23,64.43]
(1 3)(3 2)(4 3)(5 2)(6 1)(7 3)(8 2)(9 2)(10 1)(11 4)(12 2)(13 3)(14 4)(15 2)(16 3)(17 1)(18 12)(19 6)(20 8)(21 6)(22 2)(23 8)(24 12)(25 22)(26 13)(27 14)(28 13)(29 14)(30 17)(31 20)(32 24)(33 16)(34 9)(35 8)(36 15)(37 10)(38 7)(39 11)(40 6)(41 10)(42 10)(43 14)(44 9)(45 5)(46 11)(47 20)(48 10)(49 15)(50 13)(51 13)(52 15)(53 17)(54 13)(55 19)(56 27)(57 10)(58 12)(59 18)(60 17)(61 15)(62 10)(63 16)(64 14)(65 10)(66 12)(67 8)(68 8)(69 9)(70 7)(71 3)(72 11)(73 6)(75 4)(76 4)(77 6)(78 5)(79 4)(80 9)(81 2)(82 7)(83 12)(84 2)(85 3)(86 6)(87 3)(88 6)(89 3)(90 9)(92 4)(93 4)(94 4)(95 5)(96 2)(97 3)(99 3)(100 2)(101 1)(102 10)(103 3)(104 4)(105 2)(106 6)(107 2)(108 2)(109 1)(110 1)(111 1)(112 1)(113 1)(114 1)(117 1)(121 1)(122 1)(123 1)(124 1)(125 1)(127 1)(128 1)(129 1)(130 1)(134 1)(139 1)(141 1)(145 1)(152 1)(154 1)(158 1)(161 1)(162 1)(189 1)(191 1)(195 1)
