NUMBER OF AREAS : 3
---area label--- : 1
area size : 657
mean x : 156.03
mean y : 127.18
mean E_x^2 : 131.01
mean E_y^2 : 48.41
mean E_xy^2 : 49.89
theta : 0.78
average greyscal : 50.79
average RGB [43.46,49.64,60.21]
(0 1)(1 2)(2 5)(4 2)(5 6)(7 2)(8 4)(9 4)(10 2)(11 2)(12 3)(13 2)(14 1)(16 2)(17 6)(18 3)(20 4)(21 9)(22 4)(23 10)(24 10)(25 8)(26 7)(27 12)(28 15)(29 12)(30 15)(31 18)(32 21)(33 16)(34 15)(35 12)(36 10)(37 7)(38 8)(39 15)(40 7)(41 8)(42 8)(43 9)(44 5)(45 7)(46 7)(47 6)(48 10)(49 8)(50 5)(51 12)(52 15)(53 8)(54 12)(55 9)(56 11)(57 9)(58 7)(59 9)(60 12)(61 9)(62 9)(63 13)(64 5)(65 8)(66 3)(67 4)(68 5)(69 5)(70 3)(71 6)(72 4)(73 5)(74 3)(75 3)(76 1)(77 4)(78 2)(79 3)(80 4)(81 5)(82 3)(83 3)(84 8)(85 3)(86 3)(87 6)(88 4)(89 7)(90 7)(91 2)(92 3)(93 3)(94 4)(95 1)(97 1)(98 2)(99 1)(100 1)(101 1)(102 3)(103 2)(104 1)(107 2)(110 2)(111 1)(112 2)(113 2)(115 1)(116 1)(120 1)(125 1)(126 1)(130 1)(133 1)(134 1)(138 1)(140 1)(145 1)(161 1)(162 1)(165 1)(174 1)(186 1)
---area label--- : 2
area size : 5
mean x : 168.00
mean y : 114.00
mean E_x^2 : 0.40
mean E_y^2 : 0.80
mean E_xy^2 : 0.40
theta : -0.51
average greyscal : 83.60
average RGB [93.20,80.20,78.60]
(66 1)(79 1)(86 2)(101 1)
---area label--- : 3
area size : 5
mean x : 154.00
mean y : 147.00
mean E_x^2 : 0.40
mean E_y^2 : 0.80
mean E_xy^2 : 0.40
theta : -0.51
average greyscal : 74.00
average RGB [82.60,66.20,74.60]
(66 2)(69 1)(75 1)(94 1)
