NUMBER OF AREAS : 1
---area label--- : 1
area size : 585
mean x : 128.36
mean y : 154.41
mean E_x^2 : 257.47
mean E_y^2 : 50.51
mean E_xy^2 : 94.00
theta : 0.78
average greyscal : 56.68
average RGB [61.93,51.40,57.67]
(0 2)(1 4)(4 1)(5 2)(6 3)(7 1)(8 3)(10 4)(11 3)(12 1)(13 3)(14 3)(15 1)(16 5)(17 3)(18 1)(19 1)(20 2)(21 2)(22 1)(23 7)(24 3)(25 5)(26 7)(27 13)(28 5)(29 4)(30 15)(31 7)(32 11)(33 16)(34 13)(35 7)(36 3)(37 7)(38 15)(39 17)(40 7)(41 5)(42 7)(43 2)(44 6)(45 5)(46 7)(47 5)(48 5)(49 3)(50 4)(51 6)(52 3)(53 4)(54 9)(55 10)(56 5)(57 8)(58 4)(59 8)(60 12)(61 14)(62 10)(63 9)(64 8)(65 12)(66 13)(67 15)(68 8)(69 10)(70 14)(71 9)(72 5)(73 9)(74 4)(75 6)(76 4)(77 3)(78 5)(79 5)(80 2)(81 4)(82 3)(84 3)(85 5)(87 1)(88 2)(89 4)(90 4)(91 3)(92 4)(93 2)(94 1)(95 2)(96 2)(97 1)(98 2)(100 2)(101 4)(102 1)(103 2)(104 2)(105 1)(106 1)(107 3)(108 2)(109 3)(110 2)(111 3)(113 2)(114 1)(115 1)(116 1)(120 1)(121 1)(123 2)(125 2)(127 1)(130 1)(135 1)(144 1)(146 1)(147 2)(153 1)(155 2)(157 1)(167 1)(175 1)(183 1)
