NUMBER OF AREAS : 1
---area label--- : 1
area size : 635
mean x : 157.05
mean y : 117.34
mean E_x^2 : 145.96
mean E_y^2 : 69.08
mean E_xy^2 : 68.43
theta : 0.78
average greyscal : 47.86
average RGB [41.50,45.77,57.34]
(0 2)(1 2)(2 5)(3 3)(4 3)(5 6)(6 3)(7 1)(8 3)(9 1)(10 2)(11 3)(13 5)(14 2)(15 1)(17 3)(18 3)(19 11)(20 6)(21 4)(22 7)(23 12)(24 10)(25 7)(26 13)(27 14)(28 10)(29 10)(30 8)(31 15)(32 21)(33 9)(34 9)(35 9)(36 8)(37 5)(38 10)(39 16)(40 8)(41 8)(42 4)(43 10)(44 9)(45 10)(46 8)(47 12)(48 14)(49 11)(50 13)(51 6)(52 13)(53 8)(54 11)(55 12)(56 15)(57 13)(58 6)(59 5)(60 17)(61 10)(62 5)(63 11)(64 7)(65 9)(66 6)(67 7)(68 5)(69 4)(70 5)(71 4)(72 5)(73 3)(74 1)(75 1)(76 2)(77 5)(78 2)(80 1)(81 3)(82 3)(83 3)(84 1)(85 2)(86 1)(87 2)(88 3)(89 3)(90 3)(91 7)(92 1)(93 4)(95 1)(96 3)(97 2)(98 2)(100 1)(101 2)(102 2)(104 1)(105 1)(107 2)(108 1)(109 2)(112 1)(117 1)(118 1)(122 1)(123 2)(125 1)(146 1)(151 1)(155 1)(161 1)
