NUMBER OF AREAS : 2
---area label--- : 1
area size : 225
mean x : 145.77
mean y : 161.25
mean E_x^2 : 15.69
mean E_y^2 : 23.98
mean E_xy^2 : -4.83
theta : -0.78
average greyscal : 64.65
average RGB [68.01,61.29,65.56]
(3 1)(8 1)(19 1)(25 1)(28 1)(29 1)(30 1)(33 1)(37 1)(39 2)(40 1)(41 2)(42 2)(43 2)(44 4)(45 8)(46 5)(47 4)(48 5)(49 2)(50 7)(51 2)(52 5)(53 6)(54 1)(56 1)(57 2)(58 6)(59 5)(60 4)(61 5)(62 9)(63 6)(64 9)(65 6)(66 3)(67 9)(68 10)(69 5)(70 11)(71 6)(72 6)(73 8)(74 1)(75 8)(76 3)(77 1)(78 2)(79 2)(81 1)(82 2)(83 1)(84 1)(85 2)(88 2)(92 1)(94 2)(95 1)(96 1)(97 1)(99 3)(102 1)(103 1)(106 1)(107 1)(109 1)(111 1)(113 1)(115 1)(116 1)(120 1)(126 1)(147 1)
---area label--- : 2
area size : 5
mean x : 89.00
mean y : 249.00
mean E_x^2 : 0.40
mean E_y^2 : 0.80
mean E_xy^2 : 0.40
theta : -0.51
average greyscal : 32.40
average RGB [42.60,30.40,25.80]
(22 1)(23 1)(34 1)(36 1)(47 1)
