NUMBER OF AREAS : 2
---area label--- : 1
area size : 670
mean x : 195.04
mean y : 151.87
mean E_x^2 : 105.94
mean E_y^2 : 44.74
mean E_xy^2 : 29.78
theta : 0.78
average greyscal : 49.56
average RGB [41.36,48.44,59.89]
(0 1)(1 1)(2 1)(3 2)(4 3)(6 1)(8 1)(11 2)(12 5)(13 4)(14 1)(17 4)(18 5)(19 5)(20 8)(21 7)(22 6)(23 11)(24 13)(25 13)(26 20)(27 19)(28 13)(29 15)(30 17)(31 16)(32 10)(33 17)(34 8)(35 10)(36 11)(37 7)(38 11)(39 14)(40 16)(41 15)(42 16)(43 9)(44 11)(45 7)(46 17)(47 11)(48 14)(49 8)(50 7)(51 12)(52 16)(53 7)(54 7)(55 5)(56 7)(57 3)(58 9)(59 4)(60 5)(61 2)(62 10)(63 5)(64 4)(65 4)(66 5)(67 6)(68 4)(69 1)(70 3)(71 4)(72 7)(73 2)(74 3)(75 10)(76 3)(77 4)(78 6)(79 5)(80 1)(81 3)(82 4)(83 6)(84 3)(85 5)(86 1)(87 3)(88 4)(89 2)(90 3)(91 3)(92 6)(93 2)(94 3)(95 3)(96 3)(97 2)(98 3)(99 4)(100 3)(101 3)(102 1)(103 1)(104 1)(106 1)(107 1)(109 1)(110 1)(112 1)(113 1)(120 1)(124 1)(125 1)(132 1)(134 1)(135 1)(136 1)(137 1)(141 1)(146 2)(151 1)(156 1)(161 1)(171 1)
---area label--- : 2
area size : 20
mean x : 211.10
mean y : 145.70
mean E_x^2 : 2.69
mean E_y^2 : 2.11
mean E_xy^2 : 1.63
theta : 0.76
average greyscal : 85.80
average RGB [92.45,78.95,87.00]
(52 1)(63 1)(71 1)(74 1)(82 1)(83 3)(85 1)(86 1)(87 1)(89 2)(93 1)(96 1)(99 1)(100 3)(101 1)
