NUMBER OF AREAS : 3
---area label--- : 1
area size : 5
mean x : 88.00
mean y : 72.00
mean E_x^2 : 0.40
mean E_y^2 : 0.80
mean E_xy^2 : 0.40
theta : -0.51
average greyscal : 20.80
average RGB [18.60,16.60,29.20]
(6 1)(7 1)(15 1)(36 1)(40 1)
---area label--- : 2
area size : 15
mean x : 84.60
mean y : 75.47
mean E_x^2 : 1.97
mean E_y^2 : 2.38
mean E_xy^2 : 1.79
theta : -0.76
average greyscal : 18.87
average RGB [21.20,19.07,17.67]
(1 1)(2 1)(4 1)(14 1)(15 2)(17 1)(18 3)(21 1)(22 1)(23 2)(72 1)
---area label--- : 3
area size : 836
mean x : 272.87
mean y : 260.23
mean E_x^2 : 121.34
mean E_y^2 : 90.94
mean E_xy^2 : -32.42
theta : 0.78
average greyscal : 44.26
average RGB [34.55,45.47,53.75]
(2 1)(6 1)(7 2)(8 2)(9 1)(11 4)(12 1)(13 10)(14 6)(15 5)(16 6)(17 6)(18 6)(19 11)(20 9)(21 7)(22 14)(23 16)(24 20)(25 30)(26 21)(27 9)(28 8)(29 19)(30 16)(31 16)(32 18)(33 20)(34 20)(35 5)(36 14)(37 20)(38 20)(39 19)(40 11)(41 13)(42 13)(43 18)(44 13)(45 11)(46 11)(47 13)(48 35)(49 16)(50 13)(51 12)(52 21)(53 11)(54 14)(55 13)(56 6)(57 6)(58 8)(59 12)(60 7)(61 17)(62 9)(63 6)(64 6)(65 11)(66 5)(67 10)(68 8)(69 11)(70 8)(71 1)(72 6)(73 10)(74 11)(75 4)(76 7)(77 4)(78 6)(80 3)(81 1)(82 3)(83 1)(84 2)(85 5)(86 2)(87 1)(88 3)(89 3)(90 1)(91 2)(93 1)(94 2)(96 1)(102 1)(112 1)(116 1)(127 1)(137 1)
