NUMBER OF AREAS : 3
---area label--- : 1
area size : 139
mean x : 87.15
mean y : 114.91
mean E_x^2 : 35.08
mean E_y^2 : 17.15
mean E_xy^2 : 20.97
theta : 0.78
average greyscal : 39.44
average RGB [42.50,32.78,44.18]
(1 3)(2 2)(3 2)(4 1)(5 3)(7 2)(9 2)(10 1)(11 1)(12 4)(14 2)(16 2)(17 1)(18 3)(19 4)(20 3)(21 1)(23 1)(25 2)(26 2)(27 3)(28 4)(29 3)(31 4)(32 5)(33 5)(34 2)(35 2)(36 2)(37 2)(38 2)(39 5)(40 3)(41 5)(42 6)(43 1)(44 3)(45 1)(46 1)(47 1)(48 2)(49 3)(50 2)(52 1)(53 2)(54 1)(55 1)(56 2)(57 1)(60 1)(61 1)(69 1)(70 1)(72 1)(75 1)(76 1)(77 1)(79 2)(83 1)(90 1)(98 3)(101 1)(102 1)(111 1)(112 1)(114 1)(119 1)(139 1)
---area label--- : 2
area size : 218
mean x : 145.70
mean y : 161.45
mean E_x^2 : 14.89
mean E_y^2 : 23.77
mean E_xy^2 : -4.04
theta : -0.78
average greyscal : 63.39
average RGB [67.11,60.04,63.95]
(5 2)(8 1)(19 1)(22 1)(23 1)(27 1)(34 1)(35 1)(38 3)(39 2)(40 1)(41 2)(42 7)(43 3)(44 1)(45 1)(46 4)(47 3)(48 6)(49 2)(50 5)(51 5)(52 4)(53 5)(54 2)(55 2)(56 4)(57 6)(58 4)(59 4)(60 8)(61 5)(62 8)(63 7)(64 6)(65 4)(66 4)(67 12)(68 6)(69 10)(70 5)(71 5)(72 4)(73 6)(74 5)(75 3)(76 3)(77 5)(78 1)(79 2)(82 2)(83 1)(84 2)(90 1)(91 2)(94 1)(97 1)(101 1)(102 1)(103 2)(104 1)(107 1)(108 1)(115 3)(116 1)(117 1)(121 1)(162 1)
---area label--- : 3
area size : 5
mean x : 89.00
mean y : 249.00
mean E_x^2 : 0.40
mean E_y^2 : 0.80
mean E_xy^2 : 0.40
theta : -0.51
average greyscal : 30.60
average RGB [33.60,31.40,28.40]
(2 1)(17 1)(27 1)(45 1)(62 1)
