NUMBER OF AREAS : 2
---area label--- : 1
area size : 226
mean x : 145.77
mean y : 161.04
mean E_x^2 : 15.49
mean E_y^2 : 25.08
mean E_xy^2 : -4.17
theta : -0.78
average greyscal : 65.17
average RGB [68.32,61.96,66.34]
(4 1)(6 1)(21 1)(24 2)(26 1)(34 1)(35 1)(36 1)(37 2)(39 3)(40 1)(42 1)(44 2)(45 4)(46 6)(47 3)(48 1)(49 9)(50 6)(51 7)(52 4)(53 4)(54 5)(55 2)(56 1)(57 3)(58 4)(60 5)(61 5)(62 8)(63 4)(64 8)(65 13)(66 12)(67 12)(68 7)(69 7)(70 8)(71 1)(72 7)(73 6)(74 6)(75 3)(76 2)(78 3)(79 1)(80 2)(83 2)(86 1)(87 1)(91 3)(94 1)(96 2)(97 2)(98 2)(99 1)(107 3)(109 2)(110 1)(111 1)(112 1)(115 1)(119 1)(121 1)(125 1)(132 1)(153 1)
---area label--- : 2
area size : 5
mean x : 89.00
mean y : 249.00
mean E_x^2 : 0.40
mean E_y^2 : 0.80
mean E_xy^2 : 0.40
theta : -0.51
average greyscal : 29.80
average RGB [26.80,33.60,30.20]
(11 2)(26 1)(30 1)(71 1)
