NUMBER OF AREAS : 2
---area label--- : 1
area size : 85
mean x : 82.78
mean y : 87.25
mean E_x^2 : 18.36
mean E_y^2 : 13.53
mean E_xy^2 : 13.54
theta : 0.78
average greyscal : 32.34
average RGB [35.40,29.73,32.72]
(1 1)(2 1)(6 1)(10 1)(11 2)(13 1)(15 1)(16 2)(17 1)(18 4)(19 3)(20 2)(21 1)(22 1)(23 2)(24 1)(25 5)(26 1)(27 1)(29 5)(30 6)(31 1)(32 2)(33 2)(34 5)(35 4)(36 3)(37 3)(38 5)(39 3)(40 2)(42 1)(45 1)(47 2)(60 1)(65 2)(66 1)(67 1)(72 1)(75 1)(118 1)
---area label--- : 2
area size : 759
mean x : 185.13
mean y : 160.33
mean E_x^2 : 167.08
mean E_y^2 : 62.35
mean E_xy^2 : 66.41
theta : 0.78
average greyscal : 53.63
average RGB [43.62,52.59,65.65]
(0 1)(1 2)(2 1)(4 1)(6 2)(7 1)(8 2)(9 3)(10 1)(11 7)(12 2)(13 1)(14 4)(15 1)(16 2)(17 4)(18 3)(19 6)(20 4)(21 5)(22 3)(23 9)(24 8)(25 12)(26 11)(27 12)(28 10)(29 16)(30 12)(31 16)(32 14)(33 13)(34 10)(35 16)(36 10)(37 14)(38 14)(39 9)(40 8)(41 9)(42 5)(43 3)(44 9)(45 6)(46 8)(47 12)(48 10)(49 12)(50 17)(51 10)(52 7)(53 12)(54 13)(55 17)(56 9)(57 8)(58 12)(59 7)(60 2)(61 8)(62 16)(63 12)(64 10)(65 16)(66 10)(67 12)(68 7)(69 7)(70 16)(71 10)(72 12)(73 7)(74 2)(75 8)(76 12)(77 10)(78 11)(79 9)(80 2)(81 5)(82 7)(83 3)(84 5)(85 7)(86 4)(87 4)(88 4)(89 4)(90 2)(91 4)(92 5)(93 6)(95 6)(96 2)(97 2)(98 6)(99 2)(100 3)(101 2)(102 1)(103 1)(104 2)(105 3)(106 2)(107 1)(108 1)(111 1)(113 1)(116 1)(118 1)(122 1)(127 1)(128 1)(138 1)(143 1)(171 1)
