NUMBER OF AREAS : 2
---area label--- : 1
area size : 411
mean x : 145.69
mean y : 122.88
mean E_x^2 : 148.92
mean E_y^2 : 49.95
mean E_xy^2 : 77.78
theta : 0.78
average greyscal : 53.65
average RGB [48.32,52.34,61.28]
(0 2)(2 3)(3 2)(4 1)(5 1)(6 1)(7 4)(8 5)(9 1)(10 4)(11 1)(13 2)(14 4)(15 6)(16 2)(17 3)(18 2)(19 1)(20 1)(21 4)(22 1)(23 6)(24 4)(25 5)(26 6)(27 5)(28 5)(29 6)(30 7)(31 8)(32 9)(33 5)(34 4)(35 4)(36 4)(37 6)(38 4)(39 8)(40 5)(41 4)(42 2)(43 5)(44 5)(45 9)(46 5)(47 5)(48 3)(49 10)(50 2)(51 7)(52 7)(53 3)(54 6)(55 7)(56 5)(57 11)(58 6)(59 6)(60 1)(61 3)(62 2)(63 8)(64 2)(65 5)(66 5)(67 4)(68 6)(69 6)(71 4)(72 2)(73 4)(74 6)(75 5)(76 3)(77 4)(78 4)(79 3)(80 4)(81 4)(82 2)(83 2)(85 2)(86 1)(87 3)(88 4)(89 2)(90 3)(91 3)(92 1)(93 3)(94 1)(95 2)(96 2)(97 4)(98 1)(100 1)(102 3)(104 2)(105 3)(106 1)(107 2)(108 1)(109 1)(110 1)(116 1)(120 1)(123 2)(125 1)(127 1)(128 1)(132 1)(133 2)(135 2)(137 1)(140 1)(145 1)
---area label--- : 2
area size : 5
mean x : 92.00
mean y : 241.00
mean E_x^2 : 0.40
mean E_y^2 : 0.80
mean E_xy^2 : 0.40
theta : -0.51
average greyscal : 100.80
average RGB [129.80,99.00,74.20]
(63 1)(83 1)(84 1)(110 1)(164 1)
