NUMBER OF AREAS : 2
---area label--- : 1
area size : 35
mean x : 85.89
mean y : 74.14
mean E_x^2 : 5.30
mean E_y^2 : 7.27
mean E_xy^2 : 5.22
theta : -0.77
average greyscal : 24.23
average RGB [24.14,22.71,26.91]
(0 1)(10 1)(12 1)(14 2)(15 1)(16 2)(18 2)(19 1)(20 3)(22 1)(23 2)(24 3)(25 2)(26 2)(27 2)(28 1)(30 1)(31 2)(32 2)(39 1)(41 1)(76 1)
---area label--- : 2
area size : 655
mean x : 162.85
mean y : 136.89
mean E_x^2 : 150.71
mean E_y^2 : 43.92
mean E_xy^2 : 57.14
theta : 0.78
average greyscal : 51.36
average RGB [41.02,50.72,63.33]
(0 1)(1 2)(2 2)(3 3)(4 3)(5 6)(6 6)(7 4)(8 5)(9 6)(10 2)(11 2)(13 3)(14 2)(15 10)(16 5)(17 1)(18 2)(20 3)(21 6)(22 4)(23 7)(24 12)(25 9)(26 9)(27 9)(28 3)(29 12)(30 14)(31 18)(32 17)(33 15)(34 11)(35 14)(36 10)(37 4)(38 8)(39 9)(40 11)(41 10)(42 11)(43 3)(44 5)(45 5)(46 2)(47 3)(48 6)(49 7)(50 12)(51 5)(52 9)(53 7)(54 14)(55 13)(56 10)(57 10)(58 9)(59 9)(60 13)(61 8)(62 13)(63 8)(64 8)(65 10)(66 6)(67 13)(68 6)(69 10)(70 7)(71 7)(72 4)(73 7)(74 7)(75 9)(76 4)(77 5)(78 3)(79 2)(80 6)(81 3)(82 2)(83 4)(84 1)(85 4)(86 4)(87 2)(88 2)(89 4)(90 3)(91 2)(92 2)(93 3)(94 2)(95 1)(96 4)(97 1)(98 2)(99 1)(100 1)(101 1)(102 1)(103 1)(106 3)(107 1)(108 1)(109 1)(111 1)(112 1)(117 1)(122 1)(124 1)(125 1)(126 1)(135 1)(136 1)(145 2)(146 1)(148 1)(149 1)(153 1)(155 1)(157 1)(161 1)(166 1)(169 1)(177 2)
