NUMBER OF AREAS : 2
---area label--- : 1
area size : 325
mean x : 92.86
mean y : 139.39
mean E_x^2 : 79.31
mean E_y^2 : 26.91
mean E_xy^2 : 34.40
theta : 0.78
average greyscal : 52.32
average RGB [58.08,46.82,53.25]
(0 5)(1 1)(3 4)(4 6)(5 2)(6 5)(7 2)(8 1)(9 6)(10 3)(11 3)(12 4)(13 3)(14 3)(15 2)(17 2)(18 4)(19 5)(20 1)(21 2)(22 2)(23 5)(24 3)(25 2)(26 11)(27 4)(28 2)(29 3)(30 5)(31 6)(32 4)(33 4)(34 6)(35 5)(36 5)(37 6)(38 3)(39 4)(40 11)(41 3)(42 1)(43 1)(44 7)(45 8)(46 6)(47 3)(48 4)(49 3)(50 3)(51 1)(52 5)(53 2)(54 2)(55 4)(56 5)(57 2)(58 3)(59 4)(60 2)(61 2)(62 2)(64 1)(65 3)(66 1)(67 4)(68 1)(69 4)(70 2)(71 1)(72 5)(73 3)(75 2)(76 2)(77 1)(78 1)(79 1)(80 1)(81 1)(84 2)(86 1)(88 1)(89 2)(90 3)(92 4)(93 1)(94 2)(95 3)(96 1)(97 2)(98 1)(99 1)(100 2)(103 2)(104 1)(105 1)(106 2)(107 2)(108 1)(109 1)(110 1)(118 1)(120 1)(121 1)(122 1)(124 3)(125 3)(129 2)(132 2)(133 1)(140 1)(159 1)(164 1)(165 1)(169 1)(171 1)(172 1)(173 1)(179 1)(182 1)(205 1)
---area label--- : 2
area size : 223
mean x : 145.81
mean y : 161.32
mean E_x^2 : 15.26
mean E_y^2 : 24.62
mean E_xy^2 : -4.53
theta : -0.78
average greyscal : 64.61
average RGB [67.06,61.84,65.83]
(10 1)(23 1)(24 1)(31 1)(33 1)(35 2)(37 1)(38 3)(40 2)(41 2)(43 1)(44 4)(45 7)(46 6)(47 6)(48 2)(49 7)(50 1)(51 5)(53 4)(54 4)(55 9)(56 1)(57 2)(58 3)(59 6)(60 4)(61 5)(62 8)(63 10)(64 6)(65 6)(66 5)(67 9)(68 14)(69 6)(70 3)(71 3)(72 11)(73 6)(74 3)(75 2)(76 3)(77 1)(78 2)(79 1)(80 2)(81 2)(83 3)(84 1)(85 2)(88 2)(89 1)(93 1)(95 3)(97 2)(101 2)(102 1)(103 1)(108 1)(110 1)(113 1)(115 1)(118 2)(121 1)(124 1)(141 1)
