NUMBER OF AREAS : 2
---area label--- : 1
area size : 227
mean x : 145.76
mean y : 161.48
mean E_x^2 : 15.90
mean E_y^2 : 23.67
mean E_xy^2 : -3.87
theta : -0.78
average greyscal : 62.62
average RGB [65.67,60.03,63.21]
(5 1)(12 1)(20 2)(25 1)(29 1)(30 1)(33 1)(34 1)(35 1)(38 2)(39 2)(40 5)(42 4)(43 4)(44 3)(45 7)(46 4)(47 5)(48 5)(49 4)(50 3)(51 6)(52 3)(53 2)(54 1)(55 5)(56 5)(57 7)(58 6)(59 9)(60 10)(61 5)(62 6)(63 6)(64 5)(65 7)(66 13)(67 7)(68 7)(69 8)(70 3)(71 3)(72 1)(73 1)(74 3)(75 6)(76 1)(78 1)(79 2)(80 2)(81 1)(82 1)(83 1)(87 2)(89 1)(94 2)(95 1)(96 3)(97 1)(98 1)(102 1)(103 1)(105 1)(106 2)(107 1)(109 1)(111 1)(113 1)(117 1)(120 1)(125 1)(135 1)(139 1)
---area label--- : 2
area size : 424
mean x : 127.50
mean y : 186.86
mean E_x^2 : 139.30
mean E_y^2 : 29.25
mean E_xy^2 : 50.24
theta : 0.78
average greyscal : 76.74
average RGB [87.21,69.01,75.11]
(0 1)(1 1)(2 4)(3 3)(4 3)(6 2)(8 2)(9 3)(10 3)(11 1)(12 3)(13 2)(14 2)(15 2)(16 2)(17 1)(20 1)(21 2)(22 6)(23 3)(24 2)(25 1)(26 5)(27 2)(28 3)(29 2)(30 3)(31 2)(32 5)(33 5)(34 6)(35 4)(36 3)(37 3)(38 7)(39 8)(40 9)(41 7)(42 6)(43 13)(44 5)(45 5)(46 5)(47 3)(48 8)(49 8)(50 2)(51 4)(52 2)(53 2)(54 2)(55 4)(56 1)(57 2)(58 5)(59 5)(60 5)(62 3)(63 3)(64 5)(65 2)(66 3)(67 5)(69 4)(71 3)(72 3)(73 7)(74 9)(75 3)(76 5)(77 3)(78 4)(80 2)(81 4)(82 2)(83 1)(84 2)(85 3)(86 1)(87 1)(88 2)(89 2)(90 2)(91 4)(92 2)(93 3)(94 2)(95 1)(96 1)(97 1)(98 1)(99 1)(101 1)(102 2)(103 1)(104 1)(105 2)(106 2)(107 2)(108 2)(109 1)(110 1)(111 2)(112 1)(113 2)(114 1)(116 1)(117 2)(119 2)(120 2)(121 1)(122 1)(123 1)(124 1)(126 3)(128 2)(131 1)(132 2)(133 3)(135 1)(136 1)(138 1)(140 2)(144 1)(145 2)(146 2)(147 3)(148 1)(149 3)(153 1)(155 1)(157 3)(159 2)(163 1)(164 1)(167 1)(169 2)(170 2)(171 1)(172 1)(175 1)(176 1)(178 1)(179 1)(180 1)(181 2)(183 1)(184 2)(185 2)(186 1)(187 1)(189 1)(195 2)(196 1)(197 1)(198 1)(199 2)(200 1)(201 1)(202 3)(204 3)(205 1)(208 2)(209 1)(210 1)(211 1)(218 1)
