NUMBER OF AREAS : 1
---area label--- : 1
area size : 641
mean x : 128.63
mean y : 153.91
mean E_x^2 : 240.86
mean E_y^2 : 48.53
mean E_xy^2 : 85.97
theta : 0.78
average greyscal : 54.78
average RGB [60.63,51.05,53.68]
(0 4)(1 3)(2 1)(3 2)(4 4)(5 3)(6 3)(7 1)(8 1)(9 1)(10 2)(11 3)(12 3)(13 1)(14 1)(15 5)(16 4)(17 4)(18 3)(19 8)(20 4)(21 4)(22 7)(23 8)(24 7)(25 12)(26 8)(27 12)(28 10)(29 6)(30 16)(31 15)(32 10)(33 7)(34 5)(35 13)(36 5)(37 2)(38 13)(39 9)(40 5)(41 6)(42 7)(43 4)(44 7)(45 13)(46 15)(47 8)(48 8)(49 8)(50 7)(51 5)(52 3)(53 8)(54 3)(55 4)(56 3)(57 4)(58 11)(59 6)(60 4)(61 10)(62 7)(63 14)(64 11)(65 20)(66 12)(67 10)(68 12)(69 10)(70 4)(71 12)(72 10)(73 8)(74 7)(75 1)(76 5)(77 5)(78 7)(79 1)(80 2)(81 2)(82 6)(83 4)(84 4)(85 2)(86 4)(87 1)(88 2)(89 2)(91 2)(92 4)(93 2)(94 4)(95 2)(96 2)(97 6)(98 1)(99 4)(100 2)(101 1)(102 2)(103 4)(104 3)(105 2)(106 2)(107 2)(110 1)(111 2)(113 2)(115 1)(116 2)(118 2)(122 1)(123 1)(124 2)(125 1)(127 1)(132 1)(134 1)(138 1)(140 1)(141 1)(142 1)(144 2)(146 1)(151 1)(157 1)(158 1)(161 1)(172 1)(175 2)
