NUMBER OF AREAS : 1
---area label--- : 1
area size : 550
mean x : 161.06
mean y : 152.38
mean E_x^2 : 167.24
mean E_y^2 : 42.58
mean E_xy^2 : 69.63
theta : 0.78
average greyscal : 56.29
average RGB [48.50,53.47,67.96]
(1 2)(3 1)(4 1)(6 1)(7 1)(8 1)(9 3)(10 1)(12 3)(13 1)(14 4)(15 2)(16 3)(17 4)(18 2)(19 4)(20 5)(21 5)(22 6)(23 6)(24 4)(25 9)(26 6)(27 10)(28 11)(29 3)(30 5)(31 10)(32 12)(33 12)(34 6)(35 7)(36 10)(37 7)(38 8)(39 14)(40 8)(41 5)(42 8)(43 4)(44 6)(45 4)(46 5)(47 6)(48 12)(49 6)(50 6)(51 4)(52 5)(53 9)(54 3)(55 6)(56 9)(57 5)(58 8)(59 10)(60 15)(61 10)(62 6)(63 8)(64 4)(65 7)(66 8)(67 4)(68 4)(69 6)(70 2)(71 7)(72 6)(73 3)(74 5)(75 4)(76 5)(77 7)(78 3)(79 6)(80 5)(81 5)(82 4)(83 4)(84 4)(85 2)(86 6)(87 4)(88 2)(89 5)(90 8)(91 1)(92 1)(93 4)(94 1)(95 5)(96 2)(97 1)(98 3)(99 3)(101 3)(102 1)(103 2)(104 1)(105 3)(106 3)(108 3)(110 1)(113 2)(114 1)(115 1)(118 1)(120 1)(121 1)(122 2)(123 3)(125 2)(134 1)(136 1)(141 1)(147 1)(148 1)(156 1)(160 2)(164 1)(173 1)
