NUMBER OF AREAS : 2
---area label--- : 1
area size : 538
mean x : 134.48
mean y : 153.79
mean E_x^2 : 122.82
mean E_y^2 : 50.87
mean E_xy^2 : 57.85
theta : 0.78
average greyscal : 55.82
average RGB [60.16,52.14,56.10]
(0 1)(1 2)(2 4)(3 2)(5 1)(6 2)(7 2)(9 6)(11 2)(12 1)(13 2)(15 2)(16 1)(17 5)(18 1)(19 6)(20 4)(21 2)(22 3)(23 5)(24 5)(25 9)(26 5)(27 5)(28 4)(29 4)(30 11)(31 8)(32 8)(33 11)(34 6)(35 3)(36 7)(37 1)(38 8)(39 9)(40 6)(41 6)(42 3)(43 8)(44 7)(45 5)(46 8)(47 3)(48 7)(49 5)(50 6)(51 9)(52 5)(53 7)(54 12)(55 7)(56 5)(57 4)(58 4)(59 6)(60 11)(61 8)(62 12)(63 5)(64 13)(65 12)(66 21)(67 12)(68 11)(69 11)(70 2)(71 11)(72 8)(73 9)(74 9)(75 4)(76 6)(77 3)(78 6)(79 1)(80 3)(81 4)(82 3)(83 7)(84 4)(85 4)(86 2)(87 2)(88 1)(89 1)(90 2)(91 2)(92 1)(94 4)(95 2)(96 2)(97 2)(98 1)(99 2)(100 1)(101 1)(103 1)(104 2)(105 1)(106 1)(107 2)(108 4)(109 2)(110 2)(111 2)(112 2)(114 1)(115 1)(116 1)(117 1)(118 1)(121 1)(122 1)(128 1)(129 1)(140 2)(146 1)
---area label--- : 2
area size : 5
mean x : 123.00
mean y : 158.00
mean E_x^2 : 0.40
mean E_y^2 : 0.80
mean E_xy^2 : 0.40
theta : -0.51
average greyscal : 68.00
average RGB [73.40,60.40,72.20]
(38 1)(40 1)(63 1)(81 1)(118 1)
