NUMBER OF AREAS : 1
---area label--- : 1
area size : 762
mean x : 200.42
mean y : 156.50
mean E_x^2 : 106.38
mean E_y^2 : 46.11
mean E_xy^2 : 29.31
theta : 0.78
average greyscal : 53.95
average RGB [47.04,52.55,63.29]
(0 1)(2 2)(3 2)(5 2)(6 2)(7 4)(8 1)(9 2)(10 2)(11 1)(12 4)(13 1)(14 2)(15 3)(16 7)(17 6)(18 4)(19 5)(20 5)(21 3)(22 7)(23 9)(24 8)(25 12)(26 14)(27 19)(28 23)(29 5)(30 12)(31 19)(32 18)(33 11)(34 14)(35 12)(36 6)(37 9)(38 14)(39 12)(40 21)(41 7)(42 11)(43 8)(44 12)(45 19)(46 17)(47 12)(48 19)(49 14)(50 14)(51 7)(52 6)(53 13)(54 10)(55 2)(56 6)(57 7)(58 7)(59 6)(60 2)(61 4)(62 9)(63 4)(64 5)(65 7)(66 10)(67 6)(68 7)(69 7)(70 8)(71 2)(72 6)(73 4)(74 8)(75 4)(76 6)(77 10)(78 5)(79 2)(80 6)(81 6)(82 1)(83 4)(84 6)(85 2)(86 7)(87 3)(88 5)(89 6)(90 8)(91 4)(92 2)(93 2)(94 5)(95 4)(96 4)(97 4)(98 4)(99 3)(101 1)(102 2)(103 1)(104 1)(105 2)(106 2)(107 3)(108 2)(109 2)(110 2)(111 1)(112 2)(114 1)(115 3)(117 2)(118 1)(119 2)(120 3)(123 1)(124 1)(129 2)(130 1)(131 1)(132 4)(133 1)(134 1)(135 1)(136 1)(138 1)(141 1)(143 2)(146 1)(149 1)(151 2)(152 1)(158 2)(167 1)
