NUMBER OF AREAS : 3
---area label--- : 1
area size : 546
mean x : 133.45
mean y : 153.16
mean E_x^2 : 119.98
mean E_y^2 : 46.82
mean E_xy^2 : 52.73
theta : 0.78
average greyscal : 56.15
average RGB [59.63,53.04,56.75]
(0 4)(2 4)(3 3)(4 3)(6 2)(8 1)(9 3)(10 3)(11 1)(12 2)(13 3)(15 2)(16 4)(17 4)(18 2)(19 4)(20 7)(21 5)(22 2)(23 3)(24 9)(25 13)(26 13)(27 5)(28 7)(29 6)(30 9)(31 13)(32 4)(33 4)(34 4)(35 6)(36 5)(37 2)(38 5)(39 2)(40 4)(41 7)(42 4)(43 8)(44 4)(45 7)(46 1)(47 10)(48 7)(49 5)(50 6)(51 4)(52 6)(53 7)(54 5)(55 5)(56 8)(57 4)(58 3)(59 4)(60 6)(61 8)(62 10)(63 14)(64 11)(65 15)(66 8)(67 20)(68 8)(69 11)(70 6)(71 8)(72 13)(73 12)(74 9)(75 7)(76 6)(77 5)(78 3)(79 1)(80 3)(81 3)(82 3)(83 4)(84 1)(85 1)(87 2)(88 2)(89 2)(90 5)(91 1)(92 2)(93 3)(95 4)(96 2)(97 3)(98 4)(101 3)(102 3)(103 3)(104 2)(106 2)(108 1)(109 1)(110 2)(111 2)(113 1)(114 1)(115 3)(116 2)(117 4)(118 1)(124 1)(131 1)(132 1)(133 1)(135 1)(138 1)(142 1)(146 1)(151 1)(153 1)(164 1)
---area label--- : 2
area size : 5
mean x : 120.00
mean y : 156.00
mean E_x^2 : 0.40
mean E_y^2 : 0.80
mean E_xy^2 : 0.40
theta : -0.51
average greyscal : 77.60
average RGB [88.20,67.60,78.80]
(52 1)(63 2)(81 1)(129 1)
---area label--- : 3
area size : 5
mean x : 129.00
mean y : 162.00
mean E_x^2 : 0.40
mean E_y^2 : 0.80
mean E_xy^2 : 0.40
theta : -0.51
average greyscal : 83.80
average RGB [91.20,83.80,77.60]
(58 1)(67 1)(89 1)(100 1)(105 1)
