NUMBER OF AREAS : 2
---area label--- : 1
area size : 130
mean x : 88.25
mean y : 97.36
mean E_x^2 : 24.48
mean E_y^2 : 33.51
mean E_xy^2 : 24.84
theta : -0.78
average greyscal : 46.39
average RGB [50.30,43.02,46.98]
(0 1)(1 1)(2 1)(3 2)(5 1)(6 1)(8 1)(9 2)(12 1)(13 1)(14 2)(16 1)(17 1)(19 1)(20 1)(21 1)(23 3)(25 1)(26 1)(27 1)(28 3)(29 3)(30 1)(31 2)(32 1)(33 3)(34 4)(35 4)(39 3)(40 2)(41 2)(42 2)(43 2)(44 1)(46 3)(47 2)(48 3)(49 1)(50 2)(51 1)(52 3)(53 2)(54 6)(55 4)(57 6)(58 3)(59 1)(60 5)(61 4)(62 4)(63 2)(65 1)(66 1)(67 2)(72 1)(73 1)(74 1)(76 2)(78 2)(79 1)(80 1)(89 1)(91 1)(92 1)(93 1)(97 1)(111 1)(130 1)
---area label--- : 2
area size : 8
mean x : 74.00
mean y : 92.50
mean E_x^2 : 0.50
mean E_y^2 : 1.25
mean E_xy^2 : 0.50
theta : -0.52
average greyscal : 34.50
average RGB [41.25,33.00,29.75]
(15 1)(18 1)(20 1)(23 1)(40 1)(47 2)(66 1)
