NUMBER OF AREAS : 2
---area label--- : 1
area size : 229
mean x : 145.88
mean y : 161.46
mean E_x^2 : 15.80
mean E_y^2 : 23.80
mean E_xy^2 : -3.09
theta : -0.78
average greyscal : 61.89
average RGB [64.81,59.52,62.26]
(5 1)(7 1)(9 1)(18 1)(30 1)(32 1)(33 1)(34 1)(35 2)(36 1)(37 1)(38 2)(39 5)(40 2)(41 4)(42 5)(43 7)(44 1)(45 3)(46 6)(47 5)(48 6)(50 5)(51 2)(52 3)(53 3)(54 2)(55 2)(56 2)(57 7)(58 7)(59 13)(60 12)(61 10)(62 8)(63 7)(64 9)(65 6)(66 5)(67 9)(68 4)(69 5)(70 4)(71 3)(72 2)(73 4)(74 3)(76 2)(77 1)(82 1)(85 2)(86 2)(88 1)(89 1)(90 1)(92 1)(94 1)(95 1)(97 2)(99 1)(101 1)(102 2)(103 3)(104 2)(105 1)(107 1)(108 1)(111 1)(113 1)(115 2)(121 1)(144 1)
---area label--- : 2
area size : 405
mean x : 129.57
mean y : 189.27
mean E_x^2 : 129.51
mean E_y^2 : 25.53
mean E_xy^2 : 45.28
theta : 0.78
average greyscal : 78.13
average RGB [88.93,72.46,74.00]
(0 5)(2 7)(3 3)(4 2)(5 2)(6 3)(7 2)(8 4)(9 2)(10 2)(11 4)(13 2)(14 2)(16 1)(17 4)(18 2)(20 4)(21 2)(23 3)(24 2)(25 4)(26 2)(27 3)(28 4)(29 2)(30 5)(31 4)(32 2)(33 1)(34 1)(35 1)(36 2)(37 2)(38 1)(39 2)(40 5)(41 4)(42 5)(43 8)(44 7)(45 5)(46 2)(47 3)(48 4)(49 6)(50 1)(51 1)(52 3)(53 2)(54 7)(55 2)(57 6)(58 3)(59 6)(60 4)(61 1)(62 6)(63 4)(64 5)(66 4)(67 3)(68 6)(69 5)(70 5)(71 10)(72 3)(73 6)(74 7)(75 3)(76 7)(77 1)(78 7)(79 2)(80 1)(81 2)(82 2)(83 1)(84 3)(85 1)(86 2)(87 2)(88 1)(89 2)(90 2)(91 2)(94 1)(95 2)(96 1)(100 2)(101 1)(102 2)(103 2)(105 5)(107 1)(108 3)(109 4)(110 1)(111 1)(112 1)(113 1)(116 1)(117 1)(118 1)(119 2)(120 3)(121 2)(122 2)(123 3)(124 3)(125 2)(127 1)(129 2)(130 1)(131 1)(132 1)(133 2)(134 1)(135 1)(137 2)(138 1)(139 3)(141 1)(142 1)(143 1)(145 2)(147 1)(151 2)(156 1)(157 1)(159 1)(160 1)(161 1)(162 1)(163 2)(164 1)(167 1)(168 1)(171 1)(174 1)(177 1)(178 2)(179 2)(181 2)(182 3)(183 1)(186 1)(188 1)(190 1)(194 2)(198 1)(200 1)(201 2)(203 1)(204 3)(206 2)(208 1)(211 1)(212 1)(228 1)(230 2)(234 1)(235 1)(238 1)(241 1)
