NUMBER OF AREAS : 2
---area label--- : 1
area size : 225
mean x : 145.84
mean y : 161.29
mean E_x^2 : 15.86
mean E_y^2 : 24.30
mean E_xy^2 : -4.80
theta : -0.78
average greyscal : 63.42
average RGB [65.88,59.56,65.63]
(6 1)(11 1)(19 1)(20 1)(28 1)(31 1)(34 1)(35 1)(37 1)(39 2)(40 5)(41 4)(43 1)(44 2)(45 3)(46 6)(47 9)(48 6)(49 4)(50 6)(51 6)(53 1)(54 3)(55 3)(56 3)(57 2)(58 5)(59 7)(60 5)(61 4)(62 8)(63 10)(64 10)(65 10)(66 10)(67 13)(68 7)(69 4)(70 2)(71 5)(72 6)(73 3)(74 8)(75 1)(76 2)(77 2)(79 2)(81 1)(82 1)(83 1)(88 1)(90 1)(91 1)(92 1)(94 1)(96 1)(97 2)(98 1)(99 1)(101 3)(106 1)(108 2)(110 1)(111 1)(112 1)(116 1)(117 1)(141 1)(146 1)
---area label--- : 2
area size : 487
mean x : 125.52
mean y : 184.94
mean E_x^2 : 138.57
mean E_y^2 : 30.10
mean E_xy^2 : 46.40
theta : 0.78
average greyscal : 74.45
average RGB [84.99,67.79,71.56]
(0 4)(1 3)(2 4)(3 2)(5 2)(6 1)(7 1)(8 3)(9 1)(11 2)(12 1)(13 3)(14 1)(15 2)(16 2)(17 2)(18 2)(19 3)(20 4)(21 2)(22 5)(23 1)(24 1)(25 2)(26 4)(27 6)(28 6)(29 4)(30 3)(31 7)(32 4)(33 7)(34 9)(35 9)(36 4)(37 9)(38 6)(39 5)(40 8)(41 7)(42 6)(43 11)(44 6)(45 10)(46 8)(47 6)(48 6)(49 7)(50 6)(51 2)(52 3)(53 5)(54 3)(55 6)(56 7)(57 2)(58 4)(59 2)(60 4)(61 3)(63 1)(64 6)(65 1)(66 3)(67 6)(68 5)(69 2)(70 6)(71 2)(72 2)(73 1)(74 4)(75 2)(76 1)(77 1)(78 2)(79 3)(80 4)(81 1)(82 1)(84 4)(85 2)(86 1)(88 5)(89 1)(90 2)(91 1)(92 3)(93 2)(94 1)(95 4)(96 3)(97 3)(98 1)(99 2)(100 5)(101 3)(102 1)(103 1)(104 3)(105 3)(106 2)(108 3)(109 1)(110 4)(111 1)(112 1)(113 1)(115 2)(116 3)(117 3)(120 1)(121 1)(122 1)(124 3)(125 5)(126 2)(127 2)(128 1)(129 4)(130 1)(131 4)(132 1)(133 3)(134 1)(135 2)(137 1)(138 1)(139 4)(141 1)(142 2)(143 1)(144 2)(145 2)(146 1)(147 2)(148 1)(149 2)(151 2)(152 2)(154 2)(155 2)(156 1)(158 1)(160 1)(161 1)(163 1)(165 2)(168 1)(169 1)(170 2)(173 2)(175 1)(176 1)(178 1)(179 1)(182 1)(184 3)(185 1)(187 2)(188 1)(190 3)(191 1)(192 2)(193 1)(195 2)(201 2)(202 1)(204 2)(206 1)(209 1)(210 1)
