NUMBER OF AREAS : 2
---area label--- : 1
area size : 18
mean x : 87.00
mean y : 70.50
mean E_x^2 : 2.67
mean E_y^2 : 4.92
mean E_xy^2 : 3.33
theta : -0.74
average greyscal : 22.06
average RGB [22.00,19.22,26.33]
(10 1)(11 1)(13 1)(15 2)(16 1)(18 2)(19 2)(20 1)(23 1)(29 1)(32 2)(34 1)(35 1)(38 1)
---area label--- : 2
area size : 641
mean x : 155.32
mean y : 129.26
mean E_x^2 : 135.83
mean E_y^2 : 70.33
mean E_xy^2 : 72.39
theta : 0.78
average greyscal : 48.94
average RGB [41.01,48.49,58.31]
(0 8)(1 4)(2 5)(3 2)(4 2)(5 3)(6 6)(7 2)(8 2)(9 6)(10 4)(11 2)(12 3)(13 2)(14 5)(15 3)(16 5)(17 5)(18 3)(19 5)(20 5)(21 3)(22 6)(23 12)(24 5)(25 14)(26 13)(27 12)(28 11)(29 18)(30 9)(31 8)(32 17)(33 11)(34 9)(35 3)(36 6)(37 6)(38 4)(39 4)(40 6)(41 9)(42 12)(43 5)(44 5)(45 8)(46 7)(47 8)(48 8)(49 6)(50 4)(51 8)(52 15)(53 13)(54 11)(55 18)(56 16)(57 10)(58 11)(59 4)(60 8)(61 7)(62 8)(63 9)(64 10)(65 6)(66 3)(67 3)(68 4)(69 9)(70 7)(71 12)(72 8)(73 3)(74 3)(75 5)(76 6)(77 10)(78 8)(79 5)(80 4)(81 4)(82 4)(83 4)(84 1)(85 8)(86 1)(88 1)(90 3)(91 2)(92 1)(93 3)(94 1)(95 2)(96 2)(97 1)(98 3)(100 1)(101 3)(103 1)(104 2)(105 2)(106 1)(107 1)(108 2)(109 1)(114 1)(124 1)(128 1)(129 1)(140 1)(141 1)(150 1)(157 2)(174 1)(177 1)
