NUMBER OF AREAS : 3
---area label--- : 1
area size : 114
mean x : 83.80
mean y : 90.97
mean E_x^2 : 21.92
mean E_y^2 : 10.17
mean E_xy^2 : 11.54
theta : 0.77
average greyscal : 34.82
average RGB [39.09,28.68,37.59]
(3 1)(7 1)(8 1)(9 2)(10 3)(11 2)(12 3)(13 3)(14 3)(16 3)(17 1)(19 1)(20 3)(22 2)(23 3)(24 3)(25 3)(26 4)(27 1)(28 4)(29 2)(30 2)(31 6)(32 3)(33 1)(34 3)(35 4)(36 4)(37 2)(38 2)(39 1)(41 1)(42 5)(45 2)(46 3)(47 2)(48 3)(49 1)(51 3)(52 1)(53 2)(54 1)(56 1)(60 2)(64 1)(67 1)(76 1)(77 1)(82 1)(84 2)(86 1)(87 1)(96 1)
---area label--- : 2
area size : 221
mean x : 145.77
mean y : 161.25
mean E_x^2 : 15.20
mean E_y^2 : 24.35
mean E_xy^2 : -4.87
theta : -0.78
average greyscal : 63.47
average RGB [67.48,60.81,63.10]
(3 1)(4 1)(18 1)(24 2)(28 1)(31 1)(36 1)(37 1)(39 3)(41 2)(43 3)(44 2)(45 8)(46 2)(47 4)(48 5)(49 5)(50 4)(51 4)(52 5)(53 4)(54 2)(55 4)(56 1)(57 4)(58 5)(59 5)(60 10)(61 11)(62 6)(63 5)(64 5)(65 5)(66 10)(67 12)(68 4)(69 10)(70 8)(71 5)(72 10)(73 2)(74 3)(75 4)(76 2)(78 1)(80 1)(81 1)(82 2)(83 2)(85 2)(88 1)(89 1)(91 1)(95 2)(97 2)(98 1)(99 1)(105 1)(106 2)(110 1)(111 1)(112 1)(113 1)(115 1)(116 1)(141 1)
---area label--- : 3
area size : 5
mean x : 89.00
mean y : 249.00
mean E_x^2 : 0.40
mean E_y^2 : 0.80
mean E_xy^2 : 0.40
theta : -0.51
average greyscal : 30.80
average RGB [33.00,38.80,22.20]
(13 1)(16 1)(20 1)(34 1)(71 1)
