NUMBER OF AREAS : 3
---area label--- : 1
area size : 546
mean x : 135.25
mean y : 153.98
mean E_x^2 : 123.64
mean E_y^2 : 56.92
mean E_xy^2 : 62.93
theta : 0.78
average greyscal : 57.82
average RGB [62.99,54.75,56.71]
(0 1)(1 2)(2 1)(5 2)(6 2)(7 1)(8 2)(9 5)(10 1)(11 3)(12 1)(13 1)(16 1)(17 1)(18 4)(19 2)(20 3)(21 3)(22 4)(23 7)(24 7)(25 11)(26 8)(27 7)(28 9)(29 7)(30 8)(31 3)(32 6)(33 5)(34 7)(35 12)(36 7)(37 3)(38 6)(39 8)(40 3)(41 7)(42 7)(43 4)(44 3)(45 6)(46 4)(47 5)(48 2)(49 6)(50 6)(51 8)(52 9)(53 8)(54 8)(55 8)(56 1)(57 4)(58 13)(59 8)(60 10)(61 10)(62 9)(63 11)(64 12)(65 10)(66 15)(67 13)(68 12)(69 8)(70 6)(71 11)(72 10)(73 11)(74 8)(75 5)(76 6)(78 3)(79 6)(81 4)(84 1)(85 2)(86 2)(87 2)(88 3)(89 3)(90 3)(91 4)(92 1)(93 2)(94 4)(95 2)(96 3)(97 4)(98 2)(99 3)(101 3)(102 4)(104 4)(105 4)(107 1)(109 1)(110 1)(112 1)(113 3)(114 2)(115 1)(116 2)(117 2)(118 1)(119 2)(122 1)(124 1)(129 3)(131 1)(144 1)(145 1)(148 1)(158 1)(178 1)(191 1)
---area label--- : 2
area size : 11
mean x : 126.00
mean y : 159.00
mean E_x^2 : 1.27
mean E_y^2 : 1.82
mean E_xy^2 : 1.27
theta : -0.73
average greyscal : 70.45
average RGB [76.09,66.09,70.09]
(31 1)(39 1)(47 1)(49 1)(51 1)(69 1)(77 1)(93 1)(99 1)(104 1)(116 1)
---area label--- : 3
area size : 5
mean x : 133.00
mean y : 165.00
mean E_x^2 : 0.40
mean E_y^2 : 0.80
mean E_xy^2 : 0.40
theta : -0.51
average greyscal : 74.20
average RGB [91.80,66.00,65.40]
(53 1)(62 1)(72 1)(80 1)(104 1)
