NUMBER OF AREAS : 5
---area label--- : 1
area size : 8
mean x : 84.50
mean y : 72.50
mean E_x^2 : 0.75
mean E_y^2 : 1.25
mean E_xy^2 : 0.75
theta : -0.66
average greyscal : 21.12
average RGB [19.00,18.12,26.62]
(17 2)(19 1)(21 2)(23 1)(24 1)(27 1)
---area label--- : 2
area size : 11
mean x : 139.00
mean y : 86.36
mean E_x^2 : 1.27
mean E_y^2 : 1.14
mean E_xy^2 : 0.82
theta : 0.76
average greyscal : 66.64
average RGB [78.18,59.27,63.55]
(17 1)(46 1)(47 1)(52 1)(53 1)(60 1)(80 1)(88 2)(90 1)(112 1)
---area label--- : 3
area size : 5
mean x : 145.00
mean y : 94.00
mean E_x^2 : 0.40
mean E_y^2 : 0.80
mean E_xy^2 : 0.40
theta : -0.51
average greyscal : 91.80
average RGB [103.40,88.40,84.20]
(86 1)(92 2)(93 1)(96 1)
---area label--- : 4
area size : 623
mean x : 157.09
mean y : 113.48
mean E_x^2 : 158.46
mean E_y^2 : 52.79
mean E_xy^2 : 74.02
theta : 0.78
average greyscal : 49.91
average RGB [41.64,49.92,59.19]
(0 2)(1 1)(3 5)(5 5)(6 3)(7 1)(8 3)(9 2)(10 6)(11 4)(13 3)(14 4)(15 3)(16 4)(17 5)(18 7)(19 4)(20 6)(21 6)(22 5)(23 5)(24 11)(25 10)(26 9)(27 10)(28 6)(29 9)(30 23)(31 13)(32 13)(33 10)(34 12)(35 8)(36 9)(37 10)(38 9)(39 10)(40 7)(41 8)(42 8)(43 8)(44 5)(45 5)(46 7)(47 6)(48 8)(49 12)(50 8)(51 8)(52 10)(53 7)(54 12)(55 12)(56 16)(57 10)(58 7)(59 4)(60 2)(61 6)(62 14)(63 8)(64 10)(65 6)(66 6)(67 7)(68 9)(69 4)(70 5)(71 11)(72 7)(73 6)(74 4)(75 4)(76 3)(77 1)(78 2)(79 5)(80 4)(81 2)(82 2)(83 1)(84 5)(85 5)(86 6)(87 4)(88 3)(89 5)(90 2)(91 2)(92 1)(93 4)(94 1)(95 2)(96 1)(99 1)(102 1)(103 3)(104 3)(105 1)(107 1)(110 1)(112 2)(115 1)(118 1)(119 1)(124 1)(126 1)(129 1)(133 2)(134 1)(139 1)(147 1)(149 1)(155 1)(156 1)(163 1)(170 1)
---area label--- : 5
area size : 5
mean x : 131.00
mean y : 110.00
mean E_x^2 : 0.40
mean E_y^2 : 0.80
mean E_xy^2 : 0.40
theta : -0.51
average greyscal : 84.00
average RGB [96.40,75.80,80.80]
(58 1)(76 1)(85 1)(98 1)(103 1)
