NUMBER OF AREAS : 1
---area label--- : 1
area size : 361
mean x : 100.73
mean y : 121.74
mean E_x^2 : 72.52
mean E_y^2 : 27.21
mean E_xy^2 : 25.76
theta : 0.78
average greyscal : 58.91
average RGB [67.45,53.56,56.61]
(0 1)(1 3)(2 1)(4 3)(5 2)(6 2)(7 2)(9 2)(10 1)(11 2)(13 1)(15 1)(16 2)(17 1)(18 1)(20 1)(21 2)(22 3)(24 1)(25 4)(27 8)(28 2)(29 5)(30 2)(31 1)(32 2)(33 8)(34 3)(36 5)(37 2)(38 4)(39 2)(40 10)(41 4)(42 2)(43 4)(44 7)(45 11)(46 7)(47 7)(48 4)(49 9)(50 5)(51 5)(52 6)(53 5)(54 6)(55 2)(56 6)(57 6)(58 2)(59 5)(60 2)(61 6)(62 1)(63 6)(64 10)(65 8)(66 11)(67 10)(68 4)(69 8)(70 5)(71 7)(72 3)(73 6)(74 6)(75 4)(76 2)(78 4)(79 1)(82 3)(83 3)(84 1)(85 1)(86 3)(87 2)(89 3)(90 1)(92 1)(93 2)(94 1)(96 2)(98 3)(99 2)(101 2)(103 1)(104 2)(105 2)(107 1)(108 2)(109 4)(111 1)(112 1)(113 3)(114 1)(116 1)(117 2)(120 2)(128 3)(129 1)(131 1)(136 1)(141 2)(152 1)(156 1)(162 1)
