NUMBER OF AREAS : 3
---area label--- : 1
area size : 69
mean x : 82.64
mean y : 93.32
mean E_x^2 : 9.74
mean E_y^2 : 6.01
mean E_xy^2 : 3.55
theta : 0.77
average greyscal : 46.19
average RGB [44.88,43.30,51.16]
(1 2)(2 2)(3 3)(5 1)(6 2)(7 3)(8 1)(9 2)(10 2)(12 1)(13 2)(14 1)(15 1)(16 2)(17 1)(18 1)(19 2)(21 3)(23 3)(24 1)(29 1)(30 1)(36 1)(37 2)(38 1)(41 1)(43 2)(44 1)(47 1)(59 1)(60 1)(65 2)(72 1)(84 1)(87 1)(91 1)(104 1)(112 2)(116 1)(117 1)(121 1)(122 1)(123 1)(128 1)(130 1)(133 1)(134 1)(146 1)(154 1)
---area label--- : 2
area size : 616
mean x : 180.52
mean y : 142.18
mean E_x^2 : 162.06
mean E_y^2 : 47.15
mean E_xy^2 : 53.03
theta : 0.78
average greyscal : 54.33
average RGB [47.37,52.79,63.75]
(0 1)(3 1)(5 6)(6 1)(7 2)(8 2)(11 1)(13 5)(14 4)(15 2)(16 2)(17 2)(18 2)(19 5)(20 7)(21 5)(22 3)(23 4)(24 15)(25 8)(26 11)(27 12)(28 9)(29 3)(30 4)(31 18)(32 12)(33 10)(34 18)(35 9)(36 5)(37 8)(38 7)(39 6)(40 10)(41 15)(42 10)(43 5)(44 5)(45 8)(46 8)(47 7)(48 15)(49 10)(50 11)(51 6)(52 9)(53 12)(54 5)(55 11)(56 12)(57 8)(58 5)(59 10)(60 9)(61 11)(62 6)(63 8)(64 4)(65 10)(66 9)(67 7)(68 4)(69 8)(70 5)(71 5)(72 3)(73 5)(74 2)(75 5)(76 4)(77 5)(78 4)(79 4)(80 2)(81 3)(82 4)(83 8)(84 4)(85 5)(86 1)(87 5)(88 3)(89 6)(90 4)(91 5)(93 2)(94 4)(96 2)(97 3)(99 2)(100 3)(101 2)(103 3)(104 1)(105 1)(107 1)(108 1)(109 1)(113 2)(115 2)(117 2)(120 1)(122 1)(124 1)(125 3)(127 1)(128 1)(131 2)(132 1)(135 1)(136 1)(137 2)(141 2)(142 1)(145 1)(152 1)(153 1)(154 2)(163 1)
---area label--- : 3
area size : 5
mean x : 178.00
mean y : 154.00
mean E_x^2 : 0.40
mean E_y^2 : 0.80
mean E_xy^2 : 0.40
theta : -0.51
average greyscal : 62.80
average RGB [68.60,51.20,69.40]
(36 1)(49 1)(63 1)(68 1)(98 1)
