NUMBER OF AREAS : 4
---area label--- : 1
area size : 94
mean x : 82.56
mean y : 96.23
mean E_x^2 : 18.12
mean E_y^2 : 22.48
mean E_xy^2 : 14.78
theta : -0.78
average greyscal : 35.21
average RGB [38.28,30.67,37.68]
(3 1)(6 2)(7 1)(8 2)(9 1)(11 1)(12 3)(14 1)(15 2)(17 2)(18 3)(19 4)(20 2)(21 2)(22 2)(24 1)(25 2)(26 4)(27 2)(29 3)(30 1)(31 3)(32 2)(33 2)(34 4)(35 2)(36 1)(37 1)(40 2)(41 1)(42 3)(44 1)(45 4)(46 1)(47 2)(48 2)(50 2)(51 1)(53 1)(54 3)(56 1)(57 1)(59 2)(60 2)(67 1)(68 1)(69 2)(75 1)(76 1)(78 1)(105 1)
---area label--- : 2
area size : 802
mean x : 215.87
mean y : 199.80
mean E_x^2 : 189.99
mean E_y^2 : 58.01
mean E_xy^2 : 77.04
theta : 0.78
average greyscal : 56.39
average RGB [49.21,55.97,65.09]
(1 1)(4 1)(5 1)(6 2)(8 2)(9 1)(10 2)(11 1)(12 4)(13 3)(14 3)(15 5)(16 4)(17 1)(19 5)(20 5)(21 5)(22 8)(23 15)(24 15)(25 19)(26 16)(27 14)(28 13)(29 19)(30 16)(31 17)(32 14)(33 12)(34 6)(35 10)(36 8)(37 7)(38 4)(39 3)(40 9)(41 7)(42 3)(43 3)(44 4)(45 9)(46 7)(47 9)(48 12)(49 11)(50 9)(51 12)(52 18)(53 13)(54 13)(55 16)(56 11)(57 10)(58 18)(59 14)(60 17)(61 10)(62 11)(63 10)(64 15)(65 6)(66 9)(67 7)(68 10)(69 7)(70 10)(71 11)(72 7)(73 4)(74 8)(75 4)(76 7)(77 5)(78 3)(79 1)(80 7)(81 2)(82 9)(83 9)(84 2)(85 3)(86 2)(87 7)(88 5)(89 5)(90 9)(91 5)(92 3)(93 4)(94 3)(95 8)(96 6)(97 6)(98 5)(99 6)(100 4)(101 2)(102 5)(103 7)(104 5)(105 3)(106 1)(107 5)(109 1)(110 2)(111 5)(112 3)(113 1)(114 2)(116 1)(118 1)(119 1)(121 1)(123 1)(124 1)(125 1)(127 1)(129 1)(130 1)(132 3)(134 1)(137 1)(141 1)(145 2)
---area label--- : 3
area size : 5
mean x : 187.00
mean y : 195.00
mean E_x^2 : 0.40
mean E_y^2 : 0.80
mean E_xy^2 : 0.40
theta : -0.51
average greyscal : 96.00
average RGB [115.00,88.00,86.00]
(59 1)(83 1)(97 1)(116 1)(125 1)
---area label--- : 4
area size : 32
mean x : 195.41
mean y : 208.69
mean E_x^2 : 2.87
mean E_y^2 : 4.03
mean E_xy^2 : 2.16
theta : -0.76
average greyscal : 130.16
average RGB [137.19,120.94,133.00]
(11 1)(28 1)(58 1)(73 1)(76 1)(87 1)(89 1)(95 1)(98 1)(105 1)(110 1)(115 1)(122 1)(130 1)(136 1)(140 1)(143 1)(145 1)(146 1)(151 1)(162 1)(165 1)(169 2)(173 1)(174 1)(177 1)(179 1)(180 1)(181 1)(183 1)(195 1)
