NUMBER OF AREAS : 1
---area label--- : 1
area size : 500
mean x : 160.35
mean y : 148.34
mean E_x^2 : 175.46
mean E_y^2 : 48.11
mean E_xy^2 : 79.28
theta : 0.78
average greyscal : 57.23
average RGB [50.96,56.10,65.58]
(2 1)(8 1)(9 1)(10 1)(11 1)(12 2)(13 1)(14 3)(15 4)(16 2)(17 4)(18 6)(19 5)(20 2)(21 7)(22 5)(23 4)(24 9)(25 3)(26 5)(27 8)(28 6)(29 8)(30 5)(31 9)(32 6)(33 11)(34 2)(35 6)(36 3)(37 1)(38 7)(39 8)(40 3)(41 5)(42 5)(43 11)(44 9)(45 9)(46 10)(47 2)(48 5)(49 7)(50 5)(51 3)(52 7)(53 10)(54 9)(55 10)(56 3)(57 4)(58 4)(59 4)(60 2)(61 9)(62 2)(63 10)(64 7)(65 6)(66 8)(67 2)(68 5)(69 7)(70 6)(71 6)(72 4)(73 10)(74 7)(75 6)(76 7)(77 8)(78 4)(79 7)(80 10)(81 5)(82 3)(83 5)(84 3)(85 8)(86 4)(87 4)(88 3)(89 4)(90 2)(91 2)(92 4)(93 2)(94 2)(95 2)(96 1)(97 1)(98 4)(99 3)(100 2)(101 4)(102 3)(103 2)(104 1)(106 1)(107 2)(108 2)(109 2)(110 1)(111 2)(113 1)(115 2)(116 1)(121 1)(123 1)(128 2)(141 1)(142 1)(152 1)
