NUMBER OF AREAS : 4
---area label--- : 1
area size : 14
mean x : 70.50
mean y : 98.00
mean E_x^2 : 0.82
mean E_y^2 : 1.57
mean E_xy^2 : 0.21
theta : -0.64
average greyscal : 30.43
average RGB [30.64,31.57,30.43]
(19 1)(21 1)(22 1)(25 1)(28 1)(29 2)(32 2)(33 1)(34 1)(38 1)(40 1)(44 1)
---area label--- : 2
area size : 153
mean x : 86.71
mean y : 108.16
mean E_x^2 : 26.92
mean E_y^2 : 12.93
mean E_xy^2 : 13.71
theta : 0.78
average greyscal : 44.04
average RGB [44.16,41.56,47.31]
(0 3)(1 5)(3 5)(4 5)(5 3)(6 4)(7 1)(8 4)(9 2)(10 1)(11 3)(12 2)(13 1)(14 1)(15 2)(17 1)(18 3)(19 1)(20 1)(21 3)(22 3)(23 1)(24 3)(25 3)(26 2)(27 2)(28 2)(30 3)(31 1)(32 7)(33 2)(34 3)(35 1)(36 2)(37 1)(38 1)(39 5)(40 2)(41 3)(42 2)(43 1)(44 1)(45 4)(46 4)(47 1)(52 2)(53 5)(55 1)(58 1)(60 1)(66 1)(71 1)(77 1)(78 1)(80 1)(81 1)(82 1)(87 1)(93 2)(95 1)(98 3)(99 1)(102 2)(106 1)(110 1)(115 1)(118 1)(134 1)(139 2)(160 1)(162 2)(163 1)(166 1)(170 1)(172 1)(174 1)
---area label--- : 3
area size : 222
mean x : 145.82
mean y : 161.32
mean E_x^2 : 15.44
mean E_y^2 : 24.22
mean E_xy^2 : -4.79
theta : -0.78
average greyscal : 63.76
average RGB [67.55,60.47,64.28]
(3 1)(5 1)(14 1)(16 1)(19 1)(20 1)(34 1)(35 3)(36 1)(38 1)(39 2)(41 2)(42 3)(43 2)(44 3)(45 1)(46 5)(47 6)(48 3)(49 3)(50 7)(51 6)(52 4)(53 4)(54 4)(56 5)(57 2)(59 7)(60 4)(61 7)(62 7)(63 4)(64 10)(65 8)(66 14)(67 4)(68 8)(69 9)(70 7)(71 7)(72 8)(73 5)(74 3)(75 3)(76 1)(77 1)(78 4)(82 2)(83 1)(84 1)(86 1)(88 2)(90 1)(91 1)(92 1)(94 1)(98 1)(99 2)(101 2)(104 1)(105 1)(106 1)(107 1)(108 1)(109 1)(110 1)(112 2)(120 1)(153 1)
---area label--- : 4
area size : 5
mean x : 89.00
mean y : 249.00
mean E_x^2 : 0.40
mean E_y^2 : 0.80
mean E_xy^2 : 0.40
theta : -0.51
average greyscal : 33.40
average RGB [43.60,28.00,29.00]
(15 1)(20 1)(26 1)(35 1)(71 1)
