NUMBER OF AREAS : 1
---area label--- : 1
area size : 616
mean x : 203.31
mean y : 234.88
mean E_x^2 : 178.21
mean E_y^2 : 24.66
mean E_xy^2 : -5.04
theta : 0.78
average greyscal : 59.75
average RGB [55.92,57.68,66.62]
(2 1)(4 2)(5 1)(6 1)(7 1)(9 1)(10 2)(11 2)(12 1)(13 1)(14 1)(15 2)(17 4)(18 2)(19 3)(20 4)(21 2)(22 2)(23 7)(24 10)(25 14)(26 13)(27 18)(28 11)(29 13)(30 17)(31 19)(32 20)(33 12)(34 10)(35 10)(36 6)(37 15)(38 12)(39 4)(40 9)(41 8)(42 7)(43 5)(44 2)(45 5)(46 3)(47 5)(48 5)(49 2)(50 3)(51 4)(52 9)(53 8)(54 5)(55 10)(56 11)(57 9)(58 3)(59 6)(60 11)(61 8)(62 10)(63 10)(64 10)(65 13)(66 6)(67 6)(68 6)(69 8)(70 6)(71 7)(72 6)(73 7)(74 10)(75 8)(76 8)(77 4)(78 3)(79 2)(80 3)(81 3)(83 4)(84 2)(85 1)(86 1)(87 1)(88 1)(90 2)(91 1)(92 2)(93 2)(94 4)(95 2)(97 5)(98 1)(99 1)(101 3)(102 1)(103 2)(104 3)(107 2)(110 1)(116 2)(118 2)(119 1)(121 1)(123 1)(124 1)(125 1)(128 1)(131 1)(132 1)(137 1)(139 1)(141 1)(143 1)(149 1)(152 3)(153 1)(156 1)(160 1)(161 1)(164 1)(165 1)(166 1)(170 1)(172 1)(173 1)(176 2)(177 2)(179 1)(181 1)(183 2)(189 2)(190 1)(191 1)(193 1)(194 1)(197 2)(198 1)(200 1)(201 1)(203 2)(205 1)(206 1)(208 1)(216 1)(220 1)
