NUMBER OF AREAS : 1
---area label--- : 1
area size : 161
mean x : 86.06
mean y : 94.03
mean E_x^2 : 31.35
mean E_y^2 : 32.04
mean E_xy^2 : 25.15
theta : -0.79
average greyscal : 50.25
average RGB [54.78,47.41,49.55]
(0 4)(1 2)(2 3)(3 1)(4 2)(5 2)(6 1)(7 2)(8 1)(9 2)(10 1)(14 3)(15 3)(16 2)(17 1)(18 1)(19 2)(21 3)(22 1)(23 1)(24 4)(25 1)(26 1)(27 1)(30 2)(31 1)(32 2)(34 2)(35 5)(37 1)(38 2)(39 6)(40 4)(41 1)(42 1)(43 4)(44 2)(45 2)(46 5)(47 1)(48 1)(49 1)(50 5)(51 2)(52 4)(53 1)(54 5)(55 4)(56 3)(57 1)(58 4)(59 5)(60 2)(61 2)(62 1)(63 2)(64 3)(67 1)(71 1)(73 1)(75 1)(81 1)(88 1)(91 2)(92 1)(97 1)(99 1)(100 1)(114 1)(116 1)(120 1)(128 1)(130 1)(133 1)(135 1)(136 1)(137 1)(140 1)(143 1)(144 1)(145 1)(146 1)(147 1)(151 1)(153 1)
