NUMBER OF AREAS : 2
---area label--- : 1
area size : 29
mean x : 84.86
mean y : 76.10
mean E_x^2 : 3.64
mean E_y^2 : 4.99
mean E_xy^2 : 3.19
theta : -0.77
average greyscal : 29.31
average RGB [29.55,27.17,32.31]
(1 1)(6 1)(9 1)(12 1)(13 1)(17 1)(18 1)(19 1)(20 2)(22 1)(24 1)(25 2)(27 2)(30 2)(31 3)(33 1)(38 2)(43 1)(46 1)(53 1)(80 1)(81 1)
---area label--- : 2
area size : 531
mean x : 278.47
mean y : 272.76
mean E_x^2 : 68.80
mean E_y^2 : 53.87
mean E_xy^2 : -26.67
theta : 0.78
average greyscal : 45.50
average RGB [35.40,45.89,56.10]
(6 1)(13 1)(14 1)(15 1)(18 3)(19 3)(20 7)(21 2)(22 12)(23 7)(24 14)(25 8)(26 10)(27 14)(28 8)(29 8)(30 11)(31 6)(32 5)(33 11)(34 6)(35 7)(36 4)(37 9)(38 11)(39 11)(40 10)(41 15)(42 18)(43 6)(44 17)(45 13)(46 19)(47 20)(48 15)(49 22)(50 16)(51 13)(52 11)(53 8)(54 10)(55 12)(56 7)(57 8)(58 5)(59 10)(60 7)(61 5)(62 6)(63 8)(64 2)(65 3)(66 7)(67 6)(68 4)(69 6)(70 3)(72 4)(73 5)(74 7)(75 3)(76 1)(77 6)(78 2)(79 2)(80 2)(81 3)(84 1)(85 1)(89 1)
