NUMBER OF AREAS : 2
---area label--- : 1
area size : 230
mean x : 145.97
mean y : 161.31
mean E_x^2 : 16.28
mean E_y^2 : 24.01
mean E_xy^2 : -4.56
theta : -0.78
average greyscal : 61.97
average RGB [62.69,60.82,63.36]
(1 1)(13 1)(14 1)(22 1)(23 1)(31 1)(32 2)(33 1)(35 3)(36 3)(37 1)(39 2)(40 5)(41 5)(42 3)(43 1)(44 6)(45 3)(46 6)(47 8)(48 3)(49 5)(50 5)(51 2)(52 3)(53 2)(54 6)(55 3)(56 1)(57 3)(58 9)(59 6)(60 7)(61 8)(62 9)(63 5)(64 13)(65 6)(66 7)(67 10)(68 5)(69 4)(70 2)(71 4)(72 3)(73 2)(74 4)(75 2)(76 3)(78 2)(79 1)(80 1)(82 1)(83 1)(84 1)(87 1)(88 1)(89 1)(94 2)(95 1)(97 3)(98 1)(101 3)(103 2)(105 1)(106 1)(107 3)(115 1)(116 1)(117 2)(134 1)(152 1)
---area label--- : 2
area size : 466
mean x : 128.65
mean y : 189.15
mean E_x^2 : 116.35
mean E_y^2 : 26.89
mean E_xy^2 : 38.87
theta : 0.78
average greyscal : 74.16
average RGB [87.58,68.20,67.74]
(0 2)(1 3)(2 4)(3 2)(4 3)(5 7)(7 1)(9 4)(10 3)(11 2)(12 3)(13 6)(14 3)(15 3)(16 2)(17 1)(18 2)(19 2)(20 2)(21 2)(22 1)(23 2)(24 2)(25 2)(26 4)(27 5)(28 3)(29 1)(30 3)(31 3)(32 2)(33 3)(34 3)(35 4)(36 1)(37 5)(38 1)(39 2)(40 9)(41 8)(42 4)(43 10)(44 3)(45 4)(46 5)(47 5)(48 9)(49 7)(50 6)(51 6)(52 2)(53 9)(54 7)(55 4)(56 4)(57 4)(58 4)(59 8)(60 2)(61 10)(62 4)(63 3)(64 4)(65 5)(66 4)(67 7)(68 6)(69 5)(70 5)(71 6)(72 6)(73 5)(74 2)(75 2)(76 6)(77 6)(78 2)(79 5)(80 2)(81 3)(82 2)(83 1)(84 6)(85 2)(86 1)(87 2)(88 1)(89 3)(90 2)(91 5)(92 2)(94 2)(96 1)(97 1)(98 1)(100 2)(101 2)(102 4)(103 4)(105 2)(106 4)(108 1)(109 1)(111 1)(112 2)(117 2)(119 2)(121 2)(122 3)(123 1)(127 2)(128 1)(129 2)(130 3)(131 2)(133 1)(134 1)(136 2)(137 4)(138 2)(139 1)(140 3)(142 4)(143 3)(144 1)(145 2)(146 2)(147 1)(154 1)(157 3)(158 1)(161 1)(163 1)(165 1)(167 1)(170 1)(171 1)(173 1)(176 1)(178 1)(182 1)(183 1)(184 1)(185 1)(187 1)(188 1)(189 1)(191 1)(198 1)(199 1)(200 1)(203 1)(206 1)(209 1)(211 2)(219 1)(222 1)(225 1)(229 1)(231 1)(238 1)(240 2)(241 1)(242 1)(251 1)
