NUMBER OF AREAS : 2
---area label--- : 1
area size : 224
mean x : 145.78
mean y : 161.21
mean E_x^2 : 15.75
mean E_y^2 : 23.74
mean E_xy^2 : -4.82
theta : -0.78
average greyscal : 64.67
average RGB [67.31,62.13,65.43]
(1 1)(14 1)(17 1)(22 1)(30 1)(31 1)(38 1)(40 1)(41 2)(42 3)(44 2)(45 3)(46 6)(47 5)(48 8)(49 2)(50 1)(51 3)(52 4)(53 5)(54 4)(55 6)(56 5)(57 6)(58 5)(59 7)(60 5)(61 9)(62 3)(63 10)(64 5)(65 10)(66 8)(67 11)(68 7)(69 7)(70 3)(71 10)(72 4)(73 5)(74 7)(75 2)(76 2)(77 1)(79 2)(81 2)(83 1)(86 1)(87 1)(89 1)(91 1)(92 1)(95 1)(97 1)(99 2)(100 1)(101 3)(102 2)(104 1)(105 1)(106 1)(108 1)(109 1)(110 1)(113 1)(127 1)(129 1)(138 1)
---area label--- : 2
area size : 326
mean x : 114.48
mean y : 161.92
mean E_x^2 : 122.80
mean E_y^2 : 16.41
mean E_xy^2 : 28.61
theta : 0.77
average greyscal : 56.22
average RGB [61.30,52.58,55.81]
(0 1)(1 5)(2 2)(3 3)(4 1)(5 1)(7 3)(8 3)(9 2)(10 4)(11 1)(12 2)(13 1)(14 5)(15 4)(16 2)(17 3)(18 2)(19 3)(20 6)(21 4)(22 2)(23 6)(24 2)(25 3)(26 5)(27 6)(28 7)(29 4)(30 6)(31 7)(32 7)(33 5)(34 9)(35 4)(36 3)(37 10)(38 9)(39 6)(40 4)(41 3)(42 5)(43 2)(44 3)(45 2)(46 3)(47 2)(48 2)(50 3)(51 3)(53 2)(54 3)(55 4)(56 1)(57 2)(59 4)(60 1)(61 2)(62 3)(64 1)(65 2)(66 2)(68 5)(69 2)(72 1)(73 3)(74 2)(75 3)(76 1)(77 1)(78 5)(79 2)(81 2)(82 1)(83 1)(84 1)(85 1)(86 1)(87 4)(88 3)(90 2)(91 2)(92 1)(94 2)(97 1)(98 1)(99 1)(100 3)(101 1)(102 1)(103 1)(104 3)(105 4)(106 1)(107 2)(108 1)(109 2)(110 1)(111 1)(113 1)(114 3)(117 1)(118 1)(119 3)(120 1)(121 2)(123 2)(124 3)(125 1)(129 1)(130 1)(131 2)(134 1)(135 2)(143 1)(144 1)(149 1)(158 1)(165 1)(168 2)(173 1)(174 1)(176 1)(179 1)(185 1)(187 1)
