NUMBER OF AREAS : 3
---area label--- : 1
area size : 30
mean x : 83.37
mean y : 75.77
mean E_x^2 : 2.37
mean E_y^2 : 5.78
mean E_xy^2 : 1.75
theta : -0.72
average greyscal : 27.40
average RGB [25.73,28.13,29.40]
(0 1)(1 1)(3 1)(6 1)(8 2)(10 3)(11 2)(12 2)(13 2)(14 1)(15 1)(17 1)(19 1)(21 1)(26 1)(27 1)(39 2)(47 2)(59 1)(98 2)(128 1)
---area label--- : 2
area size : 8
mean x : 137.50
mean y : 83.50
mean E_x^2 : 0.75
mean E_y^2 : 1.25
mean E_xy^2 : 0.75
theta : -0.66
average greyscal : 66.25
average RGB [77.00,59.25,63.25]
(25 1)(39 1)(43 1)(62 1)(68 1)(94 1)(99 1)(100 1)
---area label--- : 3
area size : 637
mean x : 156.28
mean y : 112.24
mean E_x^2 : 160.38
mean E_y^2 : 65.24
mean E_xy^2 : 84.68
theta : 0.78
average greyscal : 51.76
average RGB [42.76,51.96,61.62]
(3 4)(4 2)(5 3)(6 3)(7 2)(8 2)(9 3)(10 3)(11 2)(12 4)(13 2)(14 2)(15 3)(16 5)(17 4)(18 5)(19 5)(20 5)(21 4)(22 5)(23 5)(24 5)(25 12)(26 5)(27 14)(28 16)(29 10)(30 7)(31 9)(32 12)(33 19)(34 13)(35 11)(36 12)(37 10)(38 8)(39 12)(40 13)(41 12)(42 6)(43 8)(44 12)(45 8)(46 8)(47 7)(48 3)(49 7)(50 13)(51 10)(52 10)(53 11)(54 13)(55 11)(56 6)(57 4)(58 5)(59 5)(60 13)(61 5)(62 5)(63 9)(64 7)(65 2)(66 3)(67 11)(68 6)(69 5)(70 6)(71 3)(72 5)(73 5)(74 7)(75 3)(76 6)(77 5)(78 8)(79 1)(80 6)(81 3)(82 6)(83 8)(84 6)(85 3)(86 3)(87 2)(88 4)(89 6)(90 2)(91 2)(92 3)(93 4)(96 1)(97 2)(98 3)(100 1)(101 1)(102 2)(103 1)(104 4)(106 1)(107 2)(108 2)(109 2)(112 1)(113 1)(114 1)(116 1)(118 1)(122 3)(124 1)(126 1)(127 1)(128 1)(131 1)(135 2)(138 1)(141 1)(142 1)(144 2)(145 1)(156 1)
