NUMBER OF AREAS : 2
---area label--- : 1
area size : 102
mean x : 82.34
mean y : 89.85
mean E_x^2 : 25.83
mean E_y^2 : 12.36
mean E_xy^2 : 14.64
theta : 0.77
average greyscal : 36.26
average RGB [40.06,31.88,37.65]
(0 1)(5 1)(6 1)(10 1)(12 1)(14 2)(16 1)(17 1)(18 2)(19 3)(20 1)(21 1)(22 1)(23 3)(24 4)(25 1)(26 2)(27 1)(28 6)(29 2)(30 4)(31 7)(32 2)(33 1)(34 3)(35 3)(36 1)(37 2)(38 3)(39 5)(40 1)(41 4)(42 2)(43 1)(44 2)(45 3)(46 4)(48 2)(49 1)(50 2)(52 1)(53 3)(57 1)(58 1)(59 1)(63 2)(65 1)(98 1)(111 1)(126 1)
---area label--- : 2
area size : 786
mean x : 189.70
mean y : 165.18
mean E_x^2 : 185.05
mean E_y^2 : 43.54
mean E_xy^2 : 55.48
theta : 0.78
average greyscal : 53.16
average RGB [43.65,52.88,64.06]
(2 2)(3 1)(4 1)(5 2)(6 3)(7 2)(8 5)(9 1)(10 4)(11 3)(12 3)(13 2)(14 2)(15 2)(16 1)(17 7)(18 1)(19 7)(20 9)(21 5)(22 6)(23 6)(24 7)(25 19)(26 11)(27 13)(28 7)(29 7)(30 23)(31 13)(32 20)(33 18)(34 10)(35 8)(36 13)(37 9)(38 15)(39 9)(40 9)(41 10)(42 5)(43 5)(44 11)(45 8)(46 7)(47 8)(48 12)(49 8)(50 12)(51 6)(52 8)(53 8)(54 17)(55 20)(56 9)(57 14)(58 5)(59 8)(60 6)(61 10)(62 23)(63 14)(64 8)(65 10)(66 7)(67 17)(68 9)(69 13)(70 14)(71 6)(72 13)(73 7)(74 9)(75 13)(76 11)(77 11)(78 8)(79 5)(80 5)(81 9)(82 3)(83 9)(84 8)(85 5)(86 5)(87 2)(88 4)(89 6)(90 4)(91 3)(92 3)(93 1)(94 3)(95 2)(96 2)(99 3)(100 2)(102 2)(103 1)(105 1)(106 1)(107 1)(108 1)(109 2)(113 1)(118 1)(119 1)(121 1)(122 1)(124 2)(125 1)(126 1)(127 1)(129 1)(132 2)(138 2)(156 1)(157 1)
