NUMBER OF AREAS : 1
---area label--- : 1
area size : 367
mean x : 102.59
mean y : 123.47
mean E_x^2 : 77.24
mean E_y^2 : 28.59
mean E_xy^2 : 29.06
theta : 0.78
average greyscal : 59.99
average RGB [66.83,53.74,60.40]
(0 2)(1 1)(2 2)(3 2)(4 1)(5 1)(6 2)(7 3)(8 1)(9 4)(10 1)(11 1)(13 3)(14 3)(18 2)(19 3)(20 3)(21 1)(22 2)(23 4)(25 2)(26 2)(27 5)(28 1)(29 4)(30 3)(31 6)(32 4)(33 2)(34 3)(35 3)(36 2)(37 4)(38 3)(39 5)(40 4)(41 7)(42 3)(43 2)(44 8)(45 9)(46 10)(47 8)(48 4)(49 3)(50 4)(51 7)(52 6)(53 3)(54 3)(55 1)(56 4)(57 1)(58 5)(59 3)(60 5)(61 2)(62 8)(63 5)(64 7)(65 8)(66 7)(67 10)(68 3)(69 11)(70 6)(71 7)(72 7)(73 5)(74 3)(75 4)(76 3)(77 2)(78 1)(79 1)(80 6)(81 1)(82 1)(83 1)(84 1)(85 2)(86 2)(87 2)(89 1)(91 3)(92 2)(94 1)(95 1)(96 4)(98 2)(100 3)(101 1)(102 3)(103 2)(104 2)(105 3)(108 1)(110 1)(112 2)(113 2)(115 1)(117 1)(119 1)(120 2)(121 1)(122 1)(123 3)(125 1)(126 1)(127 1)(129 2)(130 1)(133 1)(134 1)(138 1)(142 1)(145 1)(149 1)(151 1)(153 1)(158 1)(178 1)
