NUMBER OF AREAS : 4
---area label--- : 1
area size : 563
mean x : 155.27
mean y : 134.91
mean E_x^2 : 128.83
mean E_y^2 : 59.08
mean E_xy^2 : 63.59
theta : 0.78
average greyscal : 49.11
average RGB [41.52,48.73,58.13]
(0 5)(1 2)(2 2)(3 2)(4 2)(5 5)(6 2)(7 4)(8 4)(9 3)(10 5)(11 3)(12 3)(13 2)(14 3)(15 4)(16 3)(17 6)(18 3)(19 2)(20 3)(21 6)(22 5)(23 3)(24 5)(25 8)(26 11)(27 11)(28 12)(29 18)(30 13)(31 8)(32 13)(33 8)(34 8)(35 11)(36 5)(37 8)(38 9)(39 5)(40 8)(41 7)(42 9)(43 6)(44 10)(45 4)(46 6)(47 9)(48 8)(49 11)(50 15)(51 7)(52 12)(53 17)(54 6)(55 7)(56 12)(57 5)(58 8)(59 6)(60 7)(61 9)(62 1)(63 5)(64 7)(65 3)(66 1)(67 3)(68 6)(69 6)(70 2)(71 1)(72 2)(73 1)(74 6)(75 5)(77 6)(78 6)(79 2)(80 2)(81 1)(82 4)(83 2)(84 2)(85 1)(86 2)(87 1)(88 1)(89 3)(90 3)(91 4)(92 2)(93 2)(95 3)(96 2)(97 3)(98 2)(99 1)(100 3)(102 3)(103 3)(104 2)(105 3)(106 2)(107 1)(108 1)(109 1)(110 2)(122 1)(126 1)(127 2)(128 1)(137 1)(143 1)(150 1)(151 1)(152 1)(154 1)(158 1)(162 1)(187 1)
---area label--- : 2
area size : 11
mean x : 165.00
mean y : 121.00
mean E_x^2 : 1.27
mean E_y^2 : 0.73
mean E_xy^2 : 0.36
theta : 0.64
average greyscal : 73.36
average RGB [82.18,65.36,72.91]
(51 1)(60 1)(61 1)(69 1)(74 1)(78 2)(80 1)(83 1)(84 1)(89 1)
---area label--- : 3
area size : 5
mean x : 150.00
mean y : 146.00
mean E_x^2 : 0.40
mean E_y^2 : 0.80
mean E_xy^2 : 0.40
theta : -0.51
average greyscal : 69.00
average RGB [74.80,68.60,64.60]
(56 1)(57 1)(59 1)(68 1)(105 1)
---area label--- : 4
area size : 8
mean x : 156.50
mean y : 151.50
mean E_x^2 : 0.75
mean E_y^2 : 1.25
mean E_xy^2 : 0.75
theta : -0.66
average greyscal : 66.50
average RGB [69.00,65.25,66.88]
(31 1)(43 1)(58 1)(61 1)(77 1)(83 1)(86 1)(93 1)
