NUMBER OF AREAS : 2
---area label--- : 1
area size : 520
mean x : 197.20
mean y : 219.22
mean E_x^2 : 81.01
mean E_y^2 : 60.02
mean E_xy^2 : 1.52
theta : 0.78
average greyscal : 86.09
average RGB [70.62,85.37,103.28]
(0 1)(4 3)(6 4)(7 1)(9 3)(10 3)(11 1)(12 3)(13 2)(14 4)(15 3)(18 5)(20 5)(21 4)(22 2)(23 5)(24 4)(25 5)(26 4)(27 5)(28 11)(29 4)(30 6)(31 9)(32 9)(33 6)(34 9)(35 16)(36 13)(37 8)(38 6)(39 13)(40 8)(41 4)(42 5)(43 9)(44 3)(45 2)(46 3)(48 5)(49 2)(50 5)(51 2)(52 3)(53 2)(56 2)(57 1)(58 3)(59 1)(60 1)(61 3)(62 3)(63 1)(64 4)(65 2)(66 7)(68 5)(70 1)(71 2)(72 3)(73 5)(74 3)(75 2)(76 2)(77 7)(78 4)(79 1)(80 8)(81 6)(82 5)(83 4)(84 3)(85 1)(86 3)(87 3)(88 3)(89 2)(90 1)(91 1)(92 1)(93 1)(94 5)(95 2)(96 2)(97 4)(99 3)(100 1)(102 4)(103 2)(104 1)(105 1)(106 2)(107 2)(108 1)(109 3)(111 1)(114 2)(115 1)(116 1)(117 1)(119 1)(121 2)(122 3)(124 1)(125 2)(127 1)(128 2)(132 1)(133 1)(134 1)(136 1)(138 3)(139 4)(140 3)(141 1)(142 3)(143 1)(144 1)(145 2)(146 2)(147 1)(148 1)(150 1)(152 1)(153 3)(154 2)(157 2)(159 2)(161 2)(162 1)(164 1)(165 3)(166 4)(167 3)(168 1)(170 1)(171 1)(174 3)(175 1)(176 4)(180 2)(181 1)(183 1)(184 1)(185 1)(187 1)(188 1)(189 1)(190 1)(191 1)(192 2)(193 1)(194 3)(195 2)(196 6)(197 4)(198 4)(199 5)(200 1)(201 5)(202 5)(204 3)(205 4)(206 2)(207 1)(209 1)(211 3)(213 1)(214 1)(219 1)(227 1)(231 1)(240 1)(247 1)
---area label--- : 2
area size : 70
mean x : 169.37
mean y : 211.31
mean E_x^2 : 5.89
mean E_y^2 : 6.76
mean E_xy^2 : -0.13
theta : -0.78
average greyscal : 116.37
average RGB [150.60,107.00,92.59]
(5 1)(12 1)(14 1)(18 1)(20 2)(38 2)(42 1)(44 1)(61 1)(63 2)(76 1)(78 1)(80 1)(85 1)(94 1)(97 1)(98 1)(100 1)(102 1)(103 2)(108 2)(110 2)(111 1)(114 3)(116 1)(119 1)(121 1)(123 1)(125 2)(127 2)(129 1)(131 1)(133 1)(134 1)(135 1)(138 1)(139 1)(143 2)(147 1)(149 2)(151 1)(156 1)(157 2)(161 1)(165 2)(169 1)(175 1)(176 2)(181 1)(187 1)(190 1)(191 1)(193 1)(200 2)
