NUMBER OF AREAS : 3
---area label--- : 1
area size : 226
mean x : 145.73
mean y : 161.31
mean E_x^2 : 15.79
mean E_y^2 : 24.39
mean E_xy^2 : -4.92
theta : -0.78
average greyscal : 63.68
average RGB [65.38,61.84,64.84]
(0 1)(11 1)(13 1)(27 1)(29 1)(30 2)(31 1)(32 1)(35 2)(36 1)(37 1)(38 1)(39 2)(40 2)(42 1)(43 1)(44 3)(45 6)(46 4)(47 5)(48 4)(49 6)(50 6)(51 2)(52 4)(53 2)(54 4)(55 6)(56 5)(57 7)(58 6)(59 4)(60 8)(61 2)(62 8)(63 7)(64 6)(65 8)(66 4)(67 8)(68 8)(69 11)(70 3)(71 5)(72 8)(73 3)(74 5)(75 2)(76 1)(77 5)(80 1)(81 3)(82 1)(86 2)(89 3)(94 1)(95 1)(98 1)(100 2)(101 2)(104 2)(109 1)(110 1)(111 3)(112 1)(115 1)(116 1)(132 1)(139 2)
---area label--- : 2
area size : 357
mean x : 124.01
mean y : 182.57
mean E_x^2 : 126.64
mean E_y^2 : 20.50
mean E_xy^2 : 37.04
theta : 0.78
average greyscal : 62.99
average RGB [74.00,55.48,60.40]
(0 2)(1 3)(2 3)(3 1)(4 1)(5 2)(6 1)(7 5)(8 1)(9 1)(10 1)(11 2)(12 3)(13 2)(14 2)(15 3)(16 3)(17 1)(18 3)(19 1)(20 3)(21 4)(22 1)(23 2)(24 1)(25 4)(26 3)(27 4)(28 2)(29 6)(30 3)(31 5)(32 8)(33 4)(34 8)(35 2)(36 5)(37 5)(38 3)(39 7)(40 11)(41 10)(42 9)(43 7)(44 8)(45 3)(46 6)(47 3)(48 6)(49 2)(50 5)(51 5)(52 5)(53 2)(54 1)(55 5)(56 1)(57 2)(58 3)(59 2)(61 3)(62 3)(63 1)(64 2)(65 2)(66 2)(67 2)(68 2)(69 1)(70 3)(71 1)(72 2)(75 3)(76 4)(80 3)(84 1)(85 2)(86 1)(87 1)(88 2)(90 3)(91 2)(92 2)(94 1)(95 1)(96 1)(97 3)(98 1)(101 2)(102 2)(103 2)(104 2)(106 4)(107 2)(108 2)(110 1)(111 1)(112 3)(113 1)(116 1)(118 4)(119 1)(120 1)(121 2)(122 1)(124 5)(125 1)(126 3)(127 2)(128 2)(129 1)(130 2)(131 1)(132 3)(133 5)(134 3)(135 2)(136 1)(137 2)(138 1)(139 4)(142 1)(144 3)(145 1)(148 1)(149 1)(159 2)(160 1)(162 1)(168 2)(170 1)(185 1)
---area label--- : 3
area size : 20
mean x : 126.30
mean y : 193.30
mean E_x^2 : 1.81
mean E_y^2 : 2.11
mean E_xy^2 : 0.71
theta : -0.77
average greyscal : 154.50
average RGB [163.10,142.50,159.10]
(54 1)(90 1)(116 1)(119 1)(126 1)(137 1)(149 1)(151 1)(152 1)(163 1)(164 1)(167 1)(170 1)(175 1)(180 1)(181 1)(183 1)(197 1)(200 1)(216 1)
