NUMBER OF AREAS : 2
---area label--- : 1
area size : 30
mean x : 82.83
mean y : 88.70
mean E_x^2 : 5.01
mean E_y^2 : 4.88
mean E_xy^2 : 4.22
theta : 0.78
average greyscal : 24.67
average RGB [25.80,24.03,25.20]
(1 1)(3 1)(4 1)(5 1)(6 1)(9 1)(11 1)(14 1)(16 1)(17 1)(18 2)(19 2)(20 1)(25 2)(28 1)(30 1)(31 2)(33 1)(36 1)(37 1)(39 1)(40 1)(42 1)(45 1)(51 1)(67 1)
---area label--- : 2
area size : 500
mean x : 168.91
mean y : 124.21
mean E_x^2 : 103.27
mean E_y^2 : 70.26
mean E_xy^2 : 62.62
theta : 0.78
average greyscal : 50.12
average RGB [46.28,48.20,56.92]
(0 1)(1 3)(2 1)(3 3)(4 3)(5 1)(6 3)(7 3)(8 3)(9 1)(10 4)(11 5)(12 5)(13 3)(14 5)(15 2)(16 3)(17 5)(18 3)(19 4)(20 2)(21 3)(23 6)(24 6)(25 2)(26 12)(27 13)(28 8)(29 6)(30 8)(31 8)(32 12)(33 8)(34 6)(35 7)(36 7)(37 12)(38 8)(39 5)(40 4)(41 7)(42 13)(43 5)(44 3)(45 5)(46 3)(47 3)(48 7)(49 6)(50 3)(51 7)(52 7)(53 10)(54 5)(55 5)(56 12)(57 8)(58 5)(59 11)(60 10)(61 4)(62 7)(63 7)(64 6)(65 8)(66 8)(67 7)(68 6)(69 4)(70 7)(71 6)(72 5)(73 3)(74 5)(75 5)(76 4)(77 3)(78 2)(79 3)(80 3)(81 3)(82 4)(83 1)(84 1)(85 4)(86 1)(87 2)(88 2)(89 2)(90 2)(92 2)(94 2)(95 1)(96 1)(97 1)(99 3)(100 2)(103 3)(104 2)(106 2)(109 1)(113 1)(114 1)(115 1)(119 1)(120 1)(123 1)(125 1)(132 1)(133 1)(135 2)(136 2)(139 1)(141 1)(144 1)
