NUMBER OF AREAS : 4
---area label--- : 1
area size : 11
mean x : 71.00
mean y : 99.36
mean E_x^2 : 1.27
mean E_y^2 : 1.14
mean E_xy^2 : 0.82
theta : 0.76
average greyscal : 26.36
average RGB [33.45,22.36,23.73]
(12 1)(22 1)(23 3)(25 1)(26 2)(28 1)(29 1)(53 1)
---area label--- : 2
area size : 121
mean x : 85.79
mean y : 108.96
mean E_x^2 : 23.77
mean E_y^2 : 11.69
mean E_xy^2 : 13.15
theta : 0.77
average greyscal : 33.09
average RGB [36.95,30.49,32.66]
(0 2)(1 1)(2 2)(3 3)(5 5)(7 1)(8 1)(9 2)(10 1)(11 2)(15 2)(16 1)(17 1)(18 1)(20 4)(22 3)(23 3)(24 2)(25 2)(26 1)(27 4)(28 3)(29 3)(30 6)(31 3)(32 5)(33 6)(34 1)(35 1)(36 2)(38 6)(39 4)(40 6)(41 3)(42 2)(43 1)(45 2)(46 2)(47 2)(49 1)(50 1)(54 1)(57 2)(58 2)(59 1)(60 1)(61 3)(65 1)(69 1)(81 1)(83 1)(94 1)(95 1)(107 1)
---area label--- : 3
area size : 222
mean x : 145.84
mean y : 161.20
mean E_x^2 : 15.60
mean E_y^2 : 23.92
mean E_xy^2 : -4.93
theta : -0.78
average greyscal : 63.65
average RGB [66.08,62.09,63.78]
(3 1)(6 1)(11 1)(20 1)(21 1)(23 1)(34 1)(36 1)(37 1)(38 1)(39 1)(40 3)(41 2)(43 2)(44 3)(45 3)(46 3)(47 3)(48 4)(50 5)(51 4)(52 5)(53 4)(54 9)(55 7)(56 3)(57 4)(58 5)(59 6)(60 9)(61 7)(62 5)(63 10)(64 10)(65 8)(66 5)(67 4)(68 5)(69 15)(70 7)(71 3)(72 5)(73 5)(74 5)(75 3)(76 1)(78 1)(79 3)(84 1)(85 1)(86 1)(87 1)(89 1)(90 2)(93 1)(95 1)(96 2)(98 1)(99 1)(101 1)(102 1)(105 1)(106 1)(107 1)(109 1)(111 1)(112 1)(113 1)(117 1)(120 1)(154 1)
---area label--- : 4
area size : 5
mean x : 89.00
mean y : 249.00
mean E_x^2 : 0.40
mean E_y^2 : 0.80
mean E_xy^2 : 0.40
theta : -0.51
average greyscal : 32.40
average RGB [48.60,32.00,17.00]
(13 1)(15 1)(25 1)(43 1)(66 1)
