NUMBER OF AREAS : 1
---area label--- : 1
area size : 614
mean x : 153.01
mean y : 125.42
mean E_x^2 : 146.56
mean E_y^2 : 60.30
mean E_xy^2 : 74.71
theta : 0.78
average greyscal : 48.84
average RGB [40.67,49.27,57.60]
(0 2)(1 4)(2 4)(3 4)(4 7)(5 4)(7 3)(8 1)(9 2)(10 4)(11 5)(12 7)(13 2)(15 3)(16 6)(17 3)(18 5)(19 3)(20 7)(21 4)(22 3)(23 6)(24 10)(25 6)(26 11)(27 6)(28 10)(29 13)(30 13)(31 18)(32 16)(33 11)(34 11)(35 10)(36 8)(37 12)(38 8)(39 6)(40 9)(41 8)(42 5)(43 7)(44 5)(45 7)(46 4)(47 13)(48 15)(49 10)(50 10)(51 9)(52 10)(53 7)(54 8)(55 10)(56 7)(57 11)(58 7)(59 8)(60 9)(61 8)(62 8)(63 12)(64 5)(65 7)(66 7)(67 3)(68 6)(69 9)(70 5)(71 5)(72 3)(73 5)(74 6)(75 2)(76 4)(77 5)(78 2)(79 4)(80 3)(81 1)(82 4)(83 1)(84 1)(85 1)(86 2)(88 1)(89 1)(90 3)(91 2)(92 4)(93 1)(94 3)(96 5)(97 2)(99 2)(100 4)(101 2)(103 2)(105 2)(106 1)(108 1)(109 1)(110 3)(112 1)(113 1)(114 1)(115 1)(118 2)(122 1)(123 2)(129 2)(133 1)(138 1)(142 1)(143 1)(146 1)(147 1)(176 1)
