NUMBER OF AREAS : 1
---area label--- : 1
area size : 465
mean x : 148.22
mean y : 123.66
mean E_x^2 : 161.95
mean E_y^2 : 48.35
mean E_xy^2 : 75.62
theta : 0.78
average greyscal : 51.69
average RGB [46.49,49.17,60.26]
(0 4)(2 1)(3 2)(4 3)(5 2)(6 2)(7 3)(8 2)(9 2)(10 5)(11 4)(12 2)(13 3)(14 2)(15 2)(16 1)(17 2)(18 4)(19 2)(20 3)(21 2)(22 4)(23 7)(24 4)(25 8)(26 9)(27 9)(28 5)(29 9)(30 9)(31 8)(32 8)(33 16)(34 6)(35 3)(36 8)(37 7)(38 4)(39 3)(40 5)(41 2)(42 6)(43 3)(44 4)(45 5)(46 10)(47 5)(48 11)(49 3)(50 6)(51 8)(52 6)(53 7)(54 14)(55 7)(56 4)(58 5)(59 6)(60 8)(61 4)(62 8)(63 10)(64 7)(65 6)(66 11)(67 2)(68 6)(69 4)(71 2)(72 1)(73 5)(74 1)(75 2)(76 5)(77 4)(78 5)(79 2)(80 2)(81 2)(82 3)(83 4)(84 2)(85 4)(86 3)(88 1)(89 1)(90 2)(91 2)(92 2)(93 4)(95 4)(96 2)(97 2)(99 3)(100 2)(101 1)(102 2)(103 2)(104 1)(105 5)(106 1)(107 1)(108 1)(111 2)(112 1)(113 1)(115 1)(116 3)(120 1)(123 1)(128 1)(138 1)(139 1)(142 1)(154 1)(166 1)
