NUMBER OF AREAS : 3
---area label--- : 1
area size : 350
mean x : 94.65
mean y : 141.84
mean E_x^2 : 88.16
mean E_y^2 : 22.83
mean E_xy^2 : 33.66
theta : 0.78
average greyscal : 52.76
average RGB [60.13,48.06,51.15]
(0 14)(1 7)(2 6)(3 1)(4 3)(5 8)(6 4)(8 2)(9 1)(10 1)(11 3)(12 5)(13 1)(14 1)(15 3)(16 2)(17 4)(18 1)(20 3)(21 3)(22 1)(23 8)(24 4)(25 2)(26 4)(27 8)(28 3)(29 5)(30 3)(31 7)(32 7)(33 11)(34 5)(35 6)(36 3)(37 6)(38 9)(39 5)(40 4)(41 1)(42 3)(43 8)(44 3)(45 1)(46 5)(47 5)(48 3)(49 4)(50 7)(51 1)(52 5)(53 1)(54 5)(55 4)(56 1)(57 4)(58 3)(59 6)(60 4)(61 2)(62 2)(63 3)(64 1)(65 3)(67 5)(69 1)(70 2)(71 1)(72 2)(73 2)(74 4)(75 3)(76 1)(78 1)(79 1)(82 1)(84 1)(86 4)(87 1)(88 2)(90 2)(91 1)(92 1)(93 1)(95 1)(98 1)(103 2)(106 1)(107 2)(108 2)(109 2)(110 1)(112 1)(113 1)(114 1)(116 2)(117 2)(118 2)(119 1)(120 1)(121 1)(122 1)(123 2)(126 1)(127 1)(128 1)(130 1)(137 2)(148 1)(150 1)(159 2)(162 1)(165 1)(169 3)(171 1)(173 2)(174 3)(175 1)(180 1)(181 2)(184 1)(187 1)
---area label--- : 2
area size : 221
mean x : 145.76
mean y : 161.43
mean E_x^2 : 15.04
mean E_y^2 : 23.89
mean E_xy^2 : -3.83
theta : -0.78
average greyscal : 63.85
average RGB [68.81,60.41,63.18]
(2 1)(6 1)(15 1)(21 1)(23 1)(29 2)(33 1)(34 2)(36 1)(37 2)(39 1)(40 2)(41 5)(42 3)(43 1)(44 2)(46 3)(47 2)(48 4)(49 5)(50 2)(51 4)(52 8)(53 3)(54 5)(55 3)(56 4)(57 2)(58 4)(59 7)(60 5)(61 9)(62 4)(63 4)(64 8)(65 12)(66 10)(67 7)(68 7)(69 5)(70 10)(71 7)(72 4)(73 7)(74 3)(75 5)(76 3)(77 1)(78 1)(79 1)(80 1)(82 1)(83 1)(90 1)(91 1)(92 1)(94 1)(97 1)(98 2)(99 1)(102 1)(104 1)(105 1)(108 1)(109 1)(110 1)(111 3)(115 2)(116 1)(117 1)(144 1)
---area label--- : 3
area size : 5
mean x : 89.00
mean y : 249.00
mean E_x^2 : 0.40
mean E_y^2 : 0.80
mean E_xy^2 : 0.40
theta : -0.51
average greyscal : 44.40
average RGB [42.00,41.60,51.40]
(9 1)(24 1)(45 1)(67 1)(77 1)
