NUMBER OF AREAS : 2
---area label--- : 1
area size : 138
mean x : 87.80
mean y : 97.19
mean E_x^2 : 22.03
mean E_y^2 : 30.66
mean E_xy^2 : 21.75
theta : -0.78
average greyscal : 45.04
average RGB [46.96,44.59,44.51]
(0 1)(1 2)(4 2)(5 3)(6 2)(8 1)(9 2)(10 2)(12 3)(15 1)(18 1)(19 1)(20 3)(23 2)(24 2)(25 1)(26 3)(28 1)(29 2)(30 2)(31 2)(33 3)(34 1)(35 2)(36 2)(37 1)(38 5)(39 5)(40 3)(41 1)(42 1)(43 4)(44 1)(45 3)(46 1)(47 3)(48 2)(49 5)(50 5)(51 3)(52 1)(53 3)(54 3)(55 1)(56 3)(57 1)(58 3)(59 4)(60 4)(61 3)(63 1)(65 1)(66 2)(67 1)(68 1)(71 1)(72 1)(76 3)(82 1)(84 1)(85 1)(90 1)(94 2)(102 1)(120 1)(122 2)(151 1)
---area label--- : 2
area size : 8
mean x : 73.50
mean y : 91.00
mean E_x^2 : 0.75
mean E_y^2 : 0.75
mean E_xy^2 : 0.38
theta : 0.79
average greyscal : 30.00
average RGB [39.12,26.25,26.25]
(4 1)(5 1)(19 1)(27 1)(35 1)(43 1)(46 1)(61 1)
