NUMBER OF AREAS : 1
---area label--- : 1
area size : 634
mean x : 130.69
mean y : 153.90
mean E_x^2 : 201.59
mean E_y^2 : 49.15
mean E_xy^2 : 73.65
theta : 0.78
average greyscal : 57.48
average RGB [62.27,53.49,57.67]
(0 4)(1 3)(2 4)(3 2)(4 1)(5 4)(6 4)(7 3)(8 3)(9 4)(10 2)(11 4)(12 3)(13 6)(14 1)(15 4)(16 3)(17 3)(18 3)(19 2)(20 2)(21 5)(22 5)(23 8)(24 9)(25 9)(26 4)(27 12)(28 5)(29 5)(30 5)(31 10)(32 7)(33 5)(34 8)(35 3)(36 4)(37 13)(38 17)(39 10)(40 8)(41 5)(42 3)(43 7)(44 6)(45 7)(46 8)(47 8)(48 3)(49 10)(50 9)(51 3)(52 17)(53 7)(54 8)(55 9)(56 5)(57 6)(58 7)(59 4)(60 5)(61 11)(62 10)(63 9)(64 16)(65 7)(66 13)(67 14)(68 11)(69 10)(70 8)(71 8)(72 7)(73 10)(74 3)(75 5)(76 4)(77 2)(79 4)(80 2)(81 4)(82 4)(83 3)(84 3)(85 4)(86 5)(87 4)(88 2)(89 4)(90 4)(91 2)(92 4)(93 2)(94 3)(95 2)(96 1)(97 5)(98 2)(100 3)(101 2)(103 2)(104 2)(105 2)(106 3)(107 4)(108 1)(109 3)(110 1)(111 2)(112 1)(113 1)(114 1)(115 3)(116 5)(117 1)(118 1)(119 2)(120 2)(121 2)(124 3)(126 1)(128 1)(130 1)(133 2)(140 2)(145 1)(147 1)(150 1)(152 1)(153 1)(154 1)(161 1)(166 1)(170 1)(177 1)(180 1)(183 1)(196 1)(212 1)
