NUMBER OF AREAS : 1
---area label--- : 1
area size : 364
mean x : 100.95
mean y : 122.32
mean E_x^2 : 75.98
mean E_y^2 : 27.52
mean E_xy^2 : 26.78
theta : 0.78
average greyscal : 58.40
average RGB [66.47,53.24,56.57]
(0 4)(1 1)(2 3)(3 1)(4 2)(5 2)(6 1)(7 1)(8 1)(9 1)(10 1)(11 3)(12 2)(13 1)(14 1)(15 1)(17 2)(18 3)(19 6)(20 2)(21 1)(23 1)(24 4)(25 3)(26 2)(27 4)(28 1)(30 2)(31 2)(32 3)(33 5)(35 4)(36 3)(37 5)(38 4)(39 5)(40 5)(41 3)(42 1)(43 7)(44 4)(45 10)(46 6)(47 5)(48 6)(49 7)(50 7)(51 6)(52 7)(53 5)(54 2)(55 6)(56 4)(57 6)(58 3)(59 4)(60 4)(61 15)(62 2)(63 5)(64 4)(65 10)(66 9)(67 6)(68 5)(69 4)(70 9)(71 5)(72 7)(73 6)(74 4)(76 2)(77 4)(78 1)(79 1)(80 5)(81 1)(82 2)(84 2)(85 1)(86 1)(87 2)(88 3)(89 1)(90 3)(92 1)(93 2)(94 2)(95 1)(96 5)(97 3)(98 2)(99 2)(100 3)(102 2)(103 1)(106 1)(107 3)(109 1)(111 1)(115 1)(116 1)(117 1)(118 1)(119 1)(123 1)(125 1)(135 1)(136 2)(138 1)(139 1)(141 1)(147 1)(149 1)(157 2)(167 1)
