NUMBER OF AREAS : 1
---area label--- : 1
area size : 542
mean x : 134.97
mean y : 154.17
mean E_x^2 : 134.46
mean E_y^2 : 55.85
mean E_xy^2 : 64.53
theta : 0.78
average greyscal : 54.87
average RGB [57.30,52.67,55.60]
(0 2)(1 2)(2 1)(3 4)(4 6)(5 2)(6 1)(7 1)(8 1)(9 2)(10 2)(11 5)(13 4)(14 2)(16 3)(17 2)(18 3)(19 8)(20 3)(21 7)(22 2)(23 5)(24 4)(25 6)(26 5)(27 6)(28 8)(29 6)(30 4)(31 16)(32 11)(33 10)(34 10)(35 5)(36 3)(37 7)(38 7)(39 9)(40 4)(41 7)(42 3)(43 7)(44 6)(45 8)(46 5)(47 5)(48 8)(49 4)(50 8)(51 7)(52 7)(53 6)(54 5)(55 6)(56 1)(57 1)(58 3)(59 6)(60 9)(61 7)(62 11)(63 7)(64 16)(65 12)(66 15)(67 11)(68 11)(69 12)(70 6)(71 11)(72 7)(73 4)(74 7)(75 9)(76 5)(78 1)(79 1)(80 4)(81 2)(82 4)(83 3)(84 3)(85 1)(86 2)(87 3)(89 1)(90 3)(91 3)(92 1)(94 5)(95 2)(96 2)(97 2)(98 4)(99 1)(100 2)(101 3)(103 3)(104 1)(105 2)(106 3)(107 1)(108 2)(110 1)(111 1)(112 1)(113 1)(115 2)(116 1)(117 2)(118 3)(119 3)(120 1)(121 1)(122 1)(123 1)(143 1)(145 2)(146 1)(148 1)(156 1)
