NUMBER OF AREAS : 3
---area label--- : 1
area size : 72
mean x : 85.58
mean y : 79.99
mean E_x^2 : 10.16
mean E_y^2 : 9.35
mean E_xy^2 : 7.41
theta : 0.78
average greyscal : 32.04
average RGB [31.65,30.97,34.61]
(5 1)(6 1)(7 1)(8 1)(9 1)(10 1)(12 3)(13 2)(15 1)(16 2)(17 1)(19 3)(20 1)(21 5)(22 2)(23 3)(24 1)(25 3)(26 7)(27 5)(28 1)(29 1)(30 2)(33 2)(37 1)(38 1)(41 1)(45 1)(46 3)(47 1)(49 1)(55 1)(56 2)(57 3)(69 1)(73 1)(74 1)(78 1)(95 1)(120 1)
---area label--- : 2
area size : 692
mean x : 171.23
mean y : 144.01
mean E_x^2 : 157.08
mean E_y^2 : 52.64
mean E_xy^2 : 65.79
theta : 0.78
average greyscal : 49.91
average RGB [39.22,50.29,61.23]
(0 1)(2 1)(3 1)(4 2)(5 3)(6 2)(7 1)(8 2)(9 3)(10 3)(11 3)(12 2)(13 4)(14 3)(15 3)(17 4)(18 5)(19 4)(20 4)(21 7)(22 6)(23 7)(24 6)(25 13)(26 12)(27 13)(28 13)(29 15)(30 16)(31 21)(32 14)(33 18)(34 17)(35 15)(36 7)(37 10)(38 9)(39 5)(40 5)(41 13)(42 8)(43 4)(44 7)(45 8)(46 7)(47 12)(48 11)(49 14)(50 8)(51 14)(52 10)(53 6)(54 6)(55 8)(56 6)(57 8)(58 9)(59 12)(60 9)(61 9)(62 8)(63 12)(64 7)(65 11)(66 16)(67 11)(68 10)(69 14)(70 12)(71 7)(72 10)(73 9)(74 1)(75 6)(76 8)(77 9)(78 4)(79 3)(80 2)(81 4)(82 2)(83 2)(84 2)(85 7)(86 3)(87 1)(88 3)(89 1)(90 2)(91 4)(92 3)(93 1)(94 2)(95 1)(96 2)(97 2)(99 1)(100 1)(101 4)(102 1)(103 1)(104 3)(107 1)(111 1)(113 1)(116 1)(133 1)(138 1)(148 1)(151 1)(157 1)(175 1)
---area label--- : 3
area size : 8
mean x : 170.50
mean y : 156.00
mean E_x^2 : 0.75
mean E_y^2 : 0.75
mean E_xy^2 : 0.38
theta : 0.79
average greyscal : 58.88
average RGB [66.38,50.62,60.62]
(23 1)(25 1)(38 1)(51 1)(64 1)(72 1)(90 1)(108 1)
