NUMBER OF AREAS : 1
---area label--- : 1
area size : 637
mean x : 129.09
mean y : 153.98
mean E_x^2 : 232.77
mean E_y^2 : 47.86
mean E_xy^2 : 82.27
theta : 0.78
average greyscal : 54.37
average RGB [59.07,51.63,53.32]
(0 4)(1 2)(2 3)(3 3)(4 2)(5 2)(6 4)(7 2)(8 4)(10 3)(11 1)(12 1)(13 1)(14 6)(15 3)(16 5)(17 4)(18 3)(19 2)(20 5)(21 10)(22 7)(23 7)(24 3)(25 11)(26 7)(27 11)(28 9)(29 5)(30 14)(31 16)(32 11)(33 10)(34 10)(35 8)(36 2)(37 5)(38 11)(39 4)(40 2)(41 6)(42 13)(43 11)(44 5)(45 9)(46 9)(47 4)(48 11)(49 6)(50 10)(51 9)(52 12)(53 3)(54 4)(55 8)(56 6)(57 2)(58 2)(59 10)(60 12)(61 10)(62 9)(63 14)(64 19)(65 16)(66 11)(67 12)(68 6)(69 9)(70 8)(71 10)(72 7)(73 2)(74 8)(75 4)(76 5)(77 3)(78 6)(79 2)(80 3)(82 1)(83 3)(84 6)(85 3)(86 4)(87 1)(88 1)(89 1)(90 3)(92 1)(93 2)(94 5)(95 3)(96 3)(97 2)(98 4)(100 2)(101 3)(102 3)(103 2)(105 1)(106 3)(107 2)(108 1)(109 2)(112 2)(113 1)(114 2)(115 2)(116 3)(117 2)(118 3)(119 1)(120 1)(121 1)(122 2)(123 1)(124 1)(125 1)(126 1)(127 1)(131 1)(133 2)(134 1)(135 1)(144 2)(148 1)(150 1)(151 1)(160 1)
