NUMBER OF AREAS : 3
---area label--- : 1
area size : 225
mean x : 145.75
mean y : 161.31
mean E_x^2 : 16.01
mean E_y^2 : 23.79
mean E_xy^2 : -5.18
theta : -0.78
average greyscal : 63.80
average RGB [65.20,62.07,65.00]
(11 1)(13 1)(26 1)(32 1)(33 3)(34 1)(35 1)(36 1)(38 1)(39 1)(40 1)(41 3)(43 5)(44 1)(45 4)(46 6)(47 5)(48 4)(49 2)(50 7)(51 3)(52 5)(53 2)(54 4)(55 5)(56 3)(57 4)(58 9)(59 6)(60 4)(61 7)(62 6)(63 10)(64 8)(65 4)(66 9)(67 10)(68 6)(69 8)(70 3)(71 11)(72 3)(73 4)(74 3)(75 3)(76 1)(77 2)(78 1)(79 1)(80 3)(81 2)(82 1)(84 1)(89 2)(90 1)(94 1)(95 4)(100 2)(101 2)(103 2)(104 1)(105 1)(107 1)(110 1)(112 1)(114 1)(120 1)(130 1)(138 1)
---area label--- : 2
area size : 379
mean x : 118.87
mean y : 178.78
mean E_x^2 : 127.65
mean E_y^2 : 18.50
mean E_xy^2 : 34.79
theta : 0.77
average greyscal : 59.53
average RGB [68.73,55.11,55.70]
(0 1)(1 3)(2 2)(3 2)(4 1)(5 4)(7 1)(8 1)(9 1)(10 2)(11 3)(12 2)(14 2)(15 2)(16 4)(17 2)(18 4)(19 2)(20 4)(21 2)(23 3)(24 1)(25 4)(26 1)(27 4)(28 4)(29 4)(30 5)(31 5)(32 11)(33 6)(34 8)(35 9)(36 9)(37 7)(38 9)(39 11)(40 6)(41 6)(42 13)(43 6)(44 7)(45 6)(46 7)(47 6)(48 1)(49 1)(50 4)(51 4)(52 2)(53 5)(54 2)(55 2)(56 1)(57 4)(58 3)(59 4)(60 3)(61 1)(63 2)(64 2)(65 1)(66 3)(67 2)(68 2)(69 3)(70 3)(71 2)(72 7)(73 4)(74 5)(75 1)(76 2)(77 2)(78 2)(79 2)(80 1)(81 5)(82 2)(84 2)(85 3)(86 2)(87 3)(88 2)(90 1)(91 4)(93 2)(94 1)(95 4)(96 2)(100 1)(101 2)(103 1)(104 1)(105 2)(106 1)(110 1)(111 1)(112 1)(113 1)(114 1)(115 1)(116 1)(117 1)(118 4)(119 2)(120 1)(121 3)(122 1)(123 1)(124 1)(126 3)(127 1)(128 1)(129 1)(130 1)(132 1)(133 3)(134 2)(136 1)(138 1)(139 1)(140 1)(145 1)(149 1)(151 2)(156 1)(157 3)(175 1)(193 1)(204 1)(208 1)(210 1)(243 1)
---area label--- : 3
area size : 8
mean x : 122.50
mean y : 192.00
mean E_x^2 : 0.75
mean E_y^2 : 2.25
mean E_xy^2 : 1.12
theta : -0.58
average greyscal : 148.25
average RGB [147.50,152.00,146.12]
(3 1)(82 1)(158 1)(183 1)(186 1)(189 1)(190 1)(195 1)
