NUMBER OF AREAS : 3
---area label--- : 1
area size : 261
mean x : 88.59
mean y : 129.64
mean E_x^2 : 81.69
mean E_y^2 : 26.98
mean E_xy^2 : 40.59
theta : 0.78
average greyscal : 48.63
average RGB [53.84,43.62,49.39]
(1 1)(2 3)(3 1)(4 2)(5 3)(6 5)(7 2)(8 3)(9 1)(12 3)(15 3)(16 2)(17 3)(18 5)(19 1)(21 1)(22 3)(23 3)(24 2)(25 4)(26 6)(27 2)(28 3)(29 4)(30 5)(31 6)(32 6)(33 7)(34 6)(35 1)(36 3)(37 7)(38 5)(39 6)(40 7)(41 6)(42 5)(43 6)(44 2)(45 2)(46 2)(47 5)(48 6)(49 5)(50 3)(51 2)(52 7)(53 2)(54 4)(55 4)(56 4)(57 2)(60 1)(61 3)(62 2)(63 2)(64 2)(65 1)(66 6)(67 1)(68 2)(69 1)(71 1)(72 1)(74 2)(76 3)(78 1)(80 1)(81 3)(82 1)(83 1)(84 1)(85 2)(88 1)(89 3)(97 1)(100 1)(101 2)(102 3)(103 1)(105 2)(106 1)(110 1)(118 1)(120 2)(123 1)(124 1)(125 1)(127 1)(128 1)(132 1)(134 1)(135 1)(145 1)(151 1)(154 1)(160 1)
---area label--- : 2
area size : 221
mean x : 145.76
mean y : 161.43
mean E_x^2 : 15.05
mean E_y^2 : 24.00
mean E_xy^2 : -3.86
theta : -0.78
average greyscal : 64.22
average RGB [67.68,61.58,64.36]
(8 1)(13 1)(20 1)(26 1)(34 1)(36 2)(37 2)(38 1)(40 4)(41 4)(42 2)(43 1)(44 4)(45 5)(46 9)(47 2)(48 5)(49 1)(50 4)(51 3)(52 3)(53 4)(54 3)(55 3)(56 3)(57 2)(58 3)(59 6)(60 6)(61 4)(62 4)(63 7)(64 9)(65 7)(66 11)(67 10)(68 7)(69 12)(70 3)(71 2)(72 7)(73 4)(74 2)(75 4)(76 7)(77 2)(79 4)(80 1)(83 1)(84 3)(85 2)(86 1)(88 2)(95 1)(97 2)(98 1)(99 1)(100 1)(103 1)(105 2)(107 1)(108 1)(110 2)(115 2)(116 2)(136 1)
---area label--- : 3
area size : 5
mean x : 89.00
mean y : 249.00
mean E_x^2 : 0.40
mean E_y^2 : 0.80
mean E_xy^2 : 0.40
theta : -0.51
average greyscal : 32.40
average RGB [31.00,48.00,18.40]
(11 1)(16 1)(28 1)(53 1)(54 1)
