NUMBER OF AREAS : 1
---area label--- : 1
area size : 566
mean x : 127.84
mean y : 157.15
mean E_x^2 : 306.13
mean E_y^2 : 31.61
mean E_xy^2 : 70.45
theta : 0.78
average greyscal : 56.34
average RGB [60.13,53.18,56.58]
(0 5)(1 6)(2 6)(3 5)(4 2)(5 5)(6 5)(7 1)(8 4)(9 1)(10 4)(11 2)(12 3)(13 2)(14 4)(16 1)(17 1)(18 2)(19 2)(20 6)(21 1)(22 3)(23 5)(24 5)(25 11)(26 5)(27 10)(28 3)(29 9)(30 7)(31 12)(32 7)(33 12)(34 12)(35 6)(36 9)(37 12)(38 2)(39 8)(40 3)(41 7)(42 4)(43 6)(44 5)(45 8)(46 4)(47 7)(48 3)(49 5)(50 5)(51 1)(52 6)(53 10)(54 4)(55 3)(56 9)(57 3)(58 5)(59 7)(60 5)(61 5)(62 10)(63 14)(64 8)(65 9)(66 13)(67 14)(68 10)(69 9)(70 9)(71 5)(72 8)(73 11)(74 3)(75 2)(76 5)(77 1)(78 2)(79 1)(80 2)(82 2)(83 3)(84 2)(85 1)(86 3)(87 4)(88 2)(89 6)(90 1)(91 3)(93 2)(94 3)(95 4)(96 2)(97 2)(98 1)(99 5)(100 3)(101 1)(102 3)(103 2)(104 1)(105 2)(106 2)(107 1)(108 4)(109 6)(110 1)(111 3)(112 2)(113 1)(114 1)(115 1)(117 1)(118 1)(119 2)(121 1)(122 1)(123 1)(124 1)(125 1)(126 2)(127 1)(128 2)(138 1)(140 1)(141 1)(142 1)(143 1)(147 1)(154 1)(155 1)(159 1)(160 1)(165 1)(169 1)(185 1)(186 1)(192 1)
