NUMBER OF AREAS : 1
---area label--- : 1
area size : 209
mean x : 89.61
mean y : 103.78
mean E_x^2 : 35.42
mean E_y^2 : 39.10
mean E_xy^2 : 29.34
theta : -0.78
average greyscal : 51.41
average RGB [57.30,47.24,50.72]
(0 3)(1 2)(2 2)(3 3)(4 4)(5 4)(6 1)(7 2)(9 3)(10 1)(11 1)(13 2)(14 1)(16 2)(17 2)(18 4)(19 2)(20 1)(22 2)(23 3)(24 2)(25 3)(26 2)(28 4)(29 1)(30 1)(31 1)(33 3)(34 1)(35 3)(37 2)(38 2)(39 2)(40 3)(41 1)(42 4)(44 1)(45 3)(46 4)(47 1)(48 2)(49 2)(50 3)(51 3)(52 4)(53 3)(54 4)(55 1)(56 6)(57 3)(58 5)(59 9)(60 3)(61 2)(62 4)(63 6)(64 6)(65 4)(66 2)(67 5)(68 3)(70 2)(71 2)(72 2)(74 5)(75 2)(79 1)(83 1)(85 1)(87 1)(90 2)(92 3)(95 1)(98 1)(99 1)(101 1)(102 2)(107 1)(112 1)(116 1)(124 1)(125 1)(128 1)(134 1)(148 2)(162 1)(173 1)(179 1)
