NUMBER OF AREAS : 3
---area label--- : 1
area size : 5
mean x : 75.00
mean y : 81.00
mean E_x^2 : 0.40
mean E_y^2 : 0.80
mean E_xy^2 : 0.40
theta : -0.51
average greyscal : 36.40
average RGB [45.60,29.80,35.40]
(31 1)(33 1)(37 1)(38 1)(43 1)
---area label--- : 2
area size : 44
mean x : 81.75
mean y : 89.68
mean E_x^2 : 9.64
mean E_y^2 : 3.04
mean E_xy^2 : 3.35
theta : 0.73
average greyscal : 28.77
average RGB [31.05,24.05,31.82]
(2 2)(5 1)(6 2)(8 3)(10 1)(11 1)(14 1)(15 2)(16 1)(18 1)(20 1)(21 4)(22 2)(24 1)(25 1)(27 1)(28 2)(29 1)(30 1)(32 2)(34 1)(41 1)(45 1)(47 1)(49 1)(54 1)(55 3)(56 1)(58 1)(75 1)(95 1)
---area label--- : 3
area size : 501
mean x : 172.35
mean y : 129.96
mean E_x^2 : 87.20
mean E_y^2 : 41.36
mean E_xy^2 : 33.37
theta : 0.78
average greyscal : 50.24
average RGB [44.72,49.73,57.40]
(0 3)(1 2)(2 3)(3 1)(4 3)(5 1)(6 3)(7 1)(8 2)(9 3)(10 4)(11 2)(12 1)(13 4)(15 7)(16 2)(17 2)(18 3)(19 4)(20 3)(21 7)(22 13)(23 2)(24 8)(25 10)(26 16)(27 7)(28 5)(29 7)(30 7)(31 15)(32 11)(33 5)(34 4)(35 6)(36 8)(37 8)(38 8)(39 5)(40 7)(41 4)(42 7)(43 3)(44 3)(45 6)(46 7)(47 8)(48 7)(49 8)(50 4)(51 1)(52 9)(53 12)(54 13)(55 9)(56 7)(57 6)(58 10)(59 12)(60 7)(61 8)(62 4)(63 6)(64 6)(65 5)(66 3)(67 1)(68 8)(69 2)(70 2)(71 4)(72 2)(73 4)(74 2)(75 5)(76 2)(77 2)(78 2)(79 1)(80 3)(81 4)(82 2)(83 4)(84 1)(86 6)(88 3)(89 2)(90 3)(91 3)(93 2)(94 3)(95 1)(98 3)(100 1)(101 4)(102 3)(103 2)(104 1)(107 2)(108 1)(109 1)(110 1)(111 1)(112 1)(113 1)(115 1)(116 1)(117 1)(118 2)(120 1)(121 1)(128 2)(132 1)(134 1)(137 1)(139 1)(144 1)(145 1)(148 1)(155 1)
