NUMBER OF AREAS : 2
---area label--- : 1
area size : 81
mean x : 82.09
mean y : 94.57
mean E_x^2 : 20.94
mean E_y^2 : 18.27
mean E_xy^2 : 15.17
theta : 0.78
average greyscal : 34.02
average RGB [36.32,29.58,37.16]
(0 1)(2 1)(4 1)(5 1)(6 1)(7 2)(8 1)(10 1)(11 2)(13 1)(14 1)(15 2)(17 1)(19 1)(20 3)(21 3)(22 3)(23 1)(24 2)(25 1)(26 1)(27 3)(28 2)(29 1)(30 3)(31 3)(32 3)(33 2)(34 1)(37 1)(38 1)(40 1)(41 1)(42 2)(44 2)(46 2)(47 4)(48 1)(49 1)(50 1)(51 1)(52 1)(53 1)(54 1)(55 1)(57 2)(61 1)(62 1)(63 1)(65 1)(77 1)(84 1)(94 1)(96 1)
---area label--- : 2
area size : 714
mean x : 200.86
mean y : 179.43
mean E_x^2 : 169.86
mean E_y^2 : 59.48
mean E_xy^2 : 53.47
theta : 0.78
average greyscal : 47.04
average RGB [40.31,46.86,55.09]
(5 1)(6 3)(8 3)(9 3)(10 1)(11 2)(13 3)(14 2)(15 7)(16 5)(17 8)(18 7)(19 5)(20 4)(21 10)(22 10)(23 6)(24 18)(25 21)(26 22)(27 15)(28 10)(29 18)(30 22)(31 20)(32 15)(33 20)(34 11)(35 5)(36 11)(37 8)(38 16)(39 7)(40 8)(41 8)(42 4)(43 10)(44 5)(45 7)(46 8)(47 9)(48 15)(49 6)(50 12)(51 8)(52 18)(53 9)(54 12)(55 8)(56 10)(57 11)(58 7)(59 10)(60 14)(61 17)(62 13)(63 5)(64 13)(65 10)(66 7)(67 10)(68 3)(69 3)(70 7)(71 2)(72 3)(73 4)(74 6)(75 5)(76 8)(77 5)(78 3)(79 3)(80 5)(81 4)(82 5)(83 8)(84 4)(85 3)(86 2)(87 3)(88 3)(89 6)(91 1)(92 3)(93 3)(94 2)(95 2)(97 2)(98 1)(99 1)(100 1)(102 2)(106 1)(107 3)(108 1)(114 1)(115 2)
