NUMBER OF AREAS : 3
---area label--- : 1
area size : 8
mean x : 124.50
mean y : 98.00
mean E_x^2 : 0.75
mean E_y^2 : 0.75
mean E_xy^2 : 0.38
theta : 0.79
average greyscal : 71.88
average RGB [78.50,70.75,67.38]
(49 1)(56 1)(59 1)(65 1)(68 1)(84 1)(93 1)(101 1)
---area label--- : 2
area size : 553
mean x : 139.66
mean y : 119.31
mean E_x^2 : 137.37
mean E_y^2 : 58.39
mean E_xy^2 : 75.57
theta : 0.78
average greyscal : 51.04
average RGB [43.84,48.90,61.41]
(0 4)(1 3)(2 4)(3 1)(4 3)(5 1)(6 3)(7 4)(8 3)(9 2)(11 3)(12 6)(13 5)(14 4)(15 4)(16 8)(17 4)(18 7)(19 3)(20 9)(21 1)(22 8)(23 4)(24 4)(25 8)(26 14)(27 8)(28 9)(29 10)(30 10)(31 5)(32 9)(33 8)(34 13)(35 13)(36 11)(37 10)(38 2)(39 8)(40 4)(41 7)(42 6)(43 6)(44 5)(45 4)(46 7)(47 8)(48 3)(49 10)(50 7)(51 9)(52 7)(53 6)(54 8)(55 4)(56 10)(57 4)(58 4)(59 3)(60 5)(61 6)(62 4)(63 4)(64 7)(65 9)(66 5)(67 7)(68 4)(69 8)(70 8)(71 4)(72 11)(73 7)(74 3)(75 7)(76 7)(77 3)(78 3)(79 3)(80 3)(81 4)(82 3)(83 3)(84 3)(85 1)(86 3)(87 1)(89 2)(90 1)(91 1)(92 3)(93 2)(94 2)(95 2)(96 3)(97 2)(98 4)(100 1)(101 1)(103 3)(105 2)(106 3)(107 1)(108 2)(109 2)(110 1)(112 1)(119 1)(127 1)(128 1)(130 2)(136 3)(140 1)(142 1)(143 1)(144 1)(148 1)(153 1)(155 2)(162 1)(169 1)(173 1)(176 1)
---area label--- : 3
area size : 5
mean x : 107.00
mean y : 117.00
mean E_x^2 : 0.40
mean E_y^2 : 0.80
mean E_xy^2 : 0.40
theta : -0.51
average greyscal : 83.00
average RGB [89.00,77.60,82.80]
(24 1)(67 1)(89 1)(117 1)(118 1)
