NUMBER OF AREAS : 1
---area label--- : 1
area size : 637
mean x : 128.69
mean y : 153.97
mean E_x^2 : 240.95
mean E_y^2 : 49.36
mean E_xy^2 : 87.53
theta : 0.78
average greyscal : 53.41
average RGB [58.96,50.66,51.68]
(0 3)(1 4)(2 6)(4 2)(5 3)(6 1)(7 4)(9 2)(10 3)(11 1)(12 3)(13 3)(14 3)(15 5)(16 3)(17 2)(18 5)(19 4)(20 10)(21 1)(22 5)(23 6)(24 10)(25 11)(26 14)(27 9)(28 19)(29 11)(30 13)(31 8)(32 13)(33 3)(34 10)(35 7)(36 10)(37 10)(38 6)(39 7)(40 1)(41 3)(42 5)(43 7)(44 14)(45 8)(46 7)(47 6)(48 6)(49 8)(50 10)(51 9)(52 9)(53 11)(54 5)(55 8)(56 3)(57 6)(58 8)(59 8)(60 9)(61 11)(62 8)(63 13)(64 13)(65 15)(66 9)(67 14)(68 17)(69 11)(70 7)(71 6)(72 6)(73 7)(74 6)(75 4)(76 1)(77 2)(78 4)(79 2)(80 3)(81 4)(82 2)(83 1)(84 2)(85 3)(87 2)(88 2)(89 3)(90 1)(91 4)(93 4)(94 2)(95 1)(96 1)(97 2)(98 2)(99 1)(100 1)(101 3)(102 1)(103 3)(104 1)(106 1)(107 1)(108 1)(109 2)(110 2)(111 1)(113 2)(115 2)(116 1)(118 1)(120 1)(122 1)(123 1)(124 1)(128 1)(129 1)(130 1)(131 2)(132 1)(134 2)(137 2)(139 1)(141 2)(142 1)(146 1)(149 1)(152 1)(155 3)(167 1)(186 1)(193 1)
