NUMBER OF AREAS : 3
---area label--- : 1
area size : 86
mean x : 85.24
mean y : 80.59
mean E_x^2 : 10.74
mean E_y^2 : 10.78
mean E_xy^2 : 7.20
theta : -0.79
average greyscal : 34.16
average RGB [32.28,33.73,37.70]
(0 1)(5 1)(7 2)(9 1)(10 1)(11 3)(12 1)(13 3)(14 2)(16 3)(17 2)(18 1)(20 1)(21 1)(22 4)(23 1)(24 1)(25 5)(26 5)(27 4)(28 2)(29 3)(30 1)(31 2)(32 3)(33 2)(34 2)(36 3)(37 1)(38 1)(39 1)(40 1)(42 1)(44 1)(45 1)(46 1)(51 1)(53 1)(54 1)(56 1)(57 1)(58 1)(60 1)(62 1)(68 1)(73 1)(76 1)(78 2)(98 1)(101 1)(111 2)
---area label--- : 2
area size : 716
mean x : 172.29
mean y : 144.90
mean E_x^2 : 152.78
mean E_y^2 : 55.40
mean E_xy^2 : 64.72
theta : 0.78
average greyscal : 51.24
average RGB [39.77,51.40,63.60]
(0 2)(1 2)(3 3)(4 2)(5 6)(6 2)(7 2)(8 4)(9 2)(10 3)(11 4)(12 2)(13 2)(14 1)(15 4)(16 5)(17 7)(18 8)(19 5)(20 3)(21 6)(22 3)(23 7)(24 2)(25 12)(26 12)(27 15)(28 16)(29 14)(30 24)(31 14)(32 19)(33 13)(34 10)(35 9)(36 8)(37 4)(38 7)(39 8)(40 8)(41 13)(42 6)(43 9)(44 8)(45 6)(46 9)(47 10)(48 12)(49 5)(50 7)(51 3)(52 2)(53 10)(54 12)(55 21)(56 13)(57 13)(58 6)(59 10)(60 10)(61 16)(62 10)(63 10)(64 13)(65 9)(66 7)(67 8)(68 11)(69 9)(70 9)(71 8)(72 9)(73 9)(74 5)(75 1)(76 7)(77 11)(78 8)(79 8)(80 3)(81 4)(82 2)(83 3)(84 6)(85 1)(86 4)(87 3)(88 2)(89 2)(90 2)(91 3)(92 5)(93 2)(94 1)(95 2)(96 6)(97 1)(98 3)(99 1)(100 1)(101 1)(102 1)(103 2)(104 1)(105 1)(106 2)(110 1)(112 2)(113 1)(125 1)(131 2)(132 1)(134 1)(139 1)(140 1)(141 1)(145 1)(155 1)(157 1)(159 1)(162 1)(171 1)
---area label--- : 3
area size : 8
mean x : 171.50
mean y : 157.00
mean E_x^2 : 0.75
mean E_y^2 : 0.75
mean E_xy^2 : 0.38
theta : 0.79
average greyscal : 52.12
average RGB [56.88,46.50,53.75]
(30 1)(32 1)(40 2)(50 1)(57 1)(82 1)(86 1)
