NUMBER OF AREAS : 1
---area label--- : 1
area size : 561
mean x : 134.14
mean y : 154.22
mean E_x^2 : 141.36
mean E_y^2 : 52.41
mean E_xy^2 : 62.86
theta : 0.78
average greyscal : 56.95
average RGB [60.69,54.06,57.01]
(0 2)(2 2)(3 4)(4 6)(5 1)(6 2)(7 3)(8 3)(10 2)(11 4)(12 4)(13 4)(14 6)(15 2)(16 3)(17 1)(18 6)(19 4)(20 8)(21 5)(22 3)(23 3)(24 7)(25 9)(26 6)(27 7)(28 7)(29 12)(30 5)(31 5)(32 13)(33 12)(34 5)(35 6)(36 5)(38 10)(39 4)(40 2)(41 6)(42 5)(43 2)(44 9)(45 8)(46 2)(47 6)(48 10)(49 6)(50 3)(51 3)(52 6)(53 10)(54 3)(55 6)(56 7)(57 7)(58 11)(59 8)(60 6)(61 9)(62 8)(63 9)(64 9)(65 10)(66 11)(67 12)(68 9)(69 10)(70 7)(71 7)(72 12)(73 6)(74 7)(75 7)(76 4)(77 4)(78 1)(79 1)(80 3)(81 4)(82 2)(83 2)(84 1)(85 2)(86 3)(87 2)(88 1)(89 1)(90 4)(94 1)(95 5)(96 3)(97 2)(98 2)(99 1)(100 1)(101 2)(102 2)(103 1)(104 3)(105 2)(106 1)(107 2)(108 2)(109 6)(110 2)(111 1)(112 1)(113 2)(114 2)(116 1)(119 1)(120 1)(123 3)(124 1)(125 1)(126 1)(127 1)(129 2)(130 3)(133 1)(136 1)(137 1)(138 1)(141 1)(142 1)(153 3)(155 1)(159 1)(163 2)(169 1)(186 1)(192 1)(203 1)
