NUMBER OF AREAS : 1
---area label--- : 1
area size : 293
mean x : 93.90
mean y : 112.73
mean E_x^2 : 58.18
mean E_y^2 : 29.49
mean E_xy^2 : 22.57
theta : 0.78
average greyscal : 60.69
average RGB [69.00,55.32,58.77]
(0 1)(1 3)(2 1)(3 3)(4 2)(6 1)(9 2)(10 2)(11 1)(12 1)(13 1)(14 1)(16 2)(17 1)(18 3)(19 2)(20 4)(21 1)(22 1)(23 2)(24 1)(25 2)(26 1)(29 3)(30 4)(31 3)(32 6)(33 2)(34 2)(35 4)(36 1)(37 1)(38 2)(39 1)(40 1)(41 6)(42 3)(43 1)(44 3)(45 5)(46 6)(47 6)(48 4)(49 5)(50 4)(51 2)(52 5)(53 3)(54 8)(55 2)(56 5)(57 2)(58 3)(59 3)(60 5)(61 9)(62 4)(63 6)(64 4)(65 10)(66 8)(67 4)(68 6)(69 5)(70 6)(71 3)(72 1)(73 3)(74 2)(75 3)(76 3)(77 3)(78 1)(79 3)(80 2)(82 1)(83 2)(84 1)(87 3)(88 2)(89 1)(90 2)(91 1)(94 2)(96 1)(97 2)(98 2)(100 1)(101 1)(104 2)(105 2)(106 2)(107 1)(108 1)(109 1)(110 2)(111 1)(112 2)(113 1)(119 1)(120 1)(121 2)(124 2)(125 1)(128 1)(129 2)(131 1)(135 1)(137 1)(141 1)(149 2)(150 1)(151 1)(157 1)(159 1)
