NUMBER OF AREAS : 4
---area label--- : 1
area size : 5
mean x : 73.00
mean y : 81.00
mean E_x^2 : 0.40
mean E_y^2 : 0.80
mean E_xy^2 : 0.40
theta : -0.51
average greyscal : 33.60
average RGB [36.00,33.00,33.80]
(24 1)(30 2)(38 1)(46 1)
---area label--- : 2
area size : 117
mean x : 84.38
mean y : 88.87
mean E_x^2 : 21.72
mean E_y^2 : 12.98
mean E_xy^2 : 10.36
theta : 0.78
average greyscal : 33.26
average RGB [37.51,26.98,36.49]
(0 4)(1 1)(2 2)(3 1)(5 2)(6 1)(7 2)(8 3)(10 2)(11 1)(12 3)(15 1)(16 5)(17 1)(18 2)(19 2)(20 1)(21 1)(22 1)(24 1)(25 10)(26 2)(27 4)(28 4)(29 3)(30 1)(31 1)(32 1)(34 2)(35 3)(36 6)(37 2)(39 1)(40 1)(41 3)(42 3)(43 1)(44 2)(45 1)(46 4)(47 1)(49 2)(50 2)(51 1)(52 2)(53 2)(54 2)(55 1)(56 1)(57 1)(60 1)(61 1)(62 1)(65 1)(71 1)(79 1)(88 1)(116 1)(126 2)
---area label--- : 3
area size : 219
mean x : 145.71
mean y : 161.32
mean E_x^2 : 14.92
mean E_y^2 : 24.08
mean E_xy^2 : -4.47
theta : -0.78
average greyscal : 63.29
average RGB [67.98,60.05,62.79]
(2 1)(6 1)(15 1)(21 1)(28 1)(33 1)(34 1)(35 1)(37 2)(38 1)(39 1)(40 1)(41 1)(42 2)(43 4)(44 2)(45 3)(46 2)(47 2)(48 4)(49 6)(50 3)(51 4)(52 8)(53 2)(54 4)(55 2)(56 3)(57 7)(58 8)(59 5)(60 9)(61 5)(62 2)(63 5)(64 12)(65 8)(66 10)(67 9)(68 9)(69 5)(70 7)(71 13)(72 5)(73 4)(74 1)(75 2)(76 1)(79 2)(80 4)(81 2)(84 1)(86 1)(92 1)(93 2)(95 1)(96 1)(102 2)(103 1)(108 3)(109 1)(111 2)(113 1)(116 1)(148 1)
---area label--- : 4
area size : 5
mean x : 89.00
mean y : 249.00
mean E_x^2 : 0.40
mean E_y^2 : 0.80
mean E_xy^2 : 0.40
theta : -0.51
average greyscal : 27.60
average RGB [37.60,36.20,9.40]
(7 1)(17 1)(20 1)(33 1)(61 1)
