NUMBER OF AREAS : 3
---area label--- : 1
area size : 5
mean x : 164.00
mean y : 101.00
mean E_x^2 : 0.40
mean E_y^2 : 0.80
mean E_xy^2 : 0.40
theta : -0.51
average greyscal : 91.00
average RGB [100.60,90.60,83.60]
(85 2)(86 1)(92 1)(107 1)
---area label--- : 2
area size : 660
mean x : 156.81
mean y : 120.49
mean E_x^2 : 141.13
mean E_y^2 : 65.60
mean E_xy^2 : 58.94
theta : 0.78
average greyscal : 47.85
average RGB [39.09,47.69,57.79]
(0 2)(1 2)(2 2)(3 2)(4 7)(5 3)(6 4)(7 1)(8 2)(9 3)(10 8)(11 4)(12 2)(13 3)(14 5)(15 4)(16 5)(17 3)(18 4)(19 3)(20 10)(21 7)(22 8)(23 9)(24 10)(25 8)(26 12)(27 13)(28 11)(29 4)(30 16)(31 9)(32 14)(33 14)(34 22)(35 12)(36 11)(37 14)(38 7)(39 12)(40 7)(41 5)(42 4)(43 8)(44 5)(45 5)(46 6)(47 9)(48 11)(49 10)(50 13)(51 12)(52 12)(53 11)(54 28)(55 6)(56 9)(57 5)(58 12)(59 8)(60 6)(61 13)(62 7)(63 9)(64 10)(65 8)(66 6)(67 7)(68 4)(69 5)(70 3)(71 7)(72 3)(73 4)(74 2)(75 3)(76 1)(77 7)(78 1)(79 4)(81 2)(82 2)(83 2)(84 1)(85 3)(86 2)(87 1)(88 3)(89 3)(91 5)(92 1)(93 3)(94 4)(95 2)(96 1)(97 2)(98 4)(99 2)(100 3)(101 1)(102 2)(103 4)(104 2)(106 1)(108 1)(110 1)(112 1)(116 1)(117 3)(121 1)(130 1)(131 1)(137 2)(139 1)(153 1)(167 1)(174 1)
---area label--- : 3
area size : 8
mean x : 144.00
mean y : 140.50
mean E_x^2 : 0.50
mean E_y^2 : 1.25
mean E_xy^2 : 0.50
theta : -0.52
average greyscal : 74.00
average RGB [73.50,65.75,83.75]
(32 1)(45 1)(57 1)(74 1)(89 1)(91 1)(97 1)(107 1)
