NUMBER OF AREAS : 3
---area label--- : 1
area size : 140
mean x : 81.65
mean y : 92.33
mean E_x^2 : 43.33
mean E_y^2 : 20.76
mean E_xy^2 : 27.16
theta : 0.78
average greyscal : 36.09
average RGB [42.45,29.89,36.79]
(2 2)(4 3)(5 1)(6 4)(7 3)(8 4)(10 1)(11 1)(15 1)(16 1)(17 1)(18 1)(19 3)(22 2)(23 1)(24 1)(25 7)(26 6)(27 4)(28 3)(29 2)(30 5)(31 4)(32 6)(33 4)(34 4)(35 3)(36 1)(37 2)(38 4)(39 4)(40 6)(41 3)(42 2)(44 1)(45 2)(46 2)(48 2)(49 5)(50 1)(51 2)(52 1)(53 4)(54 4)(55 2)(56 2)(58 2)(59 1)(67 1)(76 1)(84 3)(96 1)(98 1)(105 1)(145 1)
---area label--- : 2
area size : 222
mean x : 145.80
mean y : 161.24
mean E_x^2 : 15.37
mean E_y^2 : 24.27
mean E_xy^2 : -4.92
theta : -0.78
average greyscal : 63.34
average RGB [67.17,61.36,62.66]
(0 1)(8 1)(18 2)(26 1)(32 1)(34 2)(35 1)(38 1)(39 2)(40 2)(41 2)(42 2)(44 3)(45 2)(46 7)(47 4)(48 2)(49 6)(50 7)(51 5)(52 6)(53 4)(54 4)(55 6)(56 2)(57 3)(58 4)(59 2)(60 9)(61 6)(62 2)(63 6)(64 12)(65 6)(66 11)(67 11)(68 7)(69 3)(70 6)(71 6)(72 6)(73 8)(74 1)(75 2)(76 1)(77 2)(78 1)(79 3)(80 3)(81 3)(82 1)(84 1)(85 1)(86 1)(92 2)(94 1)(95 3)(100 3)(104 1)(110 3)(111 1)(114 1)(116 1)(119 1)(145 1)
---area label--- : 3
area size : 5
mean x : 89.00
mean y : 249.00
mean E_x^2 : 0.40
mean E_y^2 : 0.80
mean E_xy^2 : 0.40
theta : -0.51
average greyscal : 31.20
average RGB [47.20,28.40,19.00]
(12 1)(22 1)(24 1)(43 1)(55 1)
