NUMBER OF AREAS : 2
---area label--- : 1
area size : 227
mean x : 145.78
mean y : 161.34
mean E_x^2 : 16.17
mean E_y^2 : 23.55
mean E_xy^2 : -4.71
theta : -0.78
average greyscal : 64.06
average RGB [66.22,62.19,64.74]
(11 1)(16 1)(22 1)(23 1)(30 1)(31 2)(33 2)(34 2)(36 1)(39 2)(40 3)(41 1)(42 3)(43 1)(44 4)(45 4)(46 8)(47 1)(48 3)(49 6)(50 5)(51 3)(52 5)(53 5)(54 1)(55 3)(56 3)(57 3)(58 2)(59 5)(60 10)(61 5)(62 10)(63 12)(64 7)(65 10)(66 9)(67 8)(68 6)(69 1)(70 8)(71 8)(72 2)(73 3)(74 3)(75 1)(76 3)(77 4)(79 2)(81 1)(82 1)(83 2)(84 1)(88 2)(89 1)(93 1)(94 2)(95 3)(96 1)(97 1)(98 1)(99 1)(100 1)(102 2)(103 1)(107 1)(108 1)(109 1)(111 1)(112 1)(116 1)(120 1)(128 1)(132 1)(142 1)
---area label--- : 2
area size : 415
mean x : 124.95
mean y : 185.32
mean E_x^2 : 90.81
mean E_y^2 : 28.99
mean E_xy^2 : 30.56
theta : 0.78
average greyscal : 75.24
average RGB [86.72,68.62,71.33]
(3 2)(4 3)(5 3)(6 1)(7 5)(8 2)(9 4)(10 4)(11 2)(12 2)(13 2)(15 1)(16 1)(17 3)(18 2)(21 2)(23 4)(24 2)(25 3)(26 4)(27 4)(28 1)(29 3)(30 3)(31 4)(32 6)(33 4)(34 6)(35 5)(36 9)(37 8)(38 6)(39 12)(40 11)(41 2)(42 5)(43 13)(44 8)(45 7)(46 6)(47 5)(48 3)(49 3)(50 8)(51 2)(52 5)(53 2)(54 1)(55 6)(56 4)(57 1)(58 2)(59 2)(60 1)(61 2)(62 4)(63 2)(65 1)(66 4)(67 2)(68 4)(69 1)(70 3)(72 3)(73 1)(74 3)(75 2)(76 3)(77 3)(78 1)(79 3)(80 1)(81 2)(83 1)(84 2)(85 3)(86 2)(87 1)(88 1)(89 3)(90 5)(91 3)(92 1)(94 4)(95 3)(96 1)(97 2)(98 1)(99 2)(100 1)(101 1)(102 2)(103 1)(104 1)(105 4)(106 1)(108 2)(109 3)(110 3)(111 1)(112 1)(114 2)(115 1)(116 2)(117 1)(118 1)(120 1)(121 3)(122 4)(123 1)(126 1)(127 2)(128 2)(130 3)(132 1)(133 3)(134 1)(135 2)(136 2)(137 1)(138 2)(139 4)(144 2)(145 3)(147 1)(148 2)(149 2)(150 2)(152 1)(153 1)(154 1)(155 1)(156 1)(160 1)(161 1)(164 2)(165 1)(168 1)(173 1)(175 1)(180 1)(182 2)(183 1)(186 1)(188 1)(190 1)(191 1)(192 1)(193 1)(195 1)(196 1)(197 1)(198 1)(200 3)(201 1)(203 1)(204 1)(206 1)(207 1)(212 2)(214 1)(224 1)(244 1)
