NUMBER OF AREAS : 2
---area label--- : 1
area size : 132
mean x : 83.04
mean y : 98.83
mean E_x^2 : 28.32
mean E_y^2 : 30.17
mean E_xy^2 : 23.58
theta : -0.78
average greyscal : 44.37
average RGB [46.89,41.77,45.27]
(0 3)(1 1)(2 1)(3 1)(4 5)(5 2)(6 3)(7 2)(8 4)(9 1)(10 1)(11 1)(12 1)(13 1)(14 1)(15 1)(16 1)(17 2)(18 1)(19 2)(20 1)(21 1)(23 4)(24 2)(25 3)(26 2)(27 5)(28 4)(30 1)(31 2)(32 2)(33 1)(35 2)(36 1)(37 1)(38 1)(40 1)(41 1)(45 4)(46 5)(47 1)(48 1)(49 1)(50 1)(51 1)(52 3)(53 1)(55 1)(56 5)(57 1)(58 2)(59 3)(60 1)(61 4)(62 1)(64 2)(65 1)(71 1)(73 1)(74 1)(76 1)(80 1)(84 1)(86 1)(93 1)(94 1)(100 1)(102 1)(103 1)(104 1)(107 1)(112 1)(115 1)(118 2)(124 1)(151 1)(154 2)(160 1)
---area label--- : 2
area size : 921
mean x : 214.86
mean y : 203.47
mean E_x^2 : 168.86
mean E_y^2 : 57.78
mean E_xy^2 : 38.05
theta : 0.78
average greyscal : 51.24
average RGB [41.44,51.16,62.17]
(0 2)(2 1)(3 1)(4 1)(5 3)(6 3)(7 4)(8 2)(9 3)(10 7)(11 5)(12 3)(13 3)(14 2)(16 3)(17 3)(18 8)(19 5)(20 6)(21 3)(22 7)(23 9)(24 23)(25 16)(26 13)(27 14)(28 23)(29 12)(30 15)(31 26)(32 14)(33 18)(34 13)(35 14)(36 7)(37 18)(38 5)(39 13)(40 10)(41 6)(42 10)(43 5)(44 8)(45 20)(46 11)(47 14)(48 18)(49 17)(50 21)(51 20)(52 14)(53 23)(54 23)(55 21)(56 14)(57 21)(58 15)(59 21)(60 14)(61 20)(62 16)(63 14)(64 8)(65 13)(66 4)(67 11)(68 7)(69 7)(70 10)(71 3)(72 6)(73 4)(74 6)(75 4)(76 6)(77 8)(78 5)(79 1)(80 1)(81 4)(82 2)(83 2)(84 3)(85 3)(86 6)(87 4)(88 3)(89 8)(90 6)(91 7)(92 4)(93 2)(94 4)(95 5)(96 1)(97 4)(98 1)(99 4)(100 1)(101 5)(103 4)(104 2)(106 1)(107 3)(109 1)(110 3)(111 1)(112 1)(113 1)(115 1)(118 2)(121 1)(124 1)(125 1)(128 1)(132 1)(136 1)(147 1)(148 1)(149 1)(150 1)(152 1)(153 1)(154 1)(156 1)
