NUMBER OF AREAS : 1
---area label--- : 1
area size : 474
mean x : 112.91
mean y : 136.88
mean E_x^2 : 99.47
mean E_y^2 : 27.37
mean E_xy^2 : 31.66
theta : 0.78
average greyscal : 62.03
average RGB [68.96,57.00,61.08]
(0 2)(1 1)(3 3)(4 2)(5 2)(6 4)(7 1)(8 3)(9 1)(10 3)(11 3)(12 2)(13 3)(14 2)(15 4)(16 2)(17 1)(18 1)(19 3)(20 3)(21 1)(22 1)(23 1)(24 1)(25 1)(26 4)(27 4)(28 4)(29 4)(30 6)(31 9)(32 4)(33 5)(34 7)(35 3)(36 3)(37 7)(38 5)(39 3)(40 6)(41 4)(42 11)(43 6)(44 8)(45 6)(46 3)(47 7)(48 13)(49 10)(50 7)(51 4)(52 2)(53 6)(54 8)(55 8)(56 7)(57 6)(58 7)(59 3)(60 2)(61 2)(62 7)(63 3)(64 7)(65 7)(66 7)(67 10)(68 11)(69 6)(70 5)(71 8)(72 6)(73 8)(74 5)(75 7)(76 6)(77 5)(78 3)(79 8)(80 1)(81 3)(82 3)(84 2)(85 2)(86 1)(88 3)(90 1)(91 3)(92 2)(93 2)(94 2)(95 1)(96 1)(97 1)(98 1)(99 3)(100 1)(101 2)(105 1)(106 4)(108 1)(109 5)(110 3)(111 1)(112 1)(113 1)(114 3)(115 1)(116 3)(117 4)(118 2)(120 2)(121 1)(122 3)(123 2)(124 3)(125 3)(126 1)(127 1)(128 2)(131 1)(132 1)(136 1)(139 1)(145 1)(146 1)(150 1)(151 1)(154 1)(174 1)(177 1)(183 1)(184 1)(185 1)(186 1)(187 1)(188 1)
