NUMBER OF AREAS : 4
---area label--- : 1
area size : 5
mean x : 73.00
mean y : 81.00
mean E_x^2 : 0.40
mean E_y^2 : 0.80
mean E_xy^2 : 0.40
theta : -0.51
average greyscal : 35.80
average RGB [40.80,31.00,37.40]
(22 1)(28 1)(33 1)(46 1)(50 1)
---area label--- : 2
area size : 133
mean x : 84.61
mean y : 90.22
mean E_x^2 : 23.07
mean E_y^2 : 10.52
mean E_xy^2 : 11.06
theta : 0.77
average greyscal : 40.30
average RGB [43.77,36.56,41.55]
(0 3)(1 4)(2 2)(5 4)(6 1)(7 2)(8 2)(9 2)(10 1)(11 1)(12 5)(13 1)(14 1)(15 1)(16 2)(17 3)(18 3)(19 1)(20 4)(21 2)(24 2)(25 2)(26 5)(27 2)(28 5)(30 4)(31 2)(33 4)(34 3)(35 2)(37 2)(38 2)(39 4)(40 2)(41 2)(43 3)(44 1)(45 2)(46 2)(47 1)(49 2)(50 3)(53 2)(54 4)(56 1)(58 1)(61 1)(64 1)(73 1)(74 1)(75 1)(77 2)(82 1)(87 2)(99 1)(113 1)(119 1)(122 1)(124 2)(125 1)(126 1)(136 1)(139 1)(140 1)(145 1)(146 1)
---area label--- : 3
area size : 220
mean x : 145.74
mean y : 161.31
mean E_x^2 : 15.09
mean E_y^2 : 24.00
mean E_xy^2 : -4.52
theta : -0.78
average greyscal : 63.47
average RGB [67.54,60.56,63.31]
(2 1)(4 1)(24 1)(26 1)(30 1)(31 1)(33 2)(34 1)(37 1)(39 1)(40 3)(42 4)(43 1)(44 1)(45 7)(46 2)(47 4)(48 7)(49 2)(50 3)(51 4)(52 7)(53 2)(54 2)(55 3)(56 4)(57 8)(58 4)(59 8)(60 6)(61 4)(62 6)(63 8)(64 6)(65 6)(66 16)(67 8)(68 7)(69 5)(70 7)(71 7)(72 7)(73 4)(74 4)(75 1)(76 2)(78 1)(79 1)(80 3)(81 3)(83 2)(88 1)(91 1)(93 1)(94 1)(97 2)(98 1)(100 1)(102 1)(105 1)(107 1)(110 1)(111 3)(113 1)(114 1)(118 1)(146 1)
---area label--- : 4
area size : 5
mean x : 89.00
mean y : 249.00
mean E_x^2 : 0.40
mean E_y^2 : 0.80
mean E_xy^2 : 0.40
theta : -0.51
average greyscal : 34.80
average RGB [52.00,21.80,32.20]
(11 1)(21 1)(32 1)(40 1)(70 1)
