NUMBER OF AREAS : 3
---area label--- : 1
area size : 175
mean x : 79.11
mean y : 97.41
mean E_x^2 : 51.24
mean E_y^2 : 26.55
mean E_xy^2 : 32.93
theta : 0.78
average greyscal : 34.86
average RGB [37.45,31.78,36.17]
(0 1)(2 1)(6 1)(7 1)(9 2)(11 2)(12 3)(15 1)(17 2)(18 3)(19 1)(20 3)(21 4)(22 2)(23 1)(24 8)(25 9)(26 7)(27 3)(28 2)(29 4)(30 14)(31 11)(32 6)(33 5)(34 4)(35 4)(36 7)(37 7)(38 8)(39 2)(40 8)(41 3)(42 2)(43 1)(44 1)(45 2)(47 4)(48 2)(50 1)(51 1)(52 2)(54 1)(56 1)(57 1)(58 3)(63 1)(65 1)(66 1)(67 1)(68 1)(72 1)(74 3)(82 2)(108 2)
---area label--- : 2
area size : 5
mean x : 82.00
mean y : 92.00
mean E_x^2 : 0.40
mean E_y^2 : 0.80
mean E_xy^2 : 0.40
theta : -0.51
average greyscal : 64.20
average RGB [77.40,55.20,61.40]
(57 1)(61 1)(62 1)(66 1)(75 1)
---area label--- : 3
area size : 814
mean x : 208.22
mean y : 188.17
mean E_x^2 : 151.18
mean E_y^2 : 43.17
mean E_xy^2 : 39.03
theta : 0.78
average greyscal : 50.35
average RGB [40.23,49.78,62.04]
(2 2)(4 1)(5 2)(6 2)(7 1)(8 1)(9 1)(10 2)(11 1)(12 1)(13 2)(14 2)(15 1)(16 3)(17 7)(18 2)(19 4)(20 3)(21 3)(22 9)(23 14)(24 10)(25 15)(26 13)(27 23)(28 10)(29 12)(30 16)(31 25)(32 22)(33 27)(34 17)(35 14)(36 12)(37 12)(38 18)(39 8)(40 10)(41 11)(42 12)(43 6)(44 8)(45 13)(46 13)(47 13)(48 12)(49 18)(50 14)(51 8)(52 16)(53 10)(54 10)(55 14)(56 16)(57 13)(58 10)(59 10)(60 18)(61 12)(62 12)(63 8)(64 13)(65 9)(66 8)(67 11)(68 3)(69 6)(70 11)(71 11)(72 4)(73 13)(74 11)(75 9)(76 13)(77 2)(78 7)(79 5)(80 5)(81 3)(82 4)(83 5)(84 3)(85 2)(86 4)(87 3)(88 2)(89 2)(90 1)(91 1)(92 3)(93 4)(94 1)(96 1)(97 2)(98 1)(99 1)(100 2)(102 1)(105 1)(109 1)(111 1)(116 2)(117 1)(118 1)(123 2)(126 1)(130 2)(137 1)(138 2)(139 1)(141 1)(147 1)(149 1)(150 1)(166 1)(171 1)
