NUMBER OF AREAS : 1
---area label--- : 1
area size : 570
mean x : 128.94
mean y : 154.87
mean E_x^2 : 268.27
mean E_y^2 : 45.84
mean E_xy^2 : 90.41
theta : 0.78
average greyscal : 57.96
average RGB [64.35,53.00,57.49]
(0 5)(2 5)(3 4)(4 1)(5 2)(6 3)(7 2)(8 4)(9 1)(10 2)(11 5)(12 3)(14 2)(16 1)(17 1)(18 4)(19 6)(20 4)(21 4)(22 2)(23 5)(24 8)(25 3)(26 4)(27 7)(28 4)(29 9)(30 12)(31 13)(32 17)(33 6)(34 6)(35 6)(36 4)(37 5)(38 9)(39 6)(40 8)(41 3)(42 5)(43 6)(44 5)(45 4)(46 7)(47 12)(48 6)(49 3)(50 4)(51 3)(52 7)(53 7)(54 10)(55 7)(56 10)(57 5)(58 7)(59 3)(60 5)(61 5)(62 10)(63 7)(64 10)(65 10)(66 9)(67 7)(68 13)(69 10)(70 10)(71 9)(72 10)(73 6)(74 8)(75 7)(76 4)(77 3)(78 3)(79 1)(80 3)(81 6)(82 1)(83 4)(84 3)(85 5)(86 2)(87 5)(88 3)(89 1)(90 1)(91 5)(92 2)(93 3)(94 4)(95 3)(96 1)(97 1)(98 1)(99 1)(100 2)(101 3)(102 4)(103 2)(104 2)(105 1)(106 1)(107 2)(108 2)(109 2)(110 4)(111 3)(112 1)(114 1)(115 1)(118 1)(119 1)(120 1)(121 1)(124 2)(125 1)(128 1)(129 2)(131 1)(136 1)(137 1)(141 2)(144 1)(145 1)(146 1)(149 1)(151 1)(152 2)(153 1)(154 1)(155 1)(157 1)(158 1)(159 1)(164 1)(167 1)
