NUMBER OF AREAS : 3
---area label--- : 1
area size : 5
mean x : 119.00
mean y : 96.00
mean E_x^2 : 0.40
mean E_y^2 : 0.80
mean E_xy^2 : 0.40
theta : -0.51
average greyscal : 84.00
average RGB [91.00,77.60,85.40]
(73 1)(74 1)(80 1)(92 1)(101 1)
---area label--- : 2
area size : 535
mean x : 139.75
mean y : 120.23
mean E_x^2 : 140.12
mean E_y^2 : 54.27
mean E_xy^2 : 74.17
theta : 0.78
average greyscal : 52.32
average RGB [44.07,51.28,62.65]
(0 3)(1 1)(2 2)(3 1)(4 2)(5 1)(6 4)(8 4)(9 4)(10 4)(11 4)(13 5)(14 2)(15 4)(16 4)(17 4)(18 3)(19 5)(20 5)(21 3)(22 7)(23 1)(24 6)(25 5)(26 7)(27 9)(28 9)(29 10)(30 12)(31 8)(32 10)(33 12)(34 8)(35 5)(36 11)(37 11)(38 10)(39 5)(40 6)(41 8)(42 4)(43 10)(44 7)(45 9)(46 4)(47 5)(48 12)(49 5)(50 10)(51 6)(52 6)(53 6)(54 12)(55 1)(56 8)(57 7)(58 5)(59 6)(60 8)(61 5)(62 3)(63 4)(64 3)(65 6)(66 5)(67 4)(68 7)(69 6)(70 7)(71 3)(72 3)(73 6)(74 4)(75 6)(76 5)(77 2)(78 7)(79 4)(80 2)(81 4)(82 3)(83 1)(84 3)(86 3)(87 3)(88 2)(89 4)(90 5)(91 2)(92 2)(93 4)(94 1)(95 4)(96 2)(97 5)(98 3)(100 1)(101 1)(102 2)(103 2)(104 2)(105 2)(106 2)(107 1)(108 3)(109 3)(121 1)(123 2)(128 2)(131 1)(133 1)(137 2)(140 1)(141 2)(147 1)(149 1)(150 1)(152 1)(163 1)
---area label--- : 3
area size : 5
mean x : 106.00
mean y : 108.00
mean E_x^2 : 0.40
mean E_y^2 : 0.80
mean E_xy^2 : 0.40
theta : -0.51
average greyscal : 88.40
average RGB [100.20,78.80,86.20]
(64 1)(69 1)(98 1)(102 1)(109 1)
