NUMBER OF AREAS : 3
---area label--- : 1
area size : 5
mean x : 75.00
mean y : 60.00
mean E_x^2 : 0.40
mean E_y^2 : 0.80
mean E_xy^2 : 0.40
theta : -0.51
average greyscal : 30.00
average RGB [36.20,24.20,30.20]
(23 1)(25 1)(29 1)(33 1)(40 1)
---area label--- : 2
area size : 14
mean x : 87.50
mean y : 72.50
mean E_x^2 : 1.96
mean E_y^2 : 2.54
mean E_xy^2 : 1.96
theta : -0.76
average greyscal : 17.21
average RGB [16.36,20.14,16.29]
(0 1)(7 1)(9 1)(10 1)(12 1)(15 2)(16 2)(17 1)(23 1)(27 1)(36 1)(38 1)
---area label--- : 3
area size : 656
mean x : 155.52
mean y : 130.01
mean E_x^2 : 133.87
mean E_y^2 : 66.47
mean E_xy^2 : 67.19
theta : 0.78
average greyscal : 50.49
average RGB [42.09,49.45,60.86]
(0 3)(1 2)(2 5)(3 2)(4 4)(5 3)(6 6)(7 2)(8 3)(9 4)(10 3)(11 6)(13 4)(14 4)(15 7)(16 1)(17 1)(18 7)(19 2)(20 4)(21 4)(22 1)(23 9)(24 8)(25 8)(26 12)(27 18)(28 18)(29 8)(30 11)(31 13)(32 7)(33 8)(34 9)(35 22)(36 9)(37 3)(38 7)(39 10)(40 3)(41 10)(42 4)(43 5)(44 4)(45 11)(46 7)(47 9)(48 14)(49 7)(50 13)(51 12)(52 13)(53 13)(54 11)(55 11)(56 9)(57 11)(58 8)(59 4)(60 10)(61 10)(62 5)(63 12)(64 8)(65 2)(66 12)(67 9)(68 16)(69 7)(70 3)(71 7)(72 5)(73 3)(74 5)(75 3)(76 5)(77 7)(78 4)(79 5)(80 7)(82 4)(83 3)(84 2)(85 2)(86 3)(87 3)(88 3)(89 2)(90 3)(91 1)(92 3)(93 1)(94 2)(95 2)(96 3)(97 2)(99 1)(100 1)(101 1)(102 4)(103 2)(104 2)(105 1)(107 2)(109 2)(111 3)(112 1)(113 1)(117 1)(125 2)(135 1)(140 1)(142 1)(144 2)(159 2)(176 1)(182 2)(184 1)
