NUMBER OF AREAS : 2
---area label--- : 1
area size : 38
mean x : 81.32
mean y : 89.29
mean E_x^2 : 8.58
mean E_y^2 : 2.89
mean E_xy^2 : 3.22
theta : 0.73
average greyscal : 23.47
average RGB [26.79,20.03,24.47]
(3 2)(6 2)(7 1)(8 1)(9 1)(10 1)(11 1)(15 2)(17 4)(19 2)(22 2)(24 1)(25 3)(26 3)(27 1)(29 1)(30 1)(33 2)(35 1)(36 1)(37 1)(41 1)(53 1)(59 2)
---area label--- : 2
area size : 464
mean x : 171.08
mean y : 128.25
mean E_x^2 : 89.05
mean E_y^2 : 46.77
mean E_xy^2 : 40.67
theta : 0.78
average greyscal : 49.63
average RGB [44.59,48.64,56.74]
(0 5)(2 1)(3 2)(5 1)(7 7)(9 1)(10 3)(11 3)(12 1)(13 3)(14 5)(15 1)(16 2)(17 2)(18 4)(19 6)(20 5)(21 4)(22 4)(23 11)(24 6)(25 6)(26 11)(27 9)(28 11)(29 12)(30 6)(31 7)(32 8)(33 10)(34 6)(35 6)(36 7)(37 8)(38 6)(39 6)(40 9)(41 4)(42 8)(43 9)(44 8)(45 2)(46 6)(47 4)(48 6)(49 2)(50 1)(51 7)(52 5)(53 9)(54 6)(55 7)(56 7)(57 8)(58 5)(59 7)(60 7)(61 9)(62 6)(63 11)(64 2)(65 7)(66 3)(67 5)(68 4)(69 3)(70 3)(71 3)(72 3)(73 2)(74 5)(75 1)(76 3)(77 2)(78 5)(79 4)(80 1)(82 1)(83 1)(84 2)(85 2)(86 4)(87 3)(88 1)(89 4)(91 2)(92 1)(93 1)(94 2)(95 2)(96 3)(97 1)(99 1)(100 2)(102 1)(103 1)(105 2)(106 1)(109 1)(111 1)(112 1)(114 2)(116 1)(117 2)(122 1)(124 2)(127 2)(128 2)(131 1)(132 2)(138 1)(141 1)(159 1)
