NUMBER OF AREAS : 2
---area label--- : 1
area size : 115
mean x : 83.85
mean y : 84.28
mean E_x^2 : 18.96
mean E_y^2 : 9.38
mean E_xy^2 : 8.40
theta : 0.77
average greyscal : 40.78
average RGB [43.49,36.15,43.77]
(0 1)(2 3)(3 2)(4 1)(5 1)(10 3)(11 1)(12 2)(13 4)(14 4)(15 2)(16 2)(17 1)(18 2)(19 2)(20 3)(21 5)(22 1)(24 3)(25 2)(26 2)(27 1)(30 5)(31 3)(33 1)(34 2)(35 2)(36 2)(37 3)(38 1)(39 3)(40 2)(41 1)(42 1)(43 2)(44 3)(45 1)(46 1)(47 1)(48 3)(49 2)(51 2)(58 1)(60 1)(61 2)(62 2)(64 1)(65 1)(68 1)(71 1)(78 1)(79 1)(81 1)(93 1)(99 1)(102 1)(109 1)(111 1)(113 1)(116 1)(117 2)(120 1)(123 1)(124 1)(126 1)
---area label--- : 2
area size : 827
mean x : 179.98
mean y : 153.28
mean E_x^2 : 166.64
mean E_y^2 : 74.64
mean E_xy^2 : 76.50
theta : 0.78
average greyscal : 54.39
average RGB [45.23,53.05,65.90]
(0 1)(1 1)(2 1)(3 3)(4 2)(5 5)(6 2)(8 4)(9 1)(10 5)(11 6)(12 8)(13 4)(14 5)(15 5)(16 6)(17 3)(18 9)(19 3)(20 4)(21 1)(22 10)(23 10)(24 11)(25 9)(26 6)(27 11)(28 18)(29 16)(30 9)(31 16)(32 17)(33 14)(34 18)(35 20)(36 9)(37 9)(38 10)(39 3)(40 7)(41 8)(42 8)(43 6)(44 6)(45 7)(46 14)(47 11)(48 13)(49 12)(50 9)(51 8)(52 11)(53 14)(54 14)(55 6)(56 11)(57 9)(58 8)(59 8)(60 9)(61 13)(62 12)(63 7)(64 16)(65 8)(66 12)(67 9)(68 10)(69 13)(70 8)(71 14)(72 10)(73 11)(74 7)(75 3)(76 7)(77 9)(78 13)(79 5)(80 6)(81 4)(82 9)(83 3)(84 13)(85 6)(86 4)(87 3)(88 5)(90 8)(91 5)(92 5)(93 10)(94 4)(95 7)(96 1)(97 6)(98 3)(99 1)(100 2)(101 2)(102 3)(104 1)(105 3)(108 1)(109 2)(110 2)(113 1)(115 1)(116 1)(119 1)(123 2)(125 1)(126 3)(130 1)(134 1)(137 2)(138 1)(139 2)(140 1)(141 1)(143 1)(144 1)(146 1)(148 1)(153 2)(161 1)(164 1)
