NUMBER OF AREAS : 1
---area label--- : 1
area size : 545
mean x : 139.28
mean y : 120.26
mean E_x^2 : 137.93
mean E_y^2 : 52.64
mean E_xy^2 : 70.50
theta : 0.78
average greyscal : 51.81
average RGB [42.47,52.31,61.66]
(1 2)(2 3)(3 4)(4 1)(5 3)(6 3)(7 1)(8 1)(9 2)(10 1)(11 3)(12 1)(13 2)(14 1)(15 3)(16 1)(17 8)(18 3)(19 4)(20 5)(21 1)(23 7)(24 6)(25 6)(26 12)(27 4)(28 7)(29 10)(30 9)(31 14)(32 24)(33 16)(34 10)(35 8)(36 16)(37 9)(38 9)(39 11)(40 6)(41 7)(42 7)(43 6)(44 4)(45 4)(46 2)(47 12)(48 6)(49 8)(50 6)(51 11)(52 2)(53 11)(54 11)(55 7)(56 4)(57 7)(58 5)(59 4)(60 6)(61 4)(62 10)(63 3)(64 4)(65 5)(66 12)(67 7)(68 7)(69 6)(70 5)(71 8)(72 2)(73 4)(74 2)(75 5)(76 1)(77 4)(78 2)(79 5)(80 2)(81 4)(82 2)(83 2)(84 1)(86 3)(87 5)(88 2)(90 1)(91 5)(92 2)(93 1)(94 2)(95 6)(96 1)(97 1)(98 2)(100 1)(101 3)(102 3)(103 3)(104 1)(105 2)(106 1)(107 3)(109 1)(110 3)(112 2)(115 2)(116 2)(119 1)(126 1)(127 1)(133 1)(138 1)(142 1)(143 1)(152 1)(156 1)(163 1)(166 1)(167 1)(188 1)
