NUMBER OF AREAS : 2
---area label--- : 1
area size : 103
mean x : 82.73
mean y : 85.18
mean E_x^2 : 20.63
mean E_y^2 : 9.32
mean E_xy^2 : 10.26
theta : 0.77
average greyscal : 32.48
average RGB [33.79,30.30,34.48]
(0 1)(5 3)(9 3)(10 1)(11 3)(12 1)(13 1)(14 1)(17 1)(19 6)(20 1)(21 2)(22 1)(23 3)(24 5)(25 2)(26 3)(27 3)(28 2)(29 3)(30 4)(31 2)(32 4)(33 4)(34 4)(35 3)(36 2)(37 3)(39 1)(40 5)(41 2)(42 1)(43 1)(45 1)(46 1)(47 1)(49 1)(50 3)(51 2)(54 1)(55 1)(56 2)(58 2)(60 1)(62 1)(66 1)(69 1)(79 1)(81 1)
---area label--- : 2
area size : 817
mean x : 182.17
mean y : 156.35
mean E_x^2 : 176.89
mean E_y^2 : 73.26
mean E_xy^2 : 79.17
theta : 0.78
average greyscal : 54.15
average RGB [44.64,51.71,67.15]
(2 2)(3 3)(4 1)(5 3)(6 2)(7 2)(8 3)(9 1)(10 3)(11 2)(12 6)(13 3)(14 4)(15 2)(16 3)(17 6)(18 2)(19 1)(20 7)(21 4)(22 7)(23 9)(24 14)(25 8)(26 11)(27 16)(28 11)(29 12)(30 23)(31 13)(32 15)(33 14)(34 22)(35 11)(36 12)(37 10)(38 11)(39 14)(40 14)(41 5)(42 12)(43 9)(44 4)(45 6)(46 13)(47 8)(48 7)(49 13)(50 9)(51 5)(52 7)(53 13)(54 9)(55 11)(56 17)(57 5)(58 7)(59 13)(60 6)(61 13)(62 9)(63 9)(64 12)(65 14)(66 11)(67 13)(68 14)(69 12)(70 5)(71 9)(72 11)(73 12)(74 11)(75 9)(76 7)(77 7)(78 12)(79 3)(80 6)(81 13)(82 5)(83 7)(84 6)(85 1)(86 8)(87 3)(88 2)(89 6)(90 2)(91 5)(92 4)(93 4)(94 10)(95 4)(96 4)(97 1)(98 5)(99 5)(100 3)(101 4)(102 3)(104 2)(105 2)(106 2)(107 1)(109 1)(111 1)(118 1)(120 2)(122 3)(124 1)(125 1)(127 3)(130 2)(136 1)(137 1)(145 1)(147 1)(153 1)
