NUMBER OF AREAS : 1
---area label--- : 1
area size : 609
mean x : 165.07
mean y : 162.52
mean E_x^2 : 153.11
mean E_y^2 : 69.21
mean E_xy^2 : 66.78
theta : 0.78
average greyscal : 52.94
average RGB [45.40,52.64,61.76]
(0 1)(1 2)(2 2)(3 1)(5 1)(6 1)(7 1)(8 4)(10 1)(11 5)(12 2)(13 4)(14 1)(15 2)(16 3)(17 8)(19 4)(20 7)(21 6)(22 6)(23 5)(24 6)(25 7)(26 10)(27 10)(28 10)(29 7)(30 17)(31 11)(32 10)(33 11)(34 17)(35 9)(36 8)(37 13)(38 18)(39 9)(40 10)(41 5)(42 10)(43 13)(44 5)(45 6)(46 7)(47 6)(48 5)(49 2)(50 8)(51 11)(52 7)(53 13)(54 4)(55 7)(56 7)(57 4)(58 4)(59 11)(60 6)(61 7)(62 6)(63 5)(64 13)(65 6)(66 4)(67 7)(68 7)(69 10)(70 4)(71 6)(72 7)(73 5)(74 7)(75 8)(76 4)(77 3)(78 4)(79 3)(80 3)(81 5)(82 3)(83 6)(84 4)(85 2)(87 6)(88 4)(89 5)(91 4)(92 3)(93 3)(94 4)(95 1)(96 3)(97 3)(98 2)(99 1)(100 4)(101 3)(102 1)(103 1)(105 1)(106 3)(108 2)(110 3)(111 1)(112 2)(113 1)(115 2)(119 1)(120 2)(122 1)(124 1)(126 1)(128 1)(130 1)(131 2)(132 1)(140 1)(148 1)(149 2)(154 1)
