NUMBER OF AREAS : 2
---area label--- : 1
area size : 229
mean x : 145.76
mean y : 161.47
mean E_x^2 : 15.88
mean E_y^2 : 23.86
mean E_xy^2 : -3.49
theta : -0.78
average greyscal : 63.71
average RGB [64.76,61.24,66.06]
(2 1)(4 1)(25 1)(30 2)(32 1)(33 1)(34 1)(35 1)(37 4)(38 1)(39 3)(40 3)(41 4)(43 5)(44 3)(45 3)(46 3)(47 5)(48 5)(49 2)(50 3)(51 4)(52 6)(53 3)(54 3)(55 8)(56 2)(57 2)(58 8)(59 6)(60 5)(61 5)(62 5)(63 7)(64 7)(65 11)(66 8)(67 7)(68 13)(69 8)(71 7)(72 5)(73 2)(74 4)(75 3)(76 1)(77 1)(78 2)(83 1)(85 2)(87 1)(88 2)(90 1)(91 1)(92 1)(93 1)(94 1)(95 1)(96 1)(97 1)(99 1)(100 2)(101 1)(102 2)(103 1)(104 2)(106 1)(109 3)(110 1)(111 1)(112 1)(120 1)(122 1)(141 1)
---area label--- : 2
area size : 390
mean x : 127.15
mean y : 187.56
mean E_x^2 : 137.05
mean E_y^2 : 29.86
mean E_xy^2 : 52.84
theta : 0.78
average greyscal : 83.82
average RGB [96.05,73.82,82.46]
(0 2)(2 1)(3 1)(4 2)(5 2)(6 3)(8 1)(9 1)(10 3)(11 1)(12 1)(13 2)(14 1)(15 2)(17 3)(18 4)(19 2)(20 1)(21 2)(22 2)(23 2)(24 1)(25 2)(26 4)(27 3)(28 1)(29 1)(30 3)(31 4)(32 4)(34 2)(35 1)(36 2)(37 7)(38 5)(39 2)(40 2)(42 3)(43 4)(44 5)(45 4)(46 4)(47 3)(48 5)(49 2)(50 2)(51 4)(52 4)(54 4)(55 2)(56 4)(57 1)(58 3)(59 2)(60 2)(61 9)(62 3)(63 6)(64 3)(65 4)(66 8)(68 3)(69 5)(70 2)(71 2)(72 3)(73 4)(74 7)(75 5)(76 5)(77 3)(78 4)(79 2)(80 2)(81 3)(82 5)(83 9)(84 1)(85 3)(86 2)(87 1)(88 2)(89 6)(90 2)(91 1)(93 3)(94 6)(95 1)(96 2)(97 2)(98 2)(99 3)(101 2)(103 1)(104 2)(105 1)(107 4)(108 2)(109 3)(110 1)(111 5)(112 1)(113 1)(115 1)(117 2)(119 1)(124 2)(125 2)(126 1)(127 2)(128 3)(130 1)(131 1)(132 3)(133 1)(134 2)(135 2)(137 2)(138 4)(139 2)(140 2)(141 2)(143 1)(145 3)(146 2)(147 1)(148 1)(152 1)(153 1)(155 1)(160 1)(163 1)(165 1)(169 1)(170 1)(172 1)(173 2)(178 2)(180 1)(181 1)(182 1)(183 2)(186 1)(187 3)(190 1)(191 1)(192 1)(193 3)(195 1)(196 3)(197 1)(199 2)(200 2)(201 3)(205 1)(207 1)(212 1)(213 1)(216 1)(223 1)
