NUMBER OF AREAS : 1
---area label--- : 1
area size : 480
mean x : 114.60
mean y : 138.90
mean E_x^2 : 107.81
mean E_y^2 : 27.88
mean E_xy^2 : 35.22
theta : 0.78
average greyscal : 59.28
average RGB [66.35,55.46,57.05]
(0 2)(1 3)(3 2)(5 2)(6 5)(7 1)(8 3)(9 2)(10 2)(12 1)(13 4)(14 3)(15 2)(16 4)(17 4)(18 1)(19 1)(20 1)(21 5)(22 2)(23 1)(24 2)(25 3)(26 4)(27 5)(28 6)(29 3)(30 8)(31 7)(32 6)(33 6)(34 6)(35 2)(36 4)(38 6)(39 9)(40 6)(41 3)(42 10)(43 10)(44 3)(45 10)(46 7)(47 7)(48 8)(49 6)(50 8)(51 4)(52 5)(53 8)(54 6)(55 4)(56 3)(57 5)(58 3)(59 2)(60 1)(61 4)(62 3)(63 6)(64 10)(65 9)(66 10)(67 13)(68 6)(69 6)(70 7)(71 17)(72 11)(73 10)(74 13)(75 4)(76 5)(77 3)(78 3)(79 4)(80 2)(81 1)(82 3)(83 2)(84 2)(85 3)(86 1)(88 1)(89 2)(90 1)(91 3)(92 2)(93 1)(94 1)(95 4)(96 1)(97 1)(98 3)(99 3)(100 3)(101 5)(102 3)(103 2)(105 2)(106 2)(107 1)(108 1)(109 1)(110 1)(111 2)(112 1)(114 1)(115 2)(117 1)(120 2)(123 1)(125 2)(126 2)(128 1)(130 1)(131 1)(133 1)(134 3)(137 1)(139 1)(140 1)(142 1)(145 1)(148 1)(149 1)(151 1)(172 1)(184 1)
