NUMBER OF AREAS : 1
---area label--- : 1
area size : 414
mean x : 144.21
mean y : 122.26
mean E_x^2 : 166.40
mean E_y^2 : 60.58
mean E_xy^2 : 92.57
theta : 0.78
average greyscal : 49.82
average RGB [41.74,49.65,59.12]
(0 2)(1 2)(2 3)(3 1)(4 1)(5 2)(6 4)(7 1)(8 2)(9 4)(11 3)(12 3)(13 1)(14 2)(15 3)(16 3)(17 4)(18 6)(19 1)(20 1)(21 2)(22 8)(23 2)(24 8)(25 4)(26 7)(27 7)(28 9)(29 4)(30 10)(31 18)(32 10)(33 9)(34 10)(35 5)(36 6)(37 7)(38 5)(39 9)(40 7)(41 4)(42 5)(43 3)(44 4)(45 6)(46 1)(47 5)(48 5)(49 7)(50 5)(51 3)(52 1)(53 3)(54 3)(55 4)(56 2)(57 6)(58 7)(60 2)(61 1)(62 4)(63 8)(64 4)(65 6)(66 7)(67 5)(69 6)(70 8)(71 5)(72 3)(73 3)(74 3)(75 1)(76 3)(78 7)(79 3)(80 4)(81 3)(82 2)(83 2)(85 1)(86 3)(87 3)(88 2)(89 4)(90 1)(91 2)(92 2)(93 2)(94 1)(95 1)(96 2)(97 2)(99 2)(100 1)(101 2)(102 2)(103 1)(104 2)(105 1)(106 1)(107 3)(108 2)(109 2)(113 1)(117 1)(118 1)(119 1)(121 1)(129 1)(141 1)(146 1)(171 1)
