NUMBER OF AREAS : 1
---area label--- : 1
area size : 398
mean x : 145.39
mean y : 122.78
mean E_x^2 : 149.42
mean E_y^2 : 52.02
mean E_xy^2 : 80.04
theta : 0.78
average greyscal : 53.15
average RGB [48.53,51.13,60.89]
(0 1)(1 2)(3 1)(4 1)(5 2)(6 2)(7 5)(8 2)(9 2)(13 6)(14 1)(16 1)(17 2)(18 4)(19 4)(20 3)(21 3)(23 5)(24 5)(25 5)(26 3)(27 5)(28 6)(29 7)(30 8)(31 7)(32 10)(33 9)(34 7)(35 4)(36 6)(37 6)(38 6)(39 9)(40 6)(41 6)(42 7)(43 3)(44 3)(45 4)(46 5)(47 4)(48 3)(49 8)(50 5)(51 5)(52 5)(53 7)(54 6)(55 5)(56 9)(57 7)(58 3)(59 1)(60 5)(61 4)(62 3)(63 9)(64 1)(65 3)(66 5)(67 4)(68 4)(69 7)(70 6)(71 2)(72 4)(73 5)(74 3)(76 2)(77 1)(78 2)(79 4)(80 1)(81 1)(82 2)(83 7)(84 1)(85 3)(86 2)(87 5)(88 1)(89 2)(91 3)(92 1)(93 3)(94 2)(95 2)(96 3)(97 2)(99 2)(100 1)(101 2)(102 2)(104 4)(107 1)(108 2)(109 2)(111 1)(112 1)(113 1)(115 2)(121 2)(123 1)(125 2)(129 1)(132 2)(134 1)(144 1)
