NUMBER OF AREAS : 2
---area label--- : 1
area size : 99
mean x : 82.38
mean y : 88.86
mean E_x^2 : 25.08
mean E_y^2 : 13.60
mean E_xy^2 : 15.10
theta : 0.78
average greyscal : 35.48
average RGB [38.86,30.07,38.29]
(5 1)(6 1)(7 2)(9 1)(12 2)(14 1)(15 1)(17 5)(18 1)(20 1)(21 1)(22 4)(25 5)(26 2)(27 2)(28 6)(29 2)(30 1)(31 5)(32 4)(33 5)(34 1)(35 3)(36 1)(37 3)(38 3)(39 3)(40 4)(41 1)(42 1)(43 2)(44 2)(45 3)(46 3)(47 1)(48 1)(50 1)(53 3)(55 1)(60 1)(64 1)(66 1)(68 2)(73 1)(79 1)(92 1)(123 1)
---area label--- : 2
area size : 747
mean x : 187.16
mean y : 162.75
mean E_x^2 : 172.79
mean E_y^2 : 52.82
mean E_xy^2 : 61.11
theta : 0.78
average greyscal : 51.95
average RGB [41.82,51.86,63.10]
(2 2)(3 1)(4 2)(5 4)(6 1)(7 1)(9 2)(10 2)(11 4)(12 2)(13 6)(14 4)(15 4)(16 2)(17 2)(18 2)(19 4)(20 6)(21 10)(22 8)(23 6)(24 12)(25 13)(26 5)(27 7)(28 11)(29 11)(30 17)(31 21)(32 14)(33 18)(34 18)(35 5)(36 9)(37 11)(38 13)(39 6)(40 7)(41 9)(42 14)(43 8)(44 8)(45 13)(46 10)(47 9)(48 4)(49 14)(50 14)(51 8)(52 6)(53 16)(54 13)(55 13)(56 9)(57 10)(58 11)(59 11)(60 7)(61 6)(62 6)(63 7)(64 7)(65 9)(66 7)(67 13)(68 7)(69 15)(70 8)(71 10)(72 13)(73 4)(74 13)(75 7)(76 7)(77 10)(78 12)(79 10)(80 8)(81 5)(82 12)(83 4)(84 7)(85 2)(86 3)(87 4)(88 3)(89 4)(90 2)(91 3)(92 3)(93 4)(94 1)(95 3)(96 6)(97 1)(98 6)(99 2)(101 1)(102 1)(103 1)(106 1)(110 1)(111 1)(113 1)(115 1)(120 2)(138 1)(141 1)(148 1)
