NUMBER OF AREAS : 3
---area label--- : 1
area size : 91
mean x : 82.43
mean y : 95.81
mean E_x^2 : 18.20
mean E_y^2 : 21.36
mean E_xy^2 : 14.76
theta : -0.78
average greyscal : 38.86
average RGB [43.56,32.40,41.63]
(2 1)(3 1)(6 3)(7 2)(8 1)(10 1)(11 3)(12 3)(14 1)(16 2)(18 2)(21 1)(22 4)(25 1)(26 1)(27 5)(28 3)(29 1)(30 2)(32 3)(33 1)(34 3)(35 2)(37 2)(38 2)(39 3)(42 3)(44 4)(45 1)(46 1)(47 2)(49 1)(51 1)(53 2)(54 2)(55 2)(56 2)(59 2)(61 2)(62 1)(66 1)(67 1)(68 1)(78 1)(81 1)(85 1)(88 1)(90 1)(104 1)(120 1)(122 1)
---area label--- : 2
area size : 768
mean x : 215.86
mean y : 199.03
mean E_x^2 : 183.26
mean E_y^2 : 62.46
mean E_xy^2 : 83.83
theta : 0.78
average greyscal : 54.83
average RGB [47.98,53.66,63.83]
(2 1)(3 1)(5 4)(7 1)(8 3)(9 2)(10 2)(11 2)(12 3)(13 1)(14 1)(15 1)(16 1)(17 2)(18 5)(19 2)(20 4)(21 4)(22 8)(23 8)(24 28)(25 14)(26 17)(27 11)(28 18)(29 16)(30 10)(31 20)(32 12)(33 16)(34 10)(35 11)(36 10)(37 10)(38 7)(39 6)(40 7)(41 5)(42 5)(43 5)(44 4)(45 4)(46 8)(47 10)(48 10)(49 7)(50 18)(51 4)(52 12)(53 19)(54 12)(55 13)(56 9)(57 16)(58 8)(59 3)(60 19)(61 16)(62 12)(63 11)(64 10)(65 7)(66 7)(67 16)(68 1)(69 8)(70 6)(71 8)(72 7)(73 8)(74 13)(75 5)(76 2)(77 9)(78 3)(79 5)(80 6)(81 3)(82 9)(83 5)(84 6)(85 5)(86 6)(87 2)(88 5)(89 4)(90 1)(91 8)(92 2)(93 2)(94 2)(95 5)(96 5)(97 4)(98 4)(99 7)(100 3)(101 1)(102 4)(103 4)(104 5)(105 2)(106 1)(107 3)(108 2)(109 4)(110 5)(111 4)(112 4)(116 4)(119 2)(122 1)(126 1)(129 2)(154 1)
---area label--- : 3
area size : 39
mean x : 195.36
mean y : 207.85
mean E_x^2 : 3.05
mean E_y^2 : 3.51
mean E_xy^2 : 1.00
theta : -0.77
average greyscal : 145.33
average RGB [142.00,136.33,158.59]
(64 1)(65 1)(67 1)(79 1)(86 1)(90 1)(104 3)(127 1)(134 1)(136 1)(142 1)(143 1)(150 2)(152 1)(155 1)(157 1)(161 1)(164 1)(165 1)(166 1)(168 2)(169 1)(170 4)(171 2)(172 1)(175 1)(182 1)(183 1)(184 1)(189 1)(191 1)
