NUMBER OF AREAS : 4
---area label--- : 1
area size : 5
mean x : 168.00
mean y : 105.00
mean E_x^2 : 0.40
mean E_y^2 : 0.80
mean E_xy^2 : 0.40
theta : -0.51
average greyscal : 79.20
average RGB [86.40,73.80,77.80]
(61 1)(68 1)(78 1)(89 1)(100 1)
---area label--- : 2
area size : 650
mean x : 156.52
mean y : 122.57
mean E_x^2 : 134.25
mean E_y^2 : 58.87
mean E_xy^2 : 48.55
theta : 0.78
average greyscal : 47.97
average RGB [39.08,47.36,58.55]
(0 4)(1 4)(3 3)(4 2)(5 5)(6 4)(7 2)(9 6)(10 4)(11 2)(12 2)(13 6)(14 7)(15 7)(16 3)(17 5)(18 3)(19 6)(20 3)(21 6)(22 6)(23 6)(24 5)(25 11)(26 17)(27 10)(28 17)(29 7)(30 11)(31 18)(32 14)(33 12)(34 10)(35 9)(36 10)(37 13)(38 6)(39 7)(40 5)(41 10)(42 9)(43 8)(44 3)(45 7)(46 8)(47 11)(48 12)(49 12)(50 9)(51 12)(52 10)(53 12)(54 11)(55 13)(56 9)(57 6)(58 8)(59 6)(60 8)(61 11)(62 13)(63 11)(64 3)(65 12)(66 9)(67 8)(68 10)(69 5)(70 3)(71 6)(72 7)(73 5)(74 3)(75 4)(76 3)(77 2)(78 4)(79 5)(80 3)(81 2)(82 1)(83 6)(84 2)(85 4)(86 1)(87 1)(88 1)(90 2)(91 2)(92 2)(93 1)(94 2)(95 2)(96 4)(97 1)(98 3)(99 1)(100 2)(101 1)(102 2)(104 2)(105 1)(107 1)(109 1)(111 1)(113 1)(118 1)(129 1)(131 1)(132 1)(137 1)(138 1)(146 1)(161 1)(165 1)(166 1)(169 1)
---area label--- : 3
area size : 5
mean x : 146.00
mean y : 137.00
mean E_x^2 : 0.40
mean E_y^2 : 0.80
mean E_xy^2 : 0.40
theta : -0.51
average greyscal : 79.60
average RGB [79.40,84.60,75.60]
(63 1)(69 1)(73 1)(96 1)(97 1)
---area label--- : 4
area size : 8
mean x : 149.50
mean y : 145.50
mean E_x^2 : 0.75
mean E_y^2 : 1.25
mean E_xy^2 : 0.75
theta : -0.66
average greyscal : 64.75
average RGB [70.00,62.00,64.00]
(28 1)(32 1)(59 1)(67 1)(69 1)(79 1)(80 1)(104 1)
