NUMBER OF AREAS : 4
---area label--- : 1
area size : 5
mean x : 74.00
mean y : 82.00
mean E_x^2 : 0.40
mean E_y^2 : 0.80
mean E_xy^2 : 0.40
theta : -0.51
average greyscal : 36.00
average RGB [38.00,33.40,37.40]
(29 1)(32 1)(33 1)(42 1)(44 1)
---area label--- : 2
area size : 77
mean x : 82.17
mean y : 92.25
mean E_x^2 : 11.80
mean E_y^2 : 5.72
mean E_xy^2 : 4.21
theta : 0.76
average greyscal : 41.04
average RGB [44.05,36.91,43.06]
(0 2)(1 1)(3 2)(6 6)(7 5)(10 4)(11 2)(12 2)(13 2)(14 2)(15 1)(17 1)(18 1)(19 2)(21 2)(22 1)(24 1)(27 1)(28 1)(29 1)(34 1)(35 2)(36 1)(37 3)(38 1)(39 1)(41 1)(45 1)(48 1)(49 1)(55 2)(56 1)(59 1)(60 1)(61 1)(62 1)(64 1)(70 1)(72 1)(76 1)(85 1)(86 1)(90 1)(101 1)(104 1)(105 1)(112 1)(114 1)(127 1)(131 1)(134 1)(144 1)(148 1)
---area label--- : 3
area size : 547
mean x : 177.46
mean y : 137.35
mean E_x^2 : 121.70
mean E_y^2 : 26.99
mean E_xy^2 : 27.27
theta : 0.78
average greyscal : 53.36
average RGB [46.46,52.21,62.50]
(1 1)(2 1)(4 6)(6 3)(7 2)(9 3)(12 2)(13 2)(14 2)(15 2)(16 1)(17 2)(18 3)(19 2)(20 2)(21 3)(22 3)(23 5)(24 7)(25 13)(26 9)(27 6)(28 7)(29 2)(30 10)(31 14)(32 14)(33 6)(34 15)(35 12)(36 5)(37 8)(38 5)(39 5)(40 5)(41 14)(42 5)(43 7)(44 5)(45 9)(46 12)(47 14)(48 12)(49 12)(50 8)(51 10)(52 7)(53 7)(54 8)(55 4)(56 11)(57 11)(58 8)(59 7)(60 6)(61 7)(62 5)(63 3)(64 6)(65 3)(66 2)(67 9)(68 9)(69 4)(70 7)(71 5)(72 4)(73 3)(74 6)(75 5)(76 8)(77 6)(78 6)(79 2)(80 3)(81 3)(82 2)(83 4)(84 4)(85 3)(86 1)(87 4)(88 6)(89 1)(90 1)(91 1)(92 3)(93 2)(94 1)(95 1)(96 5)(98 2)(99 3)(100 2)(101 1)(103 1)(104 2)(105 1)(106 2)(108 2)(111 3)(112 2)(113 1)(114 2)(115 2)(116 1)(119 1)(128 1)(131 1)(132 2)(135 1)(136 1)(142 1)(164 2)
---area label--- : 4
area size : 5
mean x : 176.00
mean y : 150.00
mean E_x^2 : 0.40
mean E_y^2 : 0.80
mean E_xy^2 : 0.40
theta : -0.51
average greyscal : 60.00
average RGB [62.80,53.60,63.80]
(29 1)(46 1)(56 1)(73 1)(96 1)
