NUMBER OF AREAS : 3
---area label--- : 1
area size : 12
mean x : 83.50
mean y : 72.00
mean E_x^2 : 0.92
mean E_y^2 : 1.83
mean E_xy^2 : 0.92
theta : -0.65
average greyscal : 21.50
average RGB [19.42,20.33,25.67]
(11 1)(13 1)(16 2)(17 1)(18 1)(21 2)(25 1)(26 1)(27 1)(47 1)
---area label--- : 2
area size : 5
mean x : 137.00
mean y : 84.00
mean E_x^2 : 0.40
mean E_y^2 : 0.80
mean E_xy^2 : 0.40
theta : -0.51
average greyscal : 55.00
average RGB [67.40,47.40,50.80]
(41 2)(52 1)(61 1)(80 1)
---area label--- : 3
area size : 627
mean x : 156.15
mean y : 112.55
mean E_x^2 : 160.33
mean E_y^2 : 60.22
mean E_xy^2 : 80.55
theta : 0.78
average greyscal : 52.19
average RGB [45.35,50.42,61.78]
(0 4)(1 1)(3 2)(4 3)(6 1)(8 5)(9 2)(10 3)(11 4)(12 3)(13 5)(14 1)(15 1)(16 1)(17 1)(18 4)(19 5)(20 3)(21 5)(22 2)(23 7)(24 7)(25 7)(26 15)(27 13)(28 11)(29 10)(30 15)(31 21)(32 16)(33 12)(34 13)(35 8)(36 9)(37 11)(38 12)(39 9)(40 9)(41 7)(42 4)(43 3)(44 8)(45 3)(46 8)(47 5)(48 11)(49 7)(50 11)(51 8)(52 8)(53 11)(54 10)(55 4)(56 11)(57 17)(58 9)(59 5)(60 5)(61 10)(62 11)(63 6)(64 11)(65 6)(66 4)(67 6)(68 11)(69 4)(70 5)(71 6)(72 6)(73 3)(74 7)(75 3)(76 3)(77 3)(78 8)(79 6)(80 1)(81 5)(82 2)(83 7)(84 4)(85 2)(86 3)(87 1)(88 2)(89 4)(90 1)(92 1)(94 1)(95 5)(96 5)(97 3)(98 3)(99 3)(100 4)(101 1)(104 2)(105 2)(106 1)(107 2)(108 4)(109 1)(110 1)(114 1)(116 1)(117 1)(118 1)(119 2)(120 1)(122 1)(124 1)(125 1)(127 1)(133 2)(136 1)(137 1)(138 1)(142 1)(147 1)(153 1)(177 1)(178 1)
