NUMBER OF AREAS : 2
---area label--- : 1
area size : 226
mean x : 145.65
mean y : 161.21
mean E_x^2 : 15.59
mean E_y^2 : 24.71
mean E_xy^2 : -4.73
theta : -0.78
average greyscal : 64.27
average RGB [67.40,60.95,65.41]
(8 2)(21 1)(29 1)(31 1)(32 1)(38 3)(39 2)(40 3)(41 2)(42 3)(43 1)(44 2)(45 7)(46 2)(47 4)(48 4)(49 5)(50 6)(51 6)(52 4)(53 3)(54 2)(55 4)(56 3)(57 7)(58 7)(59 3)(60 4)(61 7)(62 5)(63 7)(64 9)(65 7)(66 8)(67 7)(68 10)(69 6)(70 8)(71 6)(72 6)(73 4)(74 4)(75 4)(76 1)(77 2)(78 1)(80 2)(81 1)(82 2)(83 1)(87 2)(89 1)(93 1)(94 1)(95 1)(96 1)(97 2)(98 1)(101 2)(102 1)(103 1)(104 1)(108 2)(110 1)(112 1)(113 1)(119 3)(133 1)(136 1)
---area label--- : 2
area size : 407
mean x : 113.01
mean y : 170.76
mean E_x^2 : 119.33
mean E_y^2 : 25.21
mean E_xy^2 : 41.42
theta : 0.78
average greyscal : 54.13
average RGB [59.62,48.95,54.68]
(0 7)(1 4)(2 5)(3 2)(4 1)(5 2)(6 2)(7 1)(8 2)(10 2)(11 5)(12 1)(13 1)(14 2)(15 2)(17 2)(19 3)(20 3)(21 2)(22 4)(23 3)(24 2)(25 2)(26 1)(27 2)(28 1)(29 8)(30 4)(31 7)(32 8)(33 10)(34 8)(35 7)(36 5)(37 6)(38 12)(39 15)(40 12)(41 7)(42 4)(43 8)(44 8)(45 7)(46 7)(47 4)(48 3)(49 5)(50 3)(51 5)(52 2)(53 5)(54 2)(55 4)(56 5)(57 5)(58 9)(59 7)(60 4)(61 3)(62 5)(63 7)(64 6)(65 3)(66 5)(67 6)(68 5)(69 3)(70 5)(71 2)(72 1)(74 1)(75 5)(76 2)(78 4)(79 2)(80 1)(81 1)(82 1)(83 3)(84 1)(85 3)(87 3)(89 2)(91 2)(92 2)(93 3)(94 2)(96 1)(97 2)(98 1)(99 2)(101 2)(102 1)(104 1)(107 2)(108 1)(109 1)(110 2)(111 1)(112 1)(114 1)(115 4)(117 1)(118 3)(122 3)(123 1)(124 3)(128 1)(129 3)(132 1)(140 1)(142 1)(143 1)(144 1)(174 1)(175 1)(189 1)(190 1)(196 1)
