NUMBER OF AREAS : 2
---area label--- : 1
area size : 197
mean x : 80.27
mean y : 94.61
mean E_x^2 : 34.06
mean E_y^2 : 28.61
mean E_xy^2 : 24.63
theta : 0.78
average greyscal : 43.12
average RGB [47.66,39.72,42.94]
(0 1)(1 1)(2 2)(3 1)(6 1)(7 3)(8 1)(9 2)(11 2)(12 1)(13 5)(14 5)(15 4)(16 1)(17 3)(18 2)(19 4)(20 5)(22 2)(23 6)(24 5)(25 5)(26 5)(27 6)(28 2)(29 2)(30 3)(31 4)(32 5)(33 4)(34 2)(35 2)(36 3)(37 6)(38 5)(39 4)(40 3)(41 3)(42 2)(43 2)(44 2)(45 3)(46 4)(47 1)(48 4)(50 2)(51 3)(52 1)(53 2)(54 2)(55 1)(56 1)(57 2)(58 1)(59 1)(60 1)(61 1)(62 2)(63 1)(65 2)(66 1)(67 1)(69 2)(72 2)(74 1)(76 1)(77 2)(79 2)(81 3)(84 1)(88 1)(95 1)(96 1)(98 1)(102 1)(105 1)(107 1)(110 1)(111 1)(112 1)(124 1)(126 1)(128 2)(130 1)(132 1)(133 1)(139 1)(147 1)
---area label--- : 2
area size : 737
mean x : 201.62
mean y : 178.79
mean E_x^2 : 210.95
mean E_y^2 : 61.02
mean E_xy^2 : 83.85
theta : 0.78
average greyscal : 53.16
average RGB [42.69,52.55,65.19]
(5 1)(9 1)(11 1)(15 1)(16 3)(17 4)(18 2)(19 5)(20 6)(21 5)(22 1)(23 4)(24 14)(25 9)(26 13)(27 17)(28 15)(29 15)(30 18)(31 21)(32 14)(33 16)(34 15)(35 12)(36 11)(37 11)(38 5)(39 19)(40 10)(41 10)(42 5)(43 9)(44 6)(45 17)(46 6)(47 13)(48 11)(49 12)(50 5)(51 5)(52 4)(53 5)(54 16)(55 16)(56 11)(57 12)(58 2)(59 16)(60 7)(61 12)(62 12)(63 9)(64 19)(65 5)(66 7)(67 10)(68 13)(69 11)(70 10)(71 14)(72 16)(73 9)(74 5)(75 7)(76 8)(77 4)(78 5)(79 6)(80 5)(81 9)(82 6)(83 9)(84 8)(85 7)(86 1)(87 5)(88 5)(89 3)(90 3)(91 4)(92 2)(93 2)(94 4)(95 2)(96 3)(98 3)(99 1)(100 2)(101 1)(102 3)(103 2)(114 1)(117 1)(121 1)(133 2)(146 1)(147 1)(193 1)
