NUMBER OF AREAS : 2
---area label--- : 1
area size : 656
mean x : 156.56
mean y : 121.61
mean E_x^2 : 135.29
mean E_y^2 : 63.17
mean E_xy^2 : 50.38
theta : 0.78
average greyscal : 47.34
average RGB [38.38,47.52,57.06]
(0 3)(1 5)(2 2)(3 3)(4 7)(5 4)(6 3)(7 5)(9 4)(10 3)(11 1)(12 6)(13 3)(14 2)(15 1)(16 5)(17 6)(18 3)(19 4)(20 3)(21 5)(22 6)(23 10)(24 14)(25 8)(26 16)(27 7)(28 19)(29 9)(30 13)(31 18)(32 16)(33 12)(34 11)(35 9)(36 5)(37 5)(38 9)(39 9)(40 11)(41 18)(42 12)(43 2)(44 4)(45 9)(46 5)(47 10)(48 7)(49 10)(50 17)(51 9)(52 16)(53 11)(54 10)(55 10)(56 8)(57 8)(58 3)(59 15)(60 12)(61 10)(62 7)(63 9)(64 7)(65 8)(66 7)(67 4)(68 3)(69 6)(70 8)(71 6)(72 10)(73 9)(74 2)(75 5)(76 3)(78 3)(79 1)(80 2)(81 3)(82 3)(83 1)(84 2)(85 2)(87 1)(88 2)(89 3)(90 5)(91 1)(92 2)(93 2)(94 1)(95 3)(96 3)(98 5)(99 4)(100 2)(101 1)(102 2)(103 1)(104 2)(105 1)(109 1)(113 1)(114 1)(115 2)(119 1)(120 1)(121 2)(132 1)(139 1)(147 1)(154 1)
---area label--- : 2
area size : 5
mean x : 147.00
mean y : 144.00
mean E_x^2 : 0.40
mean E_y^2 : 0.80
mean E_xy^2 : 0.40
theta : -0.51
average greyscal : 59.40
average RGB [67.80,53.20,57.20]
(36 1)(47 1)(59 1)(72 1)(83 1)
