NUMBER OF AREAS : 1
---area label--- : 1
area size : 502
mean x : 149.58
mean y : 124.03
mean E_x^2 : 151.14
mean E_y^2 : 47.63
mean E_xy^2 : 71.40
theta : 0.78
average greyscal : 50.83
average RGB [44.75,48.95,59.75]
(0 1)(1 1)(2 2)(3 1)(4 6)(5 3)(6 4)(7 2)(8 2)(9 1)(10 1)(11 6)(12 1)(13 3)(14 4)(15 5)(16 1)(17 3)(18 4)(19 2)(20 6)(21 4)(22 5)(23 8)(24 3)(25 8)(26 3)(27 16)(28 7)(29 7)(30 8)(31 9)(32 14)(33 10)(34 7)(35 8)(36 7)(37 7)(38 12)(39 6)(40 6)(41 5)(42 6)(43 3)(44 5)(45 10)(46 9)(47 3)(48 11)(49 2)(50 7)(51 14)(53 8)(54 3)(55 13)(56 5)(57 6)(58 5)(59 6)(60 6)(61 8)(62 8)(63 6)(64 8)(65 6)(66 2)(67 3)(68 7)(69 4)(70 6)(71 3)(72 6)(73 3)(75 3)(76 3)(77 2)(78 5)(81 1)(82 1)(83 4)(84 4)(85 1)(86 1)(87 2)(88 8)(89 3)(90 1)(91 3)(93 2)(94 2)(95 1)(96 3)(97 1)(98 3)(99 1)(101 3)(102 1)(103 3)(108 1)(109 1)(110 2)(111 2)(112 3)(113 1)(114 1)(115 1)(116 3)(117 1)(118 2)(119 1)(121 1)(123 1)(126 2)(127 1)(129 2)(144 1)(148 1)(180 1)
