NUMBER OF AREAS : 1
---area label--- : 1
area size : 663
mean x : 156.96
mean y : 119.68
mean E_x^2 : 143.08
mean E_y^2 : 69.16
mean E_xy^2 : 63.78
theta : 0.78
average greyscal : 49.56
average RGB [41.41,49.16,59.10]
(0 1)(1 2)(2 2)(3 1)(4 2)(5 2)(6 3)(7 1)(8 4)(9 5)(10 2)(11 4)(12 2)(13 6)(14 4)(15 1)(16 6)(17 4)(18 7)(19 4)(20 4)(21 3)(22 2)(23 5)(24 7)(25 10)(26 9)(27 14)(28 12)(29 12)(30 11)(31 16)(32 15)(33 16)(34 16)(35 10)(36 3)(37 3)(38 11)(39 12)(40 10)(41 9)(42 5)(43 4)(44 10)(45 14)(46 14)(47 8)(48 11)(49 13)(50 16)(51 17)(52 9)(53 9)(54 10)(55 14)(56 14)(57 9)(58 7)(59 12)(60 12)(61 7)(62 11)(63 3)(64 14)(65 6)(66 10)(67 5)(68 4)(69 8)(70 5)(71 1)(72 3)(73 6)(74 6)(75 6)(76 1)(77 3)(79 3)(80 6)(81 6)(82 5)(83 4)(84 2)(87 2)(88 2)(89 4)(90 2)(92 3)(93 3)(94 1)(95 1)(96 1)(97 3)(99 6)(101 2)(102 1)(104 2)(106 1)(107 1)(108 2)(109 2)(110 3)(112 2)(113 1)(117 1)(119 1)(120 1)(122 1)(126 1)(127 1)(131 1)(135 1)(136 1)(139 1)(153 1)(163 1)
