NUMBER OF AREAS : 1
---area label--- : 1
area size : 543
mean x : 129.01
mean y : 155.56
mean E_x^2 : 292.62
mean E_y^2 : 40.36
mean E_xy^2 : 85.50
theta : 0.78
average greyscal : 57.14
average RGB [62.58,54.09,55.81]
(0 6)(1 4)(2 3)(3 5)(4 5)(5 2)(6 3)(7 1)(8 3)(9 2)(10 5)(11 2)(12 3)(14 1)(15 2)(16 3)(17 5)(18 1)(19 2)(20 2)(21 2)(22 3)(23 3)(24 10)(25 6)(26 8)(27 6)(28 6)(29 6)(30 11)(31 11)(32 11)(33 6)(34 6)(35 7)(36 5)(37 6)(38 6)(39 7)(40 3)(41 4)(42 3)(43 6)(44 3)(45 9)(46 7)(47 2)(48 11)(49 4)(50 7)(51 8)(52 3)(53 7)(54 3)(55 3)(56 7)(57 6)(58 8)(59 4)(60 6)(61 1)(62 6)(63 4)(64 10)(65 13)(66 12)(67 16)(68 14)(69 8)(70 6)(71 8)(72 7)(73 6)(74 9)(75 7)(76 5)(77 2)(78 1)(79 2)(81 2)(82 5)(83 1)(84 3)(85 1)(86 3)(87 2)(88 2)(89 3)(90 4)(91 3)(92 3)(93 2)(94 4)(95 2)(96 5)(98 2)(99 1)(101 3)(102 3)(103 3)(105 1)(106 2)(107 2)(109 3)(110 5)(111 3)(112 3)(115 3)(118 2)(119 2)(122 1)(124 1)(126 1)(127 1)(129 1)(130 1)(132 1)(139 2)(143 2)(149 1)(150 1)(152 2)(153 1)(154 1)(156 1)(159 1)(166 1)(167 1)(172 1)(189 1)
