NUMBER OF AREAS : 5
---area label--- : 1
area size : 549
mean x : 151.43
mean y : 122.40
mean E_x^2 : 98.30
mean E_y^2 : 40.96
mean E_xy^2 : 37.19
theta : 0.78
average greyscal : 55.71
average RGB [48.54,54.76,64.74]
(3 2)(4 1)(5 3)(6 5)(7 2)(9 2)(10 1)(11 1)(12 3)(13 2)(14 3)(15 3)(16 3)(17 2)(18 7)(19 1)(20 3)(21 5)(22 4)(23 3)(24 5)(25 7)(26 8)(27 8)(28 7)(29 11)(30 10)(31 13)(32 13)(33 10)(34 9)(35 12)(36 7)(37 9)(38 6)(39 9)(40 3)(41 4)(42 7)(43 6)(44 6)(45 6)(46 4)(47 7)(48 7)(49 6)(50 7)(51 11)(52 10)(53 9)(54 11)(55 5)(56 7)(57 4)(58 12)(59 4)(60 6)(61 6)(62 8)(63 9)(64 7)(65 5)(66 2)(67 6)(68 4)(69 5)(70 5)(71 5)(72 11)(73 4)(74 3)(75 3)(76 5)(77 4)(78 5)(79 3)(80 4)(81 3)(82 4)(83 5)(84 4)(85 3)(86 2)(87 2)(88 2)(89 4)(90 3)(91 3)(92 2)(93 4)(95 4)(96 2)(97 6)(98 3)(99 6)(100 1)(101 2)(102 2)(104 2)(105 4)(106 1)(107 1)(108 5)(111 2)(112 1)(113 1)(118 1)(122 1)(126 1)(130 2)(139 1)(140 1)(142 1)(146 1)(152 1)(154 1)(159 1)(160 1)(162 2)(169 1)(177 1)(180 1)(181 1)
---area label--- : 2
area size : 5
mean x : 163.00
mean y : 116.00
mean E_x^2 : 0.40
mean E_y^2 : 0.80
mean E_xy^2 : 0.40
theta : -0.51
average greyscal : 73.20
average RGB [78.80,68.80,72.00]
(48 1)(50 1)(73 1)(89 1)(106 1)
---area label--- : 3
area size : 10
mean x : 105.70
mean y : 264.40
mean E_x^2 : 0.81
mean E_y^2 : 1.24
mean E_xy^2 : 0.62
theta : -0.68
average greyscal : 119.10
average RGB [147.90,117.40,92.90]
(31 1)(89 1)(99 1)(100 1)(101 1)(128 1)(150 1)(156 1)(157 1)(180 1)
---area label--- : 4
area size : 5
mean x : 102.00
mean y : 269.00
mean E_x^2 : 0.40
mean E_y^2 : 0.80
mean E_xy^2 : 0.40
theta : -0.51
average greyscal : 61.60
average RGB [77.40,61.80,47.00]
(7 1)(21 1)(31 1)(101 1)(148 1)
---area label--- : 5
area size : 5
mean x : 112.00
mean y : 272.00
mean E_x^2 : 0.40
mean E_y^2 : 0.80
mean E_xy^2 : 0.40
theta : -0.51
average greyscal : 114.00
average RGB [127.80,118.80,95.40]
(38 1)(103 1)(124 1)(127 1)(178 1)
