NUMBER OF AREAS : 1
---area label--- : 1
area size : 473
mean x : 112.99
mean y : 137.32
mean E_x^2 : 95.45
mean E_y^2 : 28.18
mean E_xy^2 : 31.57
theta : 0.78
average greyscal : 61.35
average RGB [67.96,56.97,60.10]
(0 1)(1 1)(2 3)(3 2)(5 4)(6 2)(7 3)(8 2)(10 4)(11 5)(12 2)(13 4)(14 1)(15 1)(16 3)(17 2)(19 1)(20 3)(21 2)(22 3)(23 1)(24 5)(25 6)(26 6)(27 4)(28 8)(29 1)(30 6)(31 3)(32 4)(33 8)(34 5)(35 4)(36 1)(37 8)(38 8)(39 5)(40 14)(41 5)(42 10)(43 4)(44 8)(45 5)(46 7)(47 10)(48 6)(49 3)(50 3)(51 5)(52 2)(53 5)(54 6)(55 6)(56 5)(57 4)(58 2)(59 3)(60 1)(61 4)(62 4)(63 4)(64 3)(65 7)(66 3)(67 12)(68 8)(69 10)(70 11)(71 3)(72 9)(73 4)(74 9)(75 10)(76 10)(77 2)(78 8)(79 1)(80 3)(81 6)(82 4)(83 2)(84 1)(85 3)(86 4)(87 4)(88 3)(89 1)(90 1)(92 1)(93 4)(94 1)(96 2)(97 2)(98 2)(99 4)(101 1)(102 4)(106 1)(108 3)(109 1)(111 2)(112 3)(113 3)(114 1)(115 1)(116 2)(117 2)(119 1)(121 2)(123 1)(124 2)(126 1)(129 1)(134 1)(135 2)(136 1)(137 1)(141 1)(142 1)(143 1)(144 2)(146 1)(148 1)(151 1)(153 1)(157 1)(172 1)(176 2)(179 1)(180 1)(182 1)(185 1)(186 1)(189 1)(192 1)
