NUMBER OF AREAS : 1
---area label--- : 1
area size : 462
mean x : 112.28
mean y : 136.10
mean E_x^2 : 98.71
mean E_y^2 : 28.32
mean E_xy^2 : 33.26
theta : 0.78
average greyscal : 63.06
average RGB [68.88,59.45,61.82]
(0 1)(1 1)(2 1)(3 4)(4 4)(5 1)(6 1)(7 4)(8 2)(9 3)(10 2)(11 4)(12 2)(15 2)(17 3)(18 1)(19 2)(20 2)(21 4)(22 7)(23 5)(24 3)(25 3)(26 4)(27 4)(28 3)(29 8)(31 2)(32 4)(33 3)(34 5)(35 2)(36 3)(37 3)(38 5)(39 4)(40 5)(41 7)(42 4)(43 5)(44 5)(45 5)(46 4)(47 9)(48 7)(49 6)(50 9)(51 12)(52 7)(53 7)(54 5)(55 3)(56 3)(57 6)(58 8)(59 5)(60 5)(61 6)(62 2)(63 4)(64 5)(65 3)(66 6)(67 7)(68 10)(69 5)(70 7)(71 6)(72 11)(73 8)(74 10)(75 3)(76 7)(77 6)(78 5)(79 3)(80 2)(81 5)(82 3)(83 4)(84 4)(86 1)(87 3)(88 1)(89 2)(90 1)(91 1)(93 3)(94 1)(95 2)(96 1)(97 1)(99 1)(100 2)(101 4)(103 1)(105 3)(106 2)(107 5)(108 1)(109 4)(112 5)(113 1)(114 4)(115 1)(116 1)(118 2)(119 1)(120 1)(121 1)(123 1)(124 1)(125 3)(127 1)(129 3)(132 2)(133 2)(134 1)(135 1)(136 3)(137 1)(138 1)(141 4)(144 1)(146 1)(151 1)(160 1)(163 1)(172 1)(174 1)(176 1)(194 1)(199 1)
