NUMBER OF AREAS : 2
---area label--- : 1
area size : 152
mean x : 78.45
mean y : 97.91
mean E_x^2 : 54.38
mean E_y^2 : 27.04
mean E_xy^2 : 35.08
theta : 0.78
average greyscal : 36.33
average RGB [40.48,32.70,36.81]
(3 2)(6 1)(7 1)(10 3)(11 2)(12 1)(13 2)(14 1)(15 2)(16 1)(17 2)(18 4)(19 1)(20 2)(21 2)(22 1)(23 1)(24 4)(25 4)(26 3)(27 5)(28 4)(29 5)(30 4)(31 8)(32 5)(33 4)(34 7)(35 5)(36 6)(37 2)(38 2)(39 4)(40 7)(41 3)(42 3)(43 1)(44 1)(45 2)(46 6)(48 1)(50 3)(51 3)(53 1)(55 1)(56 2)(61 2)(62 1)(63 1)(66 1)(68 1)(70 1)(72 1)(74 2)(76 1)(80 1)(83 1)(87 1)(88 1)(99 1)(103 1)
---area label--- : 2
area size : 889
mean x : 211.35
mean y : 192.59
mean E_x^2 : 152.78
mean E_y^2 : 64.00
mean E_xy^2 : 44.08
theta : 0.78
average greyscal : 51.06
average RGB [42.05,51.32,60.98]
(0 1)(1 3)(2 3)(3 2)(4 1)(5 1)(6 2)(7 1)(8 4)(9 1)(10 3)(11 4)(12 2)(13 4)(14 1)(15 2)(16 4)(17 6)(18 4)(19 2)(20 4)(21 2)(22 13)(23 9)(24 16)(25 12)(26 16)(27 19)(28 17)(29 18)(30 24)(31 22)(32 23)(33 16)(34 14)(35 15)(36 17)(37 19)(38 12)(39 10)(40 13)(41 16)(42 13)(43 11)(44 7)(45 11)(46 17)(47 11)(48 16)(49 17)(50 7)(51 15)(52 15)(53 15)(54 18)(55 14)(56 17)(57 11)(58 11)(59 11)(60 15)(61 13)(62 8)(63 6)(64 9)(65 15)(66 10)(67 8)(68 11)(69 7)(70 15)(71 12)(72 11)(73 8)(74 6)(75 6)(76 4)(77 6)(78 3)(79 5)(80 5)(81 4)(82 4)(83 3)(84 3)(85 2)(87 2)(88 2)(89 1)(90 6)(91 2)(92 3)(93 1)(94 1)(95 2)(96 2)(97 8)(98 2)(99 2)(101 1)(102 1)(104 2)(105 1)(107 1)(108 4)(109 2)(110 1)(111 2)(112 1)(115 1)(116 1)(117 1)(124 1)(126 1)(138 1)(146 1)(150 1)(153 1)(155 1)(157 1)(160 2)(162 1)(163 1)(165 1)(166 1)(167 2)(170 1)(172 1)(176 3)(187 1)
