NUMBER OF AREAS : 4
---area label--- : 1
area size : 550
mean x : 150.60
mean y : 122.18
mean E_x^2 : 104.76
mean E_y^2 : 39.88
mean E_xy^2 : 37.72
theta : 0.78
average greyscal : 56.43
average RGB [49.13,55.58,65.56]
(0 1)(1 1)(2 1)(3 2)(4 3)(5 2)(6 1)(7 1)(8 1)(9 2)(11 4)(12 2)(14 1)(15 2)(16 5)(17 3)(18 5)(19 4)(20 3)(21 2)(22 3)(23 3)(24 5)(25 5)(26 8)(27 5)(28 11)(29 5)(30 9)(31 11)(32 12)(33 9)(34 10)(35 15)(36 8)(37 7)(38 15)(39 13)(40 9)(41 12)(42 5)(44 6)(45 6)(46 4)(47 4)(48 6)(49 4)(50 6)(51 4)(52 3)(53 5)(54 8)(55 6)(56 8)(57 8)(58 9)(59 8)(60 11)(61 6)(62 9)(63 6)(64 8)(65 9)(66 5)(67 6)(68 8)(69 4)(70 7)(71 4)(72 4)(73 6)(74 3)(75 4)(76 8)(77 4)(78 7)(79 4)(80 5)(81 4)(82 3)(83 8)(84 5)(85 1)(86 1)(87 4)(88 3)(89 4)(90 4)(91 1)(92 1)(93 3)(94 3)(95 3)(96 1)(97 1)(98 4)(99 6)(100 1)(101 1)(102 2)(103 3)(104 1)(105 1)(106 2)(108 1)(109 1)(110 3)(115 1)(117 1)(119 1)(126 1)(129 1)(131 1)(133 1)(137 1)(138 2)(139 2)(140 3)(143 2)(151 1)(160 1)(168 1)(169 1)(171 2)(174 1)(176 1)
---area label--- : 2
area size : 10
mean x : 105.70
mean y : 264.40
mean E_x^2 : 0.81
mean E_y^2 : 1.24
mean E_xy^2 : 0.62
theta : -0.68
average greyscal : 121.80
average RGB [155.80,112.60,98.60]
(20 1)(94 2)(97 1)(109 1)(112 1)(161 1)(172 1)(177 1)(182 1)
---area label--- : 3
area size : 5
mean x : 102.00
mean y : 269.00
mean E_x^2 : 0.40
mean E_y^2 : 0.80
mean E_xy^2 : 0.40
theta : -0.51
average greyscal : 71.60
average RGB [99.80,61.40,54.40]
(12 1)(34 1)(37 1)(120 1)(155 1)
---area label--- : 4
area size : 5
mean x : 112.00
mean y : 272.00
mean E_x^2 : 0.40
mean E_y^2 : 0.80
mean E_xy^2 : 0.40
theta : -0.51
average greyscal : 122.20
average RGB [135.60,121.40,110.60]
(35 1)(107 1)(126 1)(157 1)(186 1)
