NUMBER OF AREAS : 1
---area label--- : 1
area size : 567
mean x : 127.83
mean y : 157.84
mean E_x^2 : 297.91
mean E_y^2 : 29.66
mean E_xy^2 : 63.56
theta : 0.78
average greyscal : 53.98
average RGB [57.81,51.17,53.97]
(0 3)(1 5)(2 7)(3 8)(4 4)(5 1)(6 2)(7 1)(8 2)(9 1)(10 4)(11 4)(12 2)(13 2)(14 4)(15 2)(16 1)(17 4)(18 2)(19 4)(20 3)(21 3)(22 4)(23 8)(24 5)(25 7)(26 9)(27 11)(28 12)(29 10)(30 5)(31 10)(32 12)(33 5)(34 7)(35 13)(36 6)(37 6)(38 11)(39 11)(40 5)(41 6)(42 4)(43 5)(44 4)(45 6)(46 9)(47 4)(48 7)(49 3)(50 6)(51 6)(52 8)(53 4)(54 3)(55 5)(56 5)(57 5)(58 8)(59 8)(60 5)(61 16)(62 7)(63 6)(64 10)(65 12)(66 15)(67 12)(68 7)(69 6)(70 8)(71 8)(72 6)(73 2)(74 3)(75 5)(77 4)(78 1)(79 4)(80 1)(81 4)(82 4)(83 2)(85 3)(86 3)(87 1)(88 1)(89 2)(90 4)(91 2)(92 3)(93 3)(94 3)(95 2)(96 2)(97 3)(98 1)(100 2)(101 3)(102 2)(103 1)(104 5)(105 1)(106 1)(108 2)(109 2)(110 2)(111 3)(112 2)(113 1)(114 1)(116 3)(117 2)(120 1)(122 1)(127 2)(130 1)(131 1)(132 1)(135 1)(137 1)(138 1)(141 1)(147 1)(148 1)(153 1)(154 1)(157 1)(160 1)(161 1)(163 1)(166 1)(193 1)
