NUMBER OF AREAS : 2
---area label--- : 1
area size : 14
mean x : 86.50
mean y : 70.50
mean E_x^2 : 1.96
mean E_y^2 : 2.54
mean E_xy^2 : 1.96
theta : -0.76
average greyscal : 21.93
average RGB [20.21,21.07,25.57]
(5 1)(12 1)(16 1)(17 1)(18 1)(19 1)(20 1)(23 1)(25 2)(29 1)(30 1)(34 2)
---area label--- : 2
area size : 663
mean x : 266.23
mean y : 248.70
mean E_x^2 : 156.40
mean E_y^2 : 34.43
mean E_xy^2 : -46.07
theta : 0.78
average greyscal : 45.12
average RGB [36.70,43.95,55.65]
(4 1)(6 1)(13 3)(14 3)(15 1)(16 5)(17 5)(18 4)(19 4)(20 10)(21 5)(22 6)(23 12)(24 15)(25 18)(26 17)(27 12)(28 10)(29 4)(30 9)(31 9)(32 11)(33 16)(34 12)(35 22)(36 6)(37 15)(38 13)(39 16)(40 14)(41 13)(42 14)(43 14)(44 15)(45 12)(46 21)(47 18)(48 19)(49 27)(50 20)(51 7)(52 10)(53 5)(54 9)(55 6)(56 16)(57 8)(58 11)(59 5)(60 5)(61 8)(62 13)(63 9)(64 9)(65 10)(66 2)(67 4)(68 4)(69 7)(70 7)(71 11)(72 2)(73 1)(74 3)(75 3)(76 2)(77 9)(78 3)(79 2)(80 1)(81 2)(82 3)(83 2)(84 3)(86 1)(87 1)(88 1)(92 1)(95 1)(99 1)(114 1)(125 1)(135 1)
