NUMBER OF AREAS : 3
---area label--- : 1
area size : 551
mean x : 154.97
mean y : 132.15
mean E_x^2 : 120.73
mean E_y^2 : 54.99
mean E_xy^2 : 59.76
theta : 0.78
average greyscal : 49.48
average RGB [42.79,47.96,58.53]
(1 1)(2 3)(3 3)(5 1)(7 1)(8 2)(9 1)(10 1)(11 3)(12 6)(13 3)(15 3)(16 5)(17 3)(18 2)(19 2)(20 3)(21 1)(22 5)(23 8)(24 8)(25 6)(26 9)(27 5)(28 5)(29 8)(30 17)(31 14)(32 14)(33 9)(34 14)(35 10)(36 7)(37 13)(38 9)(39 8)(40 15)(41 6)(42 9)(43 8)(44 8)(45 9)(46 11)(47 10)(48 10)(49 7)(50 13)(51 10)(52 8)(53 10)(54 10)(55 13)(56 10)(57 6)(58 12)(59 5)(60 7)(61 9)(62 7)(63 3)(64 5)(65 6)(66 5)(67 3)(68 2)(69 6)(70 3)(71 5)(72 4)(73 4)(74 1)(75 4)(76 3)(77 1)(78 5)(79 4)(80 2)(81 4)(83 2)(84 3)(85 2)(86 4)(87 1)(88 3)(90 3)(91 3)(92 2)(94 3)(95 2)(96 1)(97 2)(98 3)(100 1)(101 1)(104 1)(105 1)(107 2)(110 1)(112 1)(113 1)(117 1)(119 1)(121 1)(122 1)(123 1)(131 1)(132 1)(138 1)(139 1)(162 1)(166 1)(178 1)
---area label--- : 2
area size : 8
mean x : 167.00
mean y : 119.50
mean E_x^2 : 0.50
mean E_y^2 : 1.25
mean E_xy^2 : 0.50
theta : -0.52
average greyscal : 81.75
average RGB [84.62,79.88,82.12]
(65 1)(71 1)(73 1)(75 1)(89 1)(92 1)(93 1)(96 1)
---area label--- : 3
area size : 8
mean x : 149.50
mean y : 144.00
mean E_x^2 : 0.75
mean E_y^2 : 2.25
mean E_xy^2 : 1.12
theta : -0.58
average greyscal : 75.50
average RGB [82.88,67.88,76.62]
(53 1)(64 2)(65 1)(75 1)(82 1)(97 1)(104 1)
