NUMBER OF AREAS : 3
---area label--- : 1
area size : 232
mean x : 145.95
mean y : 161.46
mean E_x^2 : 16.30
mean E_y^2 : 24.10
mean E_xy^2 : -3.80
theta : -0.78
average greyscal : 62.92
average RGB [64.23,60.30,65.34]
(17 1)(18 1)(22 1)(28 1)(30 2)(32 2)(35 1)(37 2)(38 5)(40 2)(41 5)(42 3)(44 4)(45 2)(46 8)(47 7)(48 3)(49 4)(50 4)(51 4)(52 7)(53 5)(54 5)(55 7)(56 5)(57 4)(58 5)(59 1)(60 5)(61 5)(62 7)(63 15)(64 11)(65 7)(66 3)(67 10)(68 5)(69 1)(71 2)(72 3)(73 5)(74 2)(75 2)(76 4)(77 9)(78 1)(79 1)(80 2)(81 2)(82 3)(85 3)(87 1)(88 2)(93 1)(97 2)(98 1)(100 2)(101 1)(103 1)(104 1)(105 1)(107 1)(108 1)(111 3)(113 2)(116 1)(131 2)
---area label--- : 2
area size : 419
mean x : 128.85
mean y : 188.91
mean E_x^2 : 125.63
mean E_y^2 : 24.50
mean E_xy^2 : 40.45
theta : 0.78
average greyscal : 72.48
average RGB [85.57,61.75,71.11]
(0 1)(2 2)(3 2)(4 1)(5 3)(6 5)(7 3)(10 2)(11 1)(12 1)(13 1)(14 2)(15 1)(16 2)(17 1)(18 2)(19 2)(20 1)(21 1)(22 1)(23 2)(24 3)(25 1)(26 2)(27 2)(29 2)(30 2)(31 2)(32 5)(33 6)(34 2)(35 4)(36 1)(37 5)(38 4)(39 4)(40 3)(41 3)(42 8)(43 5)(44 7)(45 4)(46 3)(47 8)(48 3)(49 8)(50 4)(51 4)(52 8)(53 4)(54 4)(55 7)(56 4)(57 5)(58 7)(59 2)(60 2)(61 3)(62 9)(63 6)(64 2)(65 5)(66 8)(67 4)(68 4)(69 4)(70 5)(71 3)(72 8)(73 5)(74 4)(75 4)(76 6)(77 9)(78 4)(79 3)(80 5)(81 3)(82 3)(83 6)(84 2)(85 2)(86 2)(87 5)(88 1)(89 4)(90 3)(91 5)(92 2)(93 6)(94 4)(95 5)(96 2)(99 1)(101 2)(102 1)(104 1)(106 1)(107 1)(108 2)(109 1)(110 1)(111 2)(113 3)(114 1)(115 1)(117 1)(118 1)(119 3)(120 1)(121 1)(122 3)(124 2)(125 1)(126 1)(131 1)(132 2)(133 2)(135 3)(136 2)(139 1)(142 1)(143 2)(144 1)(146 1)(149 1)(152 2)(153 1)(160 3)(161 1)(163 2)(164 1)(165 1)(170 1)(172 1)(182 1)(183 1)(185 1)(186 2)(189 1)(192 1)(195 1)(199 1)(200 1)(205 1)(227 2)(237 1)(238 1)(248 1)
---area label--- : 3
area size : 8
mean x : 131.50
mean y : 198.50
mean E_x^2 : 0.75
mean E_y^2 : 1.25
mean E_xy^2 : 0.75
theta : -0.66
average greyscal : 142.38
average RGB [130.88,144.00,152.50]
(105 1)(120 1)(130 1)(136 1)(138 1)(155 1)(175 1)(180 1)
