NUMBER OF AREAS : 1
---area label--- : 1
area size : 194
mean x : 89.12
mean y : 102.77
mean E_x^2 : 33.19
mean E_y^2 : 35.45
mean E_xy^2 : 26.15
theta : -0.78
average greyscal : 50.12
average RGB [53.59,46.31,51.44]
(0 2)(4 2)(5 1)(6 2)(7 2)(8 2)(10 1)(11 2)(12 3)(14 3)(15 1)(17 1)(18 2)(19 3)(20 1)(21 1)(23 4)(24 3)(25 1)(26 3)(28 2)(29 2)(30 1)(31 1)(32 2)(33 3)(34 5)(35 3)(36 1)(37 2)(38 3)(39 1)(41 4)(42 2)(43 2)(44 1)(45 3)(46 1)(47 8)(48 4)(49 1)(50 4)(51 5)(52 3)(53 4)(54 3)(55 3)(56 5)(57 2)(58 5)(59 4)(60 5)(61 4)(62 3)(63 2)(64 5)(65 5)(66 5)(67 2)(68 2)(69 2)(70 3)(72 1)(73 2)(74 1)(76 2)(78 1)(79 1)(80 1)(81 2)(84 1)(89 1)(99 1)(103 2)(105 1)(107 1)(112 1)(113 1)(119 1)(122 1)(123 1)(125 1)(137 1)(171 1)
