NUMBER OF AREAS : 3
---area label--- : 1
area size : 31
mean x : 89.52
mean y : 69.90
mean E_x^2 : 5.54
mean E_y^2 : 4.15
mean E_xy^2 : 3.95
theta : 0.77
average greyscal : 24.90
average RGB [22.58,24.00,29.00]
(11 1)(14 1)(16 3)(17 2)(19 2)(20 1)(21 1)(22 1)(23 1)(24 1)(25 2)(26 3)(27 1)(28 2)(29 1)(30 1)(32 1)(33 3)(36 1)(38 1)(42 1)
---area label--- : 2
area size : 223
mean x : 145.82
mean y : 161.28
mean E_x^2 : 15.38
mean E_y^2 : 24.50
mean E_xy^2 : -4.73
theta : -0.78
average greyscal : 64.24
average RGB [66.80,60.84,66.07]
(3 1)(4 1)(19 1)(23 1)(24 1)(30 1)(32 2)(33 1)(37 2)(39 2)(40 4)(41 1)(43 2)(44 4)(46 2)(47 4)(48 5)(49 3)(50 4)(51 4)(52 7)(53 5)(54 6)(55 3)(56 3)(57 3)(58 6)(59 2)(60 9)(61 3)(62 5)(63 5)(64 9)(65 6)(66 8)(67 14)(68 10)(69 5)(70 7)(71 9)(72 3)(73 9)(74 4)(75 4)(77 1)(78 4)(79 2)(81 2)(82 1)(83 1)(92 1)(93 1)(94 1)(96 2)(99 1)(100 1)(101 2)(103 1)(104 1)(107 1)(109 2)(110 1)(112 1)(113 1)(116 3)(152 1)
---area label--- : 3
area size : 5
mean x : 89.00
mean y : 249.00
mean E_x^2 : 0.40
mean E_y^2 : 0.80
mean E_xy^2 : 0.40
theta : -0.51
average greyscal : 27.20
average RGB [37.20,31.00,14.60]
(9 1)(14 1)(24 1)(27 1)(62 1)
