NUMBER OF AREAS : 3
---area label--- : 1
area size : 129
mean x : 86.90
mean y : 115.36
mean E_x^2 : 34.68
mean E_y^2 : 16.49
mean E_xy^2 : 20.85
theta : 0.78
average greyscal : 34.79
average RGB [36.57,29.73,39.00]
(0 1)(1 2)(2 2)(4 1)(5 2)(6 1)(7 2)(8 3)(10 2)(11 5)(13 1)(14 1)(15 1)(16 2)(17 2)(18 1)(19 3)(20 2)(21 2)(22 1)(24 1)(25 3)(26 2)(27 3)(28 1)(29 3)(30 4)(31 6)(32 4)(33 3)(34 4)(35 5)(36 2)(37 4)(38 5)(39 3)(40 4)(42 2)(43 3)(44 2)(45 1)(46 2)(47 1)(48 1)(49 2)(51 2)(52 1)(53 2)(54 1)(55 1)(56 1)(61 1)(63 1)(74 1)(76 1)(77 1)(83 1)(85 1)(91 1)(97 1)(100 2)(103 1)(118 1)
---area label--- : 2
area size : 223
mean x : 145.80
mean y : 161.32
mean E_x^2 : 15.52
mean E_y^2 : 24.12
mean E_xy^2 : -4.73
theta : -0.78
average greyscal : 64.13
average RGB [66.26,61.15,65.74]
(1 1)(5 1)(7 1)(22 1)(24 1)(29 1)(30 1)(31 1)(33 2)(36 1)(38 1)(39 2)(40 2)(43 5)(44 1)(45 6)(46 1)(47 6)(48 2)(49 4)(50 5)(51 4)(52 3)(53 5)(54 4)(55 4)(56 5)(57 4)(58 4)(59 6)(60 5)(61 11)(62 6)(63 2)(64 10)(65 8)(66 9)(67 5)(68 5)(69 9)(70 3)(71 10)(72 5)(73 4)(74 4)(75 4)(76 4)(77 2)(79 1)(80 4)(81 1)(82 3)(86 1)(88 1)(89 2)(90 2)(93 1)(100 1)(102 2)(104 2)(105 1)(106 1)(110 1)(111 1)(114 2)(117 1)(118 2)(123 1)(157 1)
---area label--- : 3
area size : 5
mean x : 89.00
mean y : 249.00
mean E_x^2 : 0.40
mean E_y^2 : 0.80
mean E_xy^2 : 0.40
theta : -0.51
average greyscal : 35.60
average RGB [56.00,21.80,30.20]
(6 1)(26 1)(32 1)(51 1)(63 1)
