NUMBER OF AREAS : 2
---area label--- : 1
area size : 152
mean x : 83.05
mean y : 97.71
mean E_x^2 : 27.16
mean E_y^2 : 34.80
mean E_xy^2 : 25.61
theta : -0.78
average greyscal : 48.76
average RGB [54.31,43.30,49.62]
(1 2)(2 4)(3 6)(4 1)(5 4)(6 1)(7 2)(8 1)(9 1)(10 1)(11 4)(14 1)(15 1)(18 3)(19 3)(20 3)(21 1)(22 1)(24 2)(25 3)(26 1)(27 2)(28 1)(30 1)(31 1)(33 4)(34 4)(35 2)(36 3)(37 2)(39 2)(41 1)(42 1)(43 2)(44 1)(46 2)(47 2)(48 1)(49 3)(50 1)(51 2)(52 4)(53 3)(54 4)(55 2)(56 3)(57 4)(58 3)(59 2)(60 3)(61 3)(62 2)(63 1)(64 1)(65 4)(68 1)(69 1)(70 1)(74 2)(76 1)(83 1)(88 1)(92 2)(94 1)(98 1)(99 1)(100 1)(101 1)(102 1)(104 2)(107 2)(125 1)(131 1)(138 1)(145 1)(146 1)(156 1)(158 1)(160 1)(174 1)
---area label--- : 2
area size : 909
mean x : 214.83
mean y : 204.02
mean E_x^2 : 181.99
mean E_y^2 : 51.42
mean E_xy^2 : 42.18
theta : 0.78
average greyscal : 51.67
average RGB [42.55,51.38,62.06]
(1 2)(2 4)(3 6)(4 2)(5 2)(6 2)(7 5)(8 1)(9 2)(10 1)(11 2)(12 4)(13 3)(14 4)(16 4)(17 7)(18 6)(19 2)(20 18)(21 8)(22 10)(23 11)(24 7)(25 20)(26 5)(27 16)(28 18)(29 13)(30 14)(31 22)(32 15)(33 8)(34 17)(35 12)(36 12)(37 11)(38 11)(39 15)(40 12)(41 18)(42 5)(43 13)(44 12)(45 16)(46 9)(47 12)(48 13)(49 22)(50 12)(51 21)(52 17)(53 14)(54 15)(55 18)(56 17)(57 10)(58 10)(59 13)(60 11)(61 22)(62 22)(63 14)(64 15)(65 7)(66 6)(67 15)(68 9)(69 13)(70 5)(71 7)(72 5)(73 3)(74 6)(75 5)(76 4)(77 9)(78 5)(79 5)(80 4)(81 2)(82 5)(83 2)(84 6)(85 1)(86 1)(87 2)(88 3)(89 2)(90 5)(91 8)(92 1)(93 4)(94 10)(95 6)(96 6)(97 2)(98 6)(99 3)(100 5)(101 2)(102 4)(103 1)(104 1)(105 1)(106 2)(108 1)(109 1)(110 1)(111 3)(112 1)(114 1)(118 1)(120 1)(121 1)(124 2)(133 1)(136 1)(137 2)(140 1)(141 2)(144 1)(145 1)(147 1)(184 1)(202 1)
