NUMBER OF AREAS : 2
---area label--- : 1
area size : 30
mean x : 85.90
mean y : 77.30
mean E_x^2 : 7.56
mean E_y^2 : 2.74
mean E_xy^2 : 3.66
theta : 0.73
average greyscal : 26.63
average RGB [27.13,26.97,26.53]
(0 1)(2 1)(6 1)(7 1)(13 2)(15 1)(16 2)(17 1)(18 1)(20 2)(21 1)(22 1)(23 1)(24 1)(27 1)(28 1)(30 1)(31 1)(36 1)(37 1)(40 1)(42 1)(45 1)(47 1)(57 1)(58 1)(68 1)
---area label--- : 2
area size : 251
mean x : 281.05
mean y : 278.91
mean E_x^2 : 79.18
mean E_y^2 : 19.50
mean E_xy^2 : -25.21
theta : 0.78
average greyscal : 36.13
average RGB [26.67,38.04,44.71]
(8 1)(14 1)(15 1)(16 1)(17 1)(18 1)(19 6)(20 6)(21 6)(22 9)(23 6)(24 6)(25 11)(26 16)(27 11)(28 6)(29 11)(30 6)(31 8)(32 6)(33 3)(34 9)(35 7)(36 5)(37 8)(38 1)(39 2)(40 8)(41 4)(42 1)(43 7)(44 3)(45 9)(46 4)(47 6)(48 8)(49 3)(50 5)(51 4)(52 3)(53 3)(54 3)(55 4)(56 3)(58 1)(59 6)(60 4)(62 3)(64 1)(67 1)(73 1)(82 1)
