NUMBER OF AREAS : 1
---area label--- : 1
area size : 582
mean x : 139.87
mean y : 120.33
mean E_x^2 : 143.53
mean E_y^2 : 54.71
mean E_xy^2 : 68.31
theta : 0.78
average greyscal : 54.61
average RGB [46.97,54.11,63.65]
(0 2)(1 1)(2 2)(3 2)(4 1)(5 3)(6 2)(7 4)(8 3)(9 1)(10 2)(11 2)(12 4)(13 1)(14 2)(15 3)(16 1)(17 1)(18 4)(19 2)(20 6)(21 2)(22 4)(23 2)(24 6)(25 8)(26 8)(27 10)(28 7)(29 11)(30 11)(31 13)(32 10)(33 14)(34 13)(35 9)(36 9)(37 15)(38 7)(39 11)(40 4)(41 8)(42 11)(43 8)(44 1)(45 8)(46 8)(47 8)(48 6)(49 10)(50 7)(51 3)(52 6)(53 7)(54 5)(55 9)(56 7)(57 10)(58 4)(59 9)(60 7)(61 5)(62 11)(63 7)(64 9)(65 5)(66 8)(67 6)(68 4)(69 4)(70 5)(71 6)(72 11)(73 4)(74 5)(75 9)(76 1)(77 5)(78 4)(79 3)(80 7)(81 2)(82 6)(83 3)(84 2)(85 4)(86 1)(88 3)(89 2)(90 4)(91 2)(92 2)(93 3)(95 5)(96 2)(97 5)(99 2)(100 3)(101 2)(102 4)(103 2)(104 4)(105 1)(106 1)(107 1)(108 1)(110 1)(111 1)(112 1)(113 1)(114 1)(116 2)(117 1)(118 4)(125 3)(126 1)(129 1)(130 2)(131 1)(132 1)(134 1)(137 1)(139 1)(140 1)(141 1)(150 1)(155 1)(158 1)(162 1)(184 1)
