NUMBER OF AREAS : 2
---area label--- : 1
area size : 217
mean x : 88.55
mean y : 121.54
mean E_x^2 : 36.09
mean E_y^2 : 22.60
mean E_xy^2 : 20.95
theta : 0.78
average greyscal : 52.53
average RGB [57.49,46.75,54.34]
(0 6)(1 4)(2 2)(3 1)(4 3)(5 2)(6 5)(9 2)(10 1)(11 1)(12 2)(13 3)(14 1)(15 6)(16 2)(17 3)(18 1)(19 3)(20 3)(21 1)(22 1)(24 2)(25 4)(26 5)(27 3)(28 2)(30 2)(31 1)(33 6)(34 2)(35 1)(36 3)(37 6)(38 6)(39 1)(40 6)(41 3)(42 4)(43 4)(44 4)(45 4)(46 4)(47 1)(48 3)(49 1)(50 2)(51 3)(52 3)(53 1)(54 1)(55 2)(56 4)(57 1)(60 2)(61 2)(62 3)(63 1)(64 2)(65 2)(66 1)(67 3)(70 1)(71 2)(73 1)(75 2)(76 1)(82 2)(83 1)(84 1)(85 1)(87 3)(88 1)(89 1)(93 1)(95 2)(96 2)(99 1)(101 1)(103 3)(104 1)(106 1)(107 1)(108 1)(109 2)(110 1)(118 2)(126 1)(128 1)(134 1)(143 1)(144 1)(148 1)(156 1)(158 1)(159 1)(173 1)(174 1)(175 1)(176 1)(177 1)(178 2)(193 1)
---area label--- : 2
area size : 224
mean x : 145.74
mean y : 161.22
mean E_x^2 : 15.54
mean E_y^2 : 24.10
mean E_xy^2 : -4.63
theta : -0.78
average greyscal : 63.47
average RGB [67.10,61.71,62.80]
(3 1)(5 1)(23 1)(26 1)(29 1)(30 1)(31 1)(32 1)(36 1)(37 1)(38 2)(39 1)(40 6)(41 2)(42 2)(43 1)(44 1)(45 4)(46 4)(47 8)(48 2)(49 3)(50 2)(51 2)(52 4)(53 5)(54 2)(55 4)(56 2)(57 6)(58 7)(59 5)(60 6)(61 8)(62 11)(63 3)(64 7)(65 14)(66 9)(67 6)(68 8)(69 3)(70 5)(71 9)(72 8)(73 6)(74 2)(75 3)(78 1)(79 1)(80 1)(81 1)(82 1)(83 1)(85 1)(88 2)(89 1)(91 1)(92 1)(94 5)(97 1)(98 1)(99 1)(101 1)(102 1)(104 1)(106 1)(107 2)(109 1)(115 1)(116 1)(117 1)(153 1)
