NUMBER OF AREAS : 2
---area label--- : 1
area size : 10
mean x : 87.70
mean y : 69.00
mean E_x^2 : 0.81
mean E_y^2 : 2.00
mean E_xy^2 : 1.00
theta : -0.61
average greyscal : 20.00
average RGB [22.30,19.30,20.40]
(6 1)(9 1)(11 1)(17 1)(19 1)(21 1)(24 1)(30 2)(33 1)
---area label--- : 2
area size : 651
mean x : 154.43
mean y : 127.71
mean E_x^2 : 137.15
mean E_y^2 : 71.78
mean E_xy^2 : 75.10
theta : 0.78
average greyscal : 51.21
average RGB [43.28,50.64,60.80]
(0 3)(1 2)(2 3)(3 6)(4 6)(5 2)(6 1)(7 4)(8 4)(10 5)(11 6)(12 5)(13 2)(14 2)(15 1)(16 3)(17 3)(18 2)(19 4)(20 3)(21 8)(22 5)(23 2)(24 7)(25 9)(26 13)(27 9)(28 10)(29 18)(30 8)(31 14)(32 20)(33 13)(34 18)(35 10)(36 6)(37 4)(38 10)(39 7)(40 8)(41 8)(42 4)(43 6)(44 8)(45 9)(46 5)(47 5)(48 16)(49 8)(50 10)(51 7)(52 7)(53 14)(54 7)(55 7)(56 7)(57 9)(58 13)(59 10)(60 8)(61 6)(62 14)(63 9)(64 6)(65 4)(66 4)(67 11)(68 10)(69 10)(70 6)(71 9)(72 7)(73 8)(74 5)(75 8)(76 3)(77 4)(78 2)(79 7)(80 2)(81 3)(82 4)(83 2)(84 5)(85 4)(86 3)(87 2)(88 3)(89 6)(90 4)(91 1)(92 1)(93 3)(94 4)(96 2)(97 2)(98 3)(100 2)(101 2)(102 1)(105 1)(106 2)(108 1)(111 1)(118 1)(121 2)(128 1)(130 1)(131 1)(139 1)(140 1)(145 1)(147 1)(152 3)(155 1)(158 1)(162 1)(170 1)(174 1)(191 1)(195 1)
