NUMBER OF AREAS : 2
---area label--- : 1
area size : 230
mean x : 145.62
mean y : 161.09
mean E_x^2 : 15.80
mean E_y^2 : 25.31
mean E_xy^2 : -4.25
theta : -0.78
average greyscal : 65.71
average RGB [68.25,63.22,66.47]
(7 1)(21 1)(23 1)(25 1)(31 1)(35 2)(36 2)(37 2)(38 1)(39 2)(40 1)(41 1)(42 2)(43 3)(44 4)(45 3)(46 4)(47 5)(48 5)(49 2)(51 5)(52 5)(53 4)(54 5)(55 2)(56 2)(57 3)(58 2)(59 4)(60 7)(61 5)(62 12)(63 4)(64 7)(65 10)(66 5)(67 17)(68 9)(69 7)(70 4)(71 3)(72 7)(73 6)(74 3)(75 4)(76 3)(77 1)(78 1)(80 2)(82 2)(83 1)(84 1)(85 3)(87 1)(88 1)(90 2)(93 2)(94 1)(95 2)(96 1)(97 2)(98 1)(99 1)(103 3)(104 2)(105 2)(110 1)(111 1)(113 1)(114 1)(115 1)(117 1)(121 1)(127 1)(135 1)
---area label--- : 2
area size : 357
mean x : 114.91
mean y : 159.87
mean E_x^2 : 129.59
mean E_y^2 : 20.30
mean E_xy^2 : 29.30
theta : 0.78
average greyscal : 55.87
average RGB [59.17,52.27,57.15]
(0 1)(1 3)(2 1)(3 4)(4 4)(5 2)(6 7)(7 2)(8 1)(9 3)(10 4)(11 1)(12 1)(13 2)(14 2)(15 2)(16 6)(17 5)(18 7)(19 6)(20 6)(21 3)(22 1)(23 4)(24 5)(25 9)(26 5)(27 8)(28 4)(29 2)(30 10)(31 6)(32 7)(33 9)(34 6)(35 7)(36 5)(37 7)(38 4)(39 7)(40 4)(41 5)(42 6)(43 2)(44 2)(45 2)(46 2)(47 1)(48 1)(49 1)(50 3)(51 3)(53 1)(54 3)(56 3)(57 1)(59 4)(60 2)(62 1)(63 1)(64 2)(65 1)(66 2)(68 1)(69 3)(70 1)(71 2)(72 2)(73 5)(74 1)(75 2)(76 1)(77 2)(78 2)(79 4)(80 2)(81 2)(83 2)(84 2)(85 2)(86 1)(87 1)(88 3)(89 1)(90 2)(91 1)(92 2)(93 1)(94 3)(95 2)(97 1)(98 4)(100 1)(101 3)(103 1)(104 2)(105 4)(106 3)(107 2)(109 4)(110 3)(111 2)(112 2)(113 3)(114 2)(115 2)(118 2)(119 2)(120 2)(123 3)(124 1)(125 1)(128 1)(130 1)(132 1)(137 1)(138 1)(139 1)(140 3)(144 3)(149 1)(150 1)(151 1)(152 1)(162 1)(166 1)(173 1)(183 1)(184 1)(185 1)
