NUMBER OF AREAS : 2
---area label--- : 1
area size : 203
mean x : 79.60
mean y : 95.20
mean E_x^2 : 41.34
mean E_y^2 : 26.36
mean E_xy^2 : 23.80
theta : 0.78
average greyscal : 39.56
average RGB [44.17,35.76,39.68]
(0 1)(3 1)(4 2)(5 2)(6 1)(8 1)(11 3)(13 2)(14 1)(15 1)(16 1)(17 8)(18 8)(19 5)(21 4)(22 2)(23 4)(24 4)(25 7)(26 8)(27 5)(28 5)(29 3)(30 3)(31 7)(32 1)(33 5)(34 8)(35 5)(36 4)(37 3)(38 3)(39 5)(40 6)(41 4)(42 1)(43 2)(45 2)(46 1)(47 1)(48 4)(49 1)(50 1)(51 5)(52 5)(53 1)(54 4)(55 1)(57 1)(58 1)(59 2)(60 1)(61 2)(63 2)(65 1)(66 4)(67 3)(68 3)(69 1)(71 2)(73 2)(74 1)(75 1)(76 2)(80 1)(82 1)(88 1)(90 2)(92 1)(100 1)(105 2)(108 1)(110 1)(112 1)
---area label--- : 2
area size : 769
mean x : 203.15
mean y : 180.87
mean E_x^2 : 199.93
mean E_y^2 : 52.46
mean E_xy^2 : 66.75
theta : 0.78
average greyscal : 55.73
average RGB [44.97,55.69,67.62]
(3 1)(7 1)(10 1)(11 1)(13 1)(15 1)(16 2)(18 4)(19 3)(20 4)(21 7)(22 1)(23 7)(24 5)(25 8)(26 11)(27 15)(28 16)(29 8)(30 17)(31 18)(32 24)(33 24)(34 9)(35 12)(36 6)(37 10)(38 14)(39 12)(40 11)(41 9)(42 8)(43 12)(44 4)(45 12)(46 12)(47 8)(48 9)(49 4)(50 9)(51 12)(52 13)(53 7)(54 11)(55 12)(56 17)(57 11)(58 11)(59 9)(60 7)(61 13)(62 14)(63 6)(64 10)(65 10)(66 13)(67 10)(68 16)(69 9)(70 11)(71 11)(72 11)(73 12)(74 9)(75 8)(76 13)(77 7)(78 19)(79 4)(80 5)(81 6)(82 10)(83 12)(84 6)(85 2)(86 3)(87 9)(88 4)(89 8)(90 4)(91 1)(92 4)(93 1)(94 2)(95 3)(96 2)(97 3)(98 2)(99 1)(100 1)(101 1)(102 3)(109 1)(112 1)(114 1)(121 1)(125 1)(129 1)(130 2)(133 3)(142 1)(143 1)(148 1)(154 1)(156 1)(157 1)(161 1)(171 1)
