NUMBER OF AREAS : 3
---area label--- : 1
area size : 28
mean x : 73.50
mean y : 92.14
mean E_x^2 : 5.96
mean E_y^2 : 0.91
mean E_xy^2 : 0.32
theta : 0.57
average greyscal : 44.82
average RGB [51.43,40.71,43.96]
(2 1)(18 1)(21 1)(25 1)(26 1)(27 1)(33 1)(36 1)(38 1)(41 1)(44 1)(45 1)(46 1)(47 2)(49 2)(50 2)(51 1)(52 2)(54 1)(55 1)(57 1)(61 1)(74 1)(105 1)
---area label--- : 2
area size : 88
mean x : 84.69
mean y : 101.34
mean E_x^2 : 11.44
mean E_y^2 : 13.84
mean E_xy^2 : 6.07
theta : -0.78
average greyscal : 40.85
average RGB [44.47,38.68,40.51]
(0 2)(1 2)(2 1)(3 1)(4 3)(5 1)(6 2)(7 4)(8 1)(9 2)(10 2)(11 4)(13 2)(15 2)(16 2)(17 1)(18 3)(20 1)(22 1)(24 1)(27 1)(28 2)(29 2)(30 2)(31 2)(33 1)(34 2)(35 1)(37 1)(38 1)(39 1)(41 1)(43 1)(44 1)(45 2)(46 1)(51 1)(52 1)(55 1)(56 1)(57 1)(59 2)(60 1)(64 3)(67 1)(69 1)(75 1)(78 1)(80 1)(83 1)(89 2)(100 1)(108 1)(128 1)(129 2)(137 1)(138 1)(147 1)(152 1)
---area label--- : 3
area size : 903
mean x : 214.12
mean y : 202.75
mean E_x^2 : 162.64
mean E_y^2 : 61.53
mean E_xy^2 : 41.31
theta : 0.78
average greyscal : 50.48
average RGB [39.98,49.94,62.58]
(0 5)(1 1)(2 1)(3 1)(4 2)(5 2)(7 2)(8 1)(9 6)(10 1)(11 3)(12 4)(13 5)(14 3)(15 1)(16 5)(17 7)(18 6)(19 4)(20 8)(21 4)(22 5)(23 18)(24 17)(25 17)(26 13)(27 18)(28 11)(29 9)(30 23)(31 18)(32 16)(33 19)(34 13)(35 12)(36 9)(37 13)(38 4)(39 14)(40 14)(41 5)(42 14)(43 20)(44 13)(45 7)(46 15)(47 12)(48 18)(49 17)(50 12)(51 22)(52 14)(53 15)(54 20)(55 24)(56 15)(57 20)(58 13)(59 17)(60 15)(61 15)(62 11)(63 12)(64 11)(65 10)(66 11)(67 9)(68 9)(69 11)(70 11)(71 8)(72 6)(73 2)(74 12)(75 5)(76 3)(77 5)(78 6)(79 6)(80 4)(81 3)(82 1)(83 5)(84 9)(85 3)(86 4)(87 4)(88 4)(89 5)(90 1)(91 4)(92 3)(93 2)(94 1)(95 4)(96 3)(97 2)(98 1)(99 2)(100 2)(102 1)(103 1)(104 2)(106 1)(107 2)(108 4)(111 2)(112 2)(113 1)(114 1)(115 1)(120 1)(127 1)(130 1)(134 1)(149 2)(155 1)(156 1)(158 1)(159 1)(169 1)(181 1)
