NUMBER OF AREAS : 1
---area label--- : 1
area size : 633
mean x : 129.59
mean y : 153.82
mean E_x^2 : 220.32
mean E_y^2 : 47.84
mean E_xy^2 : 78.50
theta : 0.78
average greyscal : 54.49
average RGB [58.57,51.28,54.60]
(0 5)(1 2)(2 3)(3 5)(4 5)(5 2)(6 1)(7 4)(8 2)(9 3)(10 4)(11 3)(12 7)(13 2)(14 3)(15 5)(16 1)(17 5)(18 4)(19 4)(20 7)(21 4)(22 8)(23 7)(24 6)(25 9)(26 7)(27 10)(28 10)(29 5)(30 11)(31 9)(32 12)(33 12)(34 8)(35 7)(36 5)(37 8)(38 5)(39 4)(40 6)(41 11)(42 1)(43 5)(44 8)(45 7)(46 13)(47 9)(48 11)(49 7)(50 3)(51 7)(52 6)(53 9)(54 3)(55 4)(56 7)(57 5)(58 9)(59 6)(60 9)(61 8)(62 16)(63 10)(64 11)(65 20)(66 16)(67 7)(68 11)(69 13)(70 6)(71 11)(72 7)(73 3)(74 5)(75 6)(76 5)(77 1)(78 2)(80 3)(81 5)(82 2)(83 3)(84 1)(85 1)(86 3)(87 1)(88 1)(89 1)(90 1)(91 5)(92 2)(93 3)(94 4)(95 2)(96 3)(97 2)(98 2)(99 1)(100 1)(101 2)(102 5)(103 2)(104 3)(106 3)(107 2)(108 3)(109 2)(110 1)(111 2)(113 1)(114 3)(115 1)(116 1)(117 1)(118 2)(119 1)(121 1)(123 1)(125 1)(126 2)(131 1)(132 2)(135 1)(139 1)(140 1)(143 1)(145 1)(150 1)(153 2)(154 1)(156 1)(161 1)(169 1)(173 1)(180 1)(197 1)
