NUMBER OF AREAS : 2
---area label--- : 1
area size : 88
mean x : 84.19
mean y : 83.65
mean E_x^2 : 13.50
mean E_y^2 : 10.73
mean E_xy^2 : 5.73
theta : 0.78
average greyscal : 30.68
average RGB [31.73,30.16,31.03]
(0 2)(1 1)(2 2)(3 3)(4 1)(5 2)(6 2)(8 1)(10 1)(11 1)(12 3)(13 1)(15 1)(16 2)(17 4)(18 5)(19 2)(21 4)(22 1)(23 1)(24 3)(25 1)(26 3)(27 2)(28 1)(29 2)(31 1)(32 2)(33 2)(34 5)(35 1)(36 1)(37 3)(38 1)(39 1)(41 1)(42 1)(45 1)(46 1)(47 1)(48 1)(52 1)(53 1)(62 1)(63 1)(64 1)(68 1)(69 1)(71 1)(76 1)(90 1)(108 1)(123 1)(137 1)
---area label--- : 2
area size : 793
mean x : 178.80
mean y : 151.41
mean E_x^2 : 158.59
mean E_y^2 : 72.18
mean E_xy^2 : 73.33
theta : 0.78
average greyscal : 52.01
average RGB [43.07,51.54,62.43]
(0 3)(1 3)(2 4)(3 1)(4 4)(5 3)(6 4)(7 1)(8 1)(9 4)(10 4)(11 3)(12 3)(13 1)(14 5)(15 3)(16 7)(17 9)(18 4)(19 5)(20 9)(21 2)(22 6)(23 13)(24 11)(25 7)(26 15)(27 14)(28 10)(29 8)(30 13)(31 17)(32 13)(33 11)(34 16)(35 13)(36 17)(37 5)(38 9)(39 13)(40 11)(41 9)(42 7)(43 5)(44 5)(45 9)(46 10)(47 9)(48 11)(49 12)(50 12)(51 16)(52 10)(53 13)(54 13)(55 13)(56 16)(57 10)(58 7)(59 6)(60 9)(61 11)(62 11)(63 11)(64 17)(65 11)(66 7)(67 13)(68 7)(69 11)(70 17)(71 6)(72 8)(73 2)(74 3)(75 9)(76 9)(77 6)(78 2)(79 7)(80 7)(81 9)(82 1)(83 3)(84 5)(85 7)(86 7)(87 6)(88 5)(89 3)(90 5)(91 3)(92 1)(93 3)(94 1)(95 6)(96 5)(97 1)(98 3)(99 3)(100 4)(101 1)(102 1)(103 1)(104 1)(105 1)(106 2)(108 6)(109 2)(119 1)(122 1)(129 1)(132 1)(134 1)(137 2)(139 1)(141 1)(145 1)(147 1)(151 1)(153 1)(158 1)(159 1)
