NUMBER OF AREAS : 1
---area label--- : 1
area size : 768
mean x : 240.85
mean y : 199.91
mean E_x^2 : 137.05
mean E_y^2 : 52.78
mean E_xy^2 : 15.55
theta : 0.78
average greyscal : 50.69
average RGB [43.25,49.26,60.61]
(3 1)(4 1)(6 2)(7 1)(8 1)(10 3)(11 2)(12 4)(15 3)(18 3)(19 4)(20 8)(21 5)(22 3)(23 4)(24 11)(25 14)(26 14)(27 16)(28 11)(29 13)(30 13)(31 12)(32 10)(33 16)(34 12)(35 13)(36 14)(37 14)(38 11)(39 19)(40 21)(41 14)(42 15)(43 18)(44 11)(45 20)(46 10)(47 16)(48 27)(49 20)(50 13)(51 12)(52 11)(53 11)(54 15)(55 10)(56 10)(57 9)(58 6)(59 15)(60 8)(61 10)(62 8)(63 8)(64 6)(65 7)(66 8)(67 8)(68 10)(69 7)(70 4)(71 6)(72 7)(73 8)(74 3)(75 11)(76 7)(77 4)(78 11)(79 4)(80 4)(81 6)(82 1)(83 3)(84 5)(85 3)(86 3)(87 4)(88 3)(89 5)(90 2)(91 4)(92 6)(93 1)(94 1)(95 1)(96 4)(97 1)(98 3)(99 1)(100 2)(104 1)(105 2)(106 4)(107 2)(108 2)(109 1)(117 1)(123 1)(128 1)(145 1)(147 2)
