NUMBER OF AREAS : 3
---area label--- : 1
area size : 5
mean x : 85.00
mean y : 73.00
mean E_x^2 : 0.40
mean E_y^2 : 0.80
mean E_xy^2 : 0.40
theta : -0.51
average greyscal : 21.20
average RGB [22.80,21.60,19.80]
(5 1)(15 1)(17 1)(24 1)(45 1)
---area label--- : 2
area size : 8
mean x : 137.50
mean y : 85.00
mean E_x^2 : 0.75
mean E_y^2 : 0.75
mean E_xy^2 : 0.38
theta : 0.79
average greyscal : 65.12
average RGB [68.75,61.12,66.38]
(42 1)(47 1)(49 1)(57 1)(61 1)(72 1)(96 1)(97 1)
---area label--- : 3
area size : 633
mean x : 156.38
mean y : 112.84
mean E_x^2 : 163.87
mean E_y^2 : 60.02
mean E_xy^2 : 79.71
theta : 0.78
average greyscal : 53.11
average RGB [46.67,51.75,61.74]
(0 1)(4 1)(5 3)(6 1)(7 2)(9 2)(10 1)(11 3)(12 3)(13 2)(14 5)(15 1)(17 2)(18 3)(19 7)(20 4)(21 6)(22 3)(23 8)(24 10)(25 10)(26 11)(27 10)(28 15)(29 3)(30 7)(31 12)(32 17)(33 12)(34 17)(35 19)(36 7)(37 15)(38 4)(39 8)(40 12)(41 7)(42 7)(43 4)(44 10)(45 10)(46 12)(47 11)(48 13)(49 7)(50 3)(51 7)(52 4)(53 9)(54 10)(55 10)(56 15)(57 8)(58 4)(59 12)(60 10)(61 6)(62 4)(63 11)(64 7)(65 7)(66 7)(67 5)(68 4)(69 7)(70 7)(71 3)(72 6)(73 4)(74 5)(75 1)(76 3)(77 6)(78 6)(79 5)(80 4)(81 5)(82 3)(83 5)(84 3)(85 5)(86 3)(87 2)(88 4)(89 6)(90 7)(91 4)(92 5)(93 2)(95 3)(96 3)(97 1)(98 4)(100 3)(101 1)(102 1)(103 3)(104 4)(105 2)(106 1)(109 3)(110 2)(111 1)(112 4)(115 1)(116 2)(117 1)(118 1)(120 2)(127 1)(130 2)(131 1)(133 1)(137 1)(145 1)(155 1)
