NUMBER OF AREAS : 1
---area label--- : 1
area size : 725
mean x : 243.43
mean y : 203.01
mean E_x^2 : 118.48
mean E_y^2 : 43.08
mean E_xy^2 : 4.44
theta : 0.78
average greyscal : 49.22
average RGB [40.22,50.70,57.76]
(6 1)(9 1)(12 1)(13 1)(14 2)(15 1)(16 3)(17 6)(18 2)(19 6)(20 4)(21 5)(22 4)(23 11)(24 14)(25 17)(26 19)(27 18)(28 9)(29 7)(30 15)(31 17)(32 8)(33 15)(34 14)(35 9)(36 8)(37 13)(38 14)(39 23)(40 25)(41 14)(42 10)(43 11)(44 16)(45 23)(46 21)(47 13)(48 18)(49 11)(50 10)(51 11)(52 14)(53 17)(54 14)(55 10)(56 5)(57 7)(58 12)(59 7)(60 9)(61 6)(62 6)(63 9)(64 2)(65 5)(66 9)(67 7)(68 7)(69 3)(70 5)(71 5)(72 6)(73 5)(74 4)(75 6)(76 6)(77 7)(78 2)(79 5)(80 3)(81 3)(82 6)(83 8)(84 6)(85 3)(86 2)(88 5)(89 2)(90 3)(91 2)(92 1)(93 1)(94 2)(95 3)(98 3)(99 1)(100 2)(102 2)(104 1)(105 2)(106 1)(109 1)(110 1)(112 1)(113 1)(122 1)(125 1)(130 2)(142 1)(144 1)(147 1)(159 1)
