NUMBER OF AREAS : 4
---area label--- : 1
area size : 547
mean x : 160.14
mean y : 126.60
mean E_x^2 : 100.36
mean E_y^2 : 56.32
mean E_xy^2 : 54.41
theta : 0.78
average greyscal : 48.35
average RGB [43.97,46.40,55.67]
(0 2)(1 2)(2 3)(3 1)(4 2)(5 4)(6 3)(7 3)(8 2)(9 3)(10 3)(11 2)(12 3)(13 3)(14 3)(15 4)(16 5)(17 6)(18 3)(19 5)(20 4)(21 6)(22 3)(24 12)(25 6)(26 15)(27 6)(28 8)(29 14)(30 10)(31 14)(32 21)(33 13)(34 10)(35 15)(36 8)(37 2)(38 9)(39 10)(40 5)(41 7)(42 7)(43 5)(44 3)(45 6)(46 12)(47 10)(48 10)(49 11)(50 4)(51 4)(52 7)(53 8)(54 11)(55 8)(56 12)(57 9)(58 6)(59 11)(60 4)(61 7)(62 4)(63 5)(64 6)(65 4)(66 5)(67 4)(68 1)(69 6)(70 5)(71 3)(72 4)(73 2)(74 3)(75 5)(77 4)(78 1)(79 3)(80 4)(81 4)(82 2)(83 1)(85 1)(86 2)(87 1)(89 1)(90 3)(91 1)(92 1)(93 4)(95 2)(96 1)(97 3)(98 1)(99 2)(100 1)(102 1)(104 1)(105 1)(106 1)(107 1)(108 1)(109 2)(110 1)(111 2)(112 1)(113 1)(114 1)(116 1)(117 1)(121 1)(124 1)(127 1)(129 1)(130 2)(133 2)(135 1)(136 1)(139 2)(143 1)(146 1)(157 1)(165 1)
---area label--- : 2
area size : 10
mean x : 105.70
mean y : 264.40
mean E_x^2 : 0.81
mean E_y^2 : 1.24
mean E_xy^2 : 0.62
theta : -0.68
average greyscal : 118.20
average RGB [155.20,117.00,83.50]
(29 1)(72 1)(92 1)(98 1)(115 1)(120 1)(154 1)(160 1)(171 2)
---area label--- : 3
area size : 5
mean x : 102.00
mean y : 269.00
mean E_x^2 : 0.40
mean E_y^2 : 0.80
mean E_xy^2 : 0.40
theta : -0.51
average greyscal : 74.60
average RGB [90.60,68.20,66.40]
(23 1)(31 1)(34 1)(134 1)(151 1)
---area label--- : 4
area size : 5
mean x : 112.00
mean y : 272.00
mean E_x^2 : 0.40
mean E_y^2 : 0.80
mean E_xy^2 : 0.40
theta : -0.51
average greyscal : 119.60
average RGB [134.00,131.60,94.40]
(40 1)(103 1)(109 1)(155 1)(191 1)
