NUMBER OF AREAS : 2
---area label--- : 1
area size : 689
mean x : 223.15
mean y : 181.46
mean E_x^2 : 127.20
mean E_y^2 : 33.13
mean E_xy^2 : 7.53
theta : 0.78
average greyscal : 49.17
average RGB [41.08,48.22,59.22]
(3 1)(4 2)(7 1)(8 1)(10 1)(12 2)(13 2)(17 2)(18 2)(19 4)(20 3)(21 6)(22 5)(23 4)(24 5)(25 7)(26 12)(27 13)(28 10)(29 18)(30 13)(31 15)(32 11)(33 16)(34 19)(35 12)(36 7)(37 14)(38 10)(39 7)(40 15)(41 19)(42 22)(43 6)(44 12)(45 9)(46 18)(47 16)(48 26)(49 18)(50 14)(51 12)(52 16)(53 15)(54 10)(55 19)(56 11)(57 5)(58 9)(59 12)(60 7)(61 13)(62 9)(63 12)(64 8)(65 12)(66 4)(67 4)(68 7)(69 11)(70 6)(71 4)(72 6)(73 4)(74 7)(75 5)(76 3)(77 3)(78 2)(79 5)(80 1)(81 4)(82 3)(83 2)(84 2)(86 2)(87 1)(88 3)(89 3)(90 4)(91 3)(92 1)(93 2)(95 1)(96 3)(98 2)(99 3)(101 1)(104 1)(107 1)(111 1)(115 1)(121 1)(131 1)(145 1)
---area label--- : 2
area size : 10
mean x : 222.30
mean y : 196.60
mean E_x^2 : 0.81
mean E_y^2 : 1.24
mean E_xy^2 : 0.62
theta : -0.68
average greyscal : 71.50
average RGB [73.40,64.20,78.10]
(27 1)(55 1)(60 1)(64 1)(67 1)(71 1)(91 2)(94 1)(95 1)
