NUMBER OF AREAS : 3
---area label--- : 1
area size : 165
mean x : 81.82
mean y : 97.55
mean E_x^2 : 50.55
mean E_y^2 : 20.87
mean E_xy^2 : 29.37
theta : 0.78
average greyscal : 36.36
average RGB [39.95,32.59,37.21]
(1 1)(3 1)(8 1)(10 1)(11 3)(12 1)(13 3)(14 1)(15 2)(16 2)(17 2)(18 2)(19 5)(20 3)(21 3)(22 1)(23 1)(24 4)(25 7)(26 1)(27 4)(28 5)(29 6)(30 5)(31 5)(32 9)(33 9)(34 4)(35 2)(36 1)(37 5)(38 3)(39 4)(40 2)(41 1)(42 4)(43 3)(44 1)(45 7)(46 3)(47 1)(48 3)(49 3)(50 1)(51 3)(52 6)(54 1)(55 1)(56 1)(57 1)(59 1)(60 2)(62 3)(64 1)(70 1)(71 1)(73 1)(79 2)(83 1)(98 1)(100 1)(106 1)
---area label--- : 2
area size : 222
mean x : 145.78
mean y : 161.20
mean E_x^2 : 15.51
mean E_y^2 : 23.92
mean E_xy^2 : -4.86
theta : -0.78
average greyscal : 63.96
average RGB [67.06,61.32,64.43]
(1 1)(7 1)(13 1)(20 1)(22 1)(25 1)(32 1)(33 2)(35 2)(36 1)(38 3)(40 4)(41 1)(42 2)(44 4)(45 2)(46 4)(47 2)(48 6)(49 3)(50 5)(51 5)(52 2)(53 4)(54 5)(55 4)(56 3)(57 7)(58 7)(59 5)(60 4)(61 5)(62 4)(63 4)(64 7)(65 11)(66 5)(67 7)(68 11)(69 6)(70 3)(71 8)(72 6)(73 4)(74 9)(75 1)(76 2)(77 2)(78 2)(79 2)(80 1)(82 1)(83 2)(84 2)(85 1)(88 1)(89 1)(90 1)(93 2)(97 2)(98 1)(101 1)(102 1)(103 1)(106 1)(108 1)(109 1)(110 1)(111 1)(112 1)(115 1)(117 1)(118 1)(120 1)(160 1)
---area label--- : 3
area size : 5
mean x : 89.00
mean y : 249.00
mean E_x^2 : 0.40
mean E_y^2 : 0.80
mean E_xy^2 : 0.40
theta : -0.51
average greyscal : 33.40
average RGB [43.00,37.00,21.00]
(6 1)(22 1)(30 1)(45 1)(64 1)
