NUMBER OF AREAS : 1
---area label--- : 1
area size : 555
mean x : 135.12
mean y : 154.24
mean E_x^2 : 120.38
mean E_y^2 : 57.83
mean E_xy^2 : 60.72
theta : 0.78
average greyscal : 58.21
average RGB [62.31,54.40,58.92]
(0 1)(3 3)(4 5)(5 3)(6 2)(7 2)(9 1)(10 3)(11 3)(13 2)(14 1)(15 1)(16 2)(17 1)(18 4)(19 1)(20 8)(21 4)(22 8)(23 4)(24 5)(25 3)(26 4)(27 5)(28 9)(29 15)(30 5)(31 13)(32 7)(33 6)(34 5)(35 4)(36 9)(37 6)(38 4)(39 7)(40 6)(41 5)(42 1)(43 2)(44 4)(45 4)(46 12)(47 9)(48 6)(49 7)(50 3)(51 6)(52 6)(53 8)(54 8)(55 4)(56 3)(57 8)(58 8)(59 5)(60 9)(61 10)(62 9)(63 8)(64 7)(65 8)(66 15)(67 17)(68 8)(69 9)(70 17)(71 10)(72 6)(73 9)(74 4)(75 9)(76 2)(77 7)(78 5)(79 2)(80 5)(81 4)(82 4)(83 3)(84 2)(85 1)(86 2)(87 3)(88 3)(89 3)(90 1)(91 2)(92 3)(93 1)(94 4)(95 3)(96 3)(97 2)(98 2)(99 3)(100 2)(101 4)(102 3)(103 2)(104 3)(105 1)(106 1)(107 1)(108 2)(110 2)(112 2)(113 1)(115 1)(116 1)(117 2)(118 2)(120 1)(121 1)(122 1)(123 1)(125 1)(128 1)(129 1)(130 1)(131 2)(133 1)(138 1)(141 1)(144 1)(149 2)(152 1)(168 1)(194 1)
