NUMBER OF AREAS : 1
---area label--- : 1
area size : 89
mean x : 85.46
mean y : 89.58
mean E_x^2 : 16.70
mean E_y^2 : 22.98
mean E_xy^2 : 16.83
theta : -0.78
average greyscal : 40.93
average RGB [45.93,34.93,43.12]
(0 2)(1 2)(4 1)(6 1)(8 1)(9 1)(10 1)(11 1)(15 2)(16 1)(19 2)(21 2)(23 1)(24 1)(25 1)(26 2)(30 1)(31 1)(32 1)(33 2)(34 4)(35 1)(36 3)(37 1)(38 2)(39 3)(40 1)(41 1)(43 2)(44 2)(45 4)(46 1)(47 2)(48 4)(49 3)(50 1)(51 2)(52 3)(53 2)(54 3)(55 3)(56 1)(59 2)(60 1)(61 2)(62 1)(65 1)(67 1)(73 1)(74 1)(81 1)(107 1)(135 1)
