NUMBER OF AREAS : 3
---area label--- : 1
area size : 13
mean x : 92.23
mean y : 71.00
mean E_x^2 : 1.41
mean E_y^2 : 1.69
mean E_xy^2 : 1.15
theta : -0.76
average greyscal : 24.15
average RGB [26.62,19.00,28.31]
(6 1)(13 1)(18 1)(19 2)(21 1)(26 1)(27 2)(31 1)(32 1)(37 1)(38 1)
---area label--- : 2
area size : 222
mean x : 145.80
mean y : 161.24
mean E_x^2 : 15.37
mean E_y^2 : 24.27
mean E_xy^2 : -4.92
theta : -0.78
average greyscal : 64.05
average RGB [67.53,60.19,65.37]
(4 2)(14 1)(22 1)(23 1)(27 1)(29 1)(34 1)(36 1)(39 3)(40 1)(41 1)(42 1)(43 2)(44 6)(45 4)(46 2)(47 5)(48 4)(49 5)(50 7)(51 1)(52 4)(53 1)(54 6)(55 4)(56 6)(57 4)(58 6)(59 4)(60 4)(61 8)(62 1)(63 5)(64 9)(65 7)(66 13)(67 6)(68 6)(69 10)(70 8)(71 7)(72 4)(73 3)(74 4)(75 4)(76 3)(77 2)(78 2)(79 2)(80 5)(82 1)(83 1)(84 1)(88 2)(93 1)(94 1)(95 1)(99 1)(101 2)(103 1)(104 1)(106 1)(111 1)(112 3)(113 1)(114 1)(115 1)(121 1)(156 1)
---area label--- : 3
area size : 5
mean x : 89.00
mean y : 249.00
mean E_x^2 : 0.40
mean E_y^2 : 0.80
mean E_xy^2 : 0.40
theta : -0.51
average greyscal : 28.40
average RGB [32.00,33.60,19.80]
(9 1)(13 1)(17 1)(33 1)(70 1)
