NUMBER OF AREAS : 3
---area label--- : 1
area size : 184
mean x : 84.23
mean y : 104.92
mean E_x^2 : 49.00
mean E_y^2 : 23.11
mean E_xy^2 : 24.74
theta : 0.78
average greyscal : 41.23
average RGB [45.67,37.22,41.78]
(0 10)(1 3)(2 3)(3 1)(4 2)(5 2)(6 3)(7 2)(8 3)(9 1)(10 1)(11 2)(12 1)(13 1)(14 3)(16 2)(17 2)(18 3)(19 2)(20 2)(21 2)(22 3)(23 3)(24 3)(25 4)(26 3)(27 1)(28 6)(29 4)(30 4)(31 2)(32 8)(33 9)(34 1)(35 1)(36 4)(37 4)(39 2)(40 3)(41 3)(42 3)(44 2)(45 1)(46 1)(48 4)(49 3)(50 1)(52 3)(53 2)(55 2)(56 1)(57 1)(58 1)(59 1)(62 1)(63 3)(65 1)(66 2)(72 2)(73 2)(74 1)(76 2)(77 1)(79 1)(80 2)(81 1)(83 2)(84 1)(85 1)(86 1)(87 1)(91 1)(98 1)(101 1)(104 1)(109 1)(114 1)(116 1)(152 1)(158 2)(163 1)(168 2)(175 1)
---area label--- : 2
area size : 222
mean x : 145.80
mean y : 161.24
mean E_x^2 : 15.37
mean E_y^2 : 24.27
mean E_xy^2 : -4.92
theta : -0.78
average greyscal : 62.39
average RGB [63.64,63.14,61.33]
(2 1)(7 1)(8 1)(24 1)(26 1)(30 1)(32 1)(33 1)(35 1)(36 2)(37 2)(39 3)(42 1)(43 5)(44 3)(45 3)(46 2)(47 4)(48 8)(49 7)(50 3)(51 4)(52 2)(53 6)(54 4)(55 1)(56 2)(57 4)(58 5)(59 12)(60 6)(61 7)(62 6)(63 10)(64 11)(65 6)(66 15)(67 7)(68 7)(69 7)(70 5)(71 6)(72 3)(73 3)(74 1)(75 3)(76 1)(77 3)(85 2)(86 2)(89 1)(96 1)(97 2)(98 1)(99 2)(101 2)(102 2)(107 1)(109 3)(113 1)(116 1)(120 1)(151 1)
---area label--- : 3
area size : 5
mean x : 89.00
mean y : 249.00
mean E_x^2 : 0.40
mean E_y^2 : 0.80
mean E_xy^2 : 0.40
theta : -0.51
average greyscal : 41.40
average RGB [44.60,24.60,55.80]
(21 1)(29 1)(31 1)(52 1)(74 1)
