NUMBER OF AREAS : 3
---area label--- : 1
area size : 63
mean x : 85.43
mean y : 76.48
mean E_x^2 : 9.45
mean E_y^2 : 7.42
mean E_xy^2 : 6.19
theta : 0.78
average greyscal : 26.19
average RGB [25.62,24.49,29.65]
(2 1)(3 1)(6 1)(9 1)(12 2)(13 1)(15 2)(16 2)(17 1)(18 1)(19 3)(20 3)(21 1)(22 1)(23 1)(24 3)(25 5)(26 3)(27 2)(28 2)(29 1)(30 6)(31 2)(32 2)(33 3)(34 4)(37 1)(38 1)(39 2)(46 1)(48 1)(51 1)(60 1)
---area label--- : 2
area size : 219
mean x : 145.63
mean y : 161.41
mean E_x^2 : 15.08
mean E_y^2 : 23.35
mean E_xy^2 : -4.20
theta : -0.78
average greyscal : 63.25
average RGB [66.74,60.48,63.42]
(1 1)(3 1)(21 1)(24 1)(26 1)(28 1)(30 1)(32 1)(34 2)(36 1)(37 1)(39 1)(40 1)(41 1)(42 3)(43 2)(44 1)(45 3)(46 6)(47 3)(48 5)(49 2)(50 4)(52 6)(53 8)(54 5)(55 3)(56 5)(57 4)(58 5)(59 7)(60 7)(61 5)(62 10)(63 4)(64 12)(65 11)(66 8)(67 6)(68 7)(69 2)(70 5)(71 12)(72 5)(73 3)(74 2)(75 3)(76 2)(77 1)(79 1)(81 1)(83 2)(86 1)(88 2)(89 1)(90 2)(93 1)(95 3)(96 2)(97 1)(100 1)(104 1)(105 1)(109 1)(110 1)(111 1)(113 2)(133 1)(168 1)
---area label--- : 3
area size : 5
mean x : 89.00
mean y : 249.00
mean E_x^2 : 0.40
mean E_y^2 : 0.80
mean E_xy^2 : 0.40
theta : -0.51
average greyscal : 31.00
average RGB [34.60,31.40,27.80]
(5 1)(17 1)(18 1)(45 1)(70 1)
