NUMBER OF AREAS : 2
---area label--- : 1
area size : 489
mean x : 166.27
mean y : 130.73
mean E_x^2 : 117.30
mean E_y^2 : 54.64
mean E_xy^2 : 62.78
theta : 0.78
average greyscal : 49.62
average RGB [44.10,47.56,58.30]
(0 6)(2 1)(4 2)(5 1)(6 3)(7 4)(8 6)(9 3)(10 2)(11 3)(12 4)(13 1)(14 2)(16 1)(17 7)(18 3)(19 4)(20 4)(21 4)(22 3)(23 5)(24 2)(25 10)(26 14)(27 8)(28 9)(29 11)(30 13)(31 8)(32 13)(33 9)(34 5)(35 6)(36 6)(37 5)(38 7)(39 6)(40 10)(41 2)(42 9)(43 4)(44 8)(45 6)(46 6)(47 5)(48 7)(49 9)(50 6)(51 12)(52 5)(53 6)(54 7)(55 11)(56 10)(57 7)(58 10)(59 3)(60 7)(61 6)(62 5)(63 3)(64 9)(65 2)(66 1)(67 5)(68 5)(69 4)(70 5)(71 5)(72 3)(73 1)(74 1)(75 2)(76 3)(77 1)(78 4)(80 4)(81 1)(82 4)(83 3)(84 4)(85 4)(86 3)(87 2)(88 2)(90 2)(91 1)(92 1)(93 1)(94 1)(95 1)(96 2)(97 2)(98 1)(99 4)(100 1)(101 1)(102 1)(103 1)(104 1)(105 2)(107 1)(108 1)(109 1)(110 3)(111 2)(113 1)(116 2)(118 1)(119 1)(121 2)(123 1)(125 1)(126 1)(133 1)(144 1)(146 1)(157 1)(162 1)
---area label--- : 2
area size : 8
mean x : 105.50
mean y : 264.00
mean E_x^2 : 0.75
mean E_y^2 : 0.75
mean E_xy^2 : 0.38
theta : 0.79
average greyscal : 122.00
average RGB [154.50,118.00,94.12]
(13 1)(81 1)(105 1)(108 1)(130 1)(172 1)(178 1)(189 1)
