NUMBER OF AREAS : 3
---area label--- : 1
area size : 5
mean x : 86.00
mean y : 71.00
mean E_x^2 : 0.40
mean E_y^2 : 0.80
mean E_xy^2 : 0.40
theta : -0.51
average greyscal : 16.00
average RGB [18.60,11.60,18.60]
(10 1)(12 1)(13 1)(18 1)(27 1)
---area label--- : 2
area size : 24
mean x : 85.67
mean y : 76.71
mean E_x^2 : 4.06
mean E_y^2 : 3.46
mean E_xy^2 : 3.15
theta : 0.77
average greyscal : 28.50
average RGB [30.21,28.21,28.00]
(1 1)(5 1)(7 1)(8 4)(10 1)(15 1)(18 1)(19 1)(23 2)(24 1)(26 1)(31 1)(37 1)(39 1)(45 1)(47 1)(56 1)(58 1)(59 1)(109 1)
---area label--- : 3
area size : 809
mean x : 274.23
mean y : 264.67
mean E_x^2 : 97.94
mean E_y^2 : 109.15
mean E_xy^2 : -39.34
theta : -0.79
average greyscal : 43.43
average RGB [35.00,43.38,52.92]
(2 1)(7 1)(8 1)(9 1)(10 3)(11 1)(12 2)(13 3)(14 4)(15 4)(16 3)(17 8)(18 9)(19 13)(20 12)(21 12)(22 11)(23 19)(24 19)(25 21)(26 16)(27 17)(28 14)(29 12)(30 18)(31 20)(32 20)(33 11)(34 10)(35 15)(36 12)(37 3)(38 13)(39 22)(40 21)(41 15)(42 14)(43 15)(44 18)(45 14)(46 20)(47 35)(48 24)(49 20)(50 16)(51 20)(52 10)(53 10)(54 12)(55 11)(56 9)(57 6)(58 3)(59 9)(60 10)(61 9)(62 13)(63 6)(64 5)(65 4)(66 10)(67 7)(68 6)(69 5)(70 4)(71 7)(72 4)(73 3)(74 4)(75 5)(76 9)(77 5)(78 3)(79 5)(80 6)(81 8)(82 4)(83 3)(84 1)(85 1)(86 2)(87 1)(88 2)(89 1)(90 1)(93 1)(95 1)
