NUMBER OF AREAS : 3
---area label--- : 1
area size : 142
mean x : 87.20
mean y : 116.55
mean E_x^2 : 36.23
mean E_y^2 : 14.35
mean E_xy^2 : 19.12
theta : 0.77
average greyscal : 37.45
average RGB [40.24,33.99,39.08]
(0 3)(2 4)(3 3)(5 2)(7 5)(9 5)(10 3)(11 1)(13 1)(14 1)(16 1)(18 1)(19 1)(20 1)(21 1)(22 2)(23 1)(24 1)(25 3)(26 6)(27 2)(28 1)(29 3)(30 6)(31 3)(32 5)(33 1)(34 5)(35 4)(36 2)(37 4)(38 3)(39 3)(40 4)(41 2)(42 4)(43 6)(45 2)(46 3)(47 3)(48 3)(49 1)(52 1)(53 1)(54 1)(55 2)(57 1)(59 1)(61 2)(64 1)(72 1)(82 1)(83 1)(85 1)(88 1)(90 1)(96 2)(99 2)(100 2)(105 1)(109 1)(112 1)(114 1)
---area label--- : 2
area size : 218
mean x : 145.68
mean y : 161.45
mean E_x^2 : 15.34
mean E_y^2 : 22.94
mean E_xy^2 : -3.99
theta : -0.78
average greyscal : 63.06
average RGB [66.69,60.09,63.32]
(1 1)(8 1)(12 1)(23 1)(28 1)(32 1)(33 1)(34 1)(35 3)(36 1)(37 1)(39 3)(40 2)(41 1)(43 5)(44 1)(45 4)(46 4)(47 6)(48 1)(49 2)(50 6)(51 4)(52 4)(53 5)(54 6)(55 3)(56 2)(57 2)(58 1)(59 2)(60 9)(61 9)(62 6)(63 9)(64 13)(65 4)(66 7)(67 7)(68 9)(69 3)(70 6)(71 5)(72 8)(73 6)(74 4)(75 6)(76 2)(77 4)(78 1)(79 2)(81 1)(82 1)(83 1)(84 1)(87 1)(88 1)(89 1)(90 1)(98 1)(100 1)(102 1)(103 1)(105 1)(109 1)(111 1)(113 1)(114 1)(117 1)(118 1)(120 1)(146 1)
---area label--- : 3
area size : 5
mean x : 89.00
mean y : 249.00
mean E_x^2 : 0.40
mean E_y^2 : 0.80
mean E_xy^2 : 0.40
theta : -0.51
average greyscal : 32.80
average RGB [30.20,39.00,30.40]
(9 1)(12 1)(35 1)(47 1)(61 1)
