NUMBER OF AREAS : 2
---area label--- : 1
area size : 221
mean x : 145.65
mean y : 161.40
mean E_x^2 : 15.09
mean E_y^2 : 23.90
mean E_xy^2 : -4.07
theta : -0.78
average greyscal : 63.60
average RGB [68.02,59.67,64.13]
(1 1)(11 1)(16 1)(24 1)(27 2)(32 1)(33 1)(34 1)(35 1)(37 3)(38 1)(40 1)(41 1)(42 4)(43 3)(44 1)(45 1)(46 5)(47 4)(48 5)(49 9)(50 3)(51 1)(52 8)(53 3)(54 4)(55 3)(56 2)(57 4)(58 4)(59 6)(60 3)(61 4)(62 4)(63 6)(64 10)(65 7)(66 12)(67 9)(68 7)(69 7)(70 4)(71 7)(72 7)(73 6)(74 5)(75 2)(76 4)(78 5)(80 2)(81 2)(82 1)(83 1)(84 1)(86 1)(88 1)(94 1)(95 1)(97 2)(100 1)(102 2)(103 2)(104 1)(108 1)(110 1)(113 2)(114 1)(135 1)(151 1)
---area label--- : 2
area size : 400
mean x : 106.49
mean y : 163.17
mean E_x^2 : 116.71
mean E_y^2 : 20.86
mean E_xy^2 : 36.76
theta : 0.78
average greyscal : 51.41
average RGB [57.88,46.39,51.03]
(0 4)(1 5)(2 3)(3 5)(4 1)(5 4)(7 5)(8 1)(9 4)(10 2)(11 3)(12 3)(13 5)(14 2)(17 1)(18 1)(19 3)(20 1)(21 2)(22 4)(23 2)(24 1)(25 2)(26 5)(27 4)(28 3)(29 3)(30 8)(31 11)(32 9)(33 8)(34 8)(35 11)(36 7)(37 14)(38 8)(39 12)(40 5)(41 7)(42 9)(43 8)(44 7)(45 4)(46 2)(47 5)(48 7)(49 5)(50 7)(51 5)(52 7)(53 3)(54 5)(55 4)(56 5)(57 5)(58 2)(59 5)(60 10)(61 5)(62 6)(63 4)(64 3)(65 1)(67 6)(68 3)(69 1)(72 2)(74 2)(75 2)(76 3)(78 2)(79 1)(81 1)(82 2)(83 1)(84 1)(85 1)(86 4)(87 1)(88 3)(89 2)(90 1)(91 1)(92 1)(96 1)(97 1)(98 3)(99 2)(103 1)(104 2)(105 2)(107 1)(109 1)(110 1)(112 3)(113 1)(118 3)(119 2)(122 4)(124 2)(125 1)(126 1)(131 2)(133 1)(134 1)(135 2)(136 1)(137 1)(142 2)(152 1)(163 1)(166 2)(188 1)(192 1)
