NUMBER OF AREAS : 3
---area label--- : 1
area size : 243
mean x : 86.65
mean y : 124.98
mean E_x^2 : 62.79
mean E_y^2 : 19.38
mean E_xy^2 : 28.49
theta : 0.78
average greyscal : 44.73
average RGB [53.74,37.20,44.19]
(0 4)(1 2)(2 2)(3 4)(4 2)(5 2)(6 2)(7 1)(8 2)(9 2)(11 5)(12 1)(13 3)(18 4)(19 1)(20 3)(21 2)(22 2)(23 4)(24 4)(25 5)(26 4)(27 7)(28 5)(29 3)(30 1)(31 8)(32 7)(33 9)(34 7)(35 3)(36 3)(37 2)(38 4)(39 5)(40 3)(41 7)(42 1)(43 3)(44 1)(45 2)(46 4)(47 3)(48 3)(49 1)(50 7)(51 5)(53 3)(54 4)(55 5)(56 3)(58 3)(59 1)(60 5)(61 1)(62 1)(63 3)(64 1)(65 1)(66 2)(69 1)(70 1)(71 2)(75 1)(76 3)(77 1)(78 2)(80 2)(83 4)(85 1)(87 1)(88 2)(89 1)(90 1)(91 1)(92 1)(94 2)(95 2)(96 1)(100 2)(104 2)(105 2)(108 1)(109 3)(114 1)(120 1)(122 1)(127 1)(145 1)
---area label--- : 2
area size : 223
mean x : 145.83
mean y : 161.25
mean E_x^2 : 15.47
mean E_y^2 : 24.17
mean E_xy^2 : -4.85
theta : -0.78
average greyscal : 63.57
average RGB [66.36,61.76,63.47]
(4 1)(12 1)(15 1)(21 1)(24 1)(26 1)(35 2)(36 1)(38 4)(39 1)(40 3)(41 4)(42 2)(43 1)(44 4)(45 3)(46 4)(47 1)(48 6)(49 5)(50 3)(51 9)(52 6)(53 3)(54 1)(55 2)(56 3)(57 2)(58 4)(59 7)(61 3)(62 4)(63 4)(64 12)(65 7)(66 11)(67 12)(68 10)(69 6)(70 5)(71 13)(72 8)(73 3)(74 4)(75 4)(76 2)(79 1)(80 2)(82 2)(83 1)(86 2)(87 1)(89 1)(92 1)(93 1)(95 1)(97 1)(101 1)(102 1)(103 2)(104 1)(107 1)(109 2)(113 2)(115 2)(119 1)(150 1)
---area label--- : 3
area size : 5
mean x : 89.00
mean y : 249.00
mean E_x^2 : 0.40
mean E_y^2 : 0.80
mean E_xy^2 : 0.40
theta : -0.51
average greyscal : 32.40
average RGB [36.40,37.80,24.60]
(7 1)(11 1)(41 1)(47 1)(56 1)
