NUMBER OF AREAS : 3
---area label--- : 1
area size : 328
mean x : 94.17
mean y : 143.19
mean E_x^2 : 92.43
mean E_y^2 : 21.75
mean E_xy^2 : 35.78
theta : 0.78
average greyscal : 47.07
average RGB [53.26,43.27,45.67]
(0 8)(1 7)(2 2)(3 7)(4 4)(5 2)(6 5)(7 2)(8 2)(9 2)(12 3)(13 3)(14 5)(15 1)(16 2)(17 4)(20 1)(21 4)(22 2)(23 11)(24 7)(25 2)(26 8)(27 1)(28 3)(29 3)(30 6)(31 6)(32 7)(33 4)(34 7)(35 2)(36 6)(37 7)(38 4)(39 6)(40 4)(41 4)(42 3)(43 7)(44 3)(45 2)(46 4)(47 8)(48 5)(49 4)(50 4)(51 6)(52 5)(53 5)(54 5)(55 4)(56 2)(57 3)(58 9)(59 6)(60 2)(61 1)(62 2)(63 1)(64 1)(65 5)(66 1)(67 6)(68 2)(70 1)(72 2)(73 1)(74 2)(75 3)(79 3)(80 1)(83 1)(84 1)(86 2)(87 2)(88 1)(89 2)(90 1)(91 2)(92 1)(96 2)(97 1)(99 1)(100 1)(101 3)(102 1)(106 1)(109 1)(112 1)(113 2)(114 1)(115 1)(118 1)(121 1)(122 1)(123 1)(124 1)(125 1)(128 1)(137 1)(139 1)(150 1)(153 1)(160 1)(171 1)(177 1)(182 1)(191 1)
---area label--- : 2
area size : 222
mean x : 145.73
mean y : 161.42
mean E_x^2 : 15.13
mean E_y^2 : 23.79
mean E_xy^2 : -3.78
theta : -0.78
average greyscal : 63.83
average RGB [68.05,61.15,63.31]
(1 1)(6 1)(13 1)(14 1)(26 1)(31 1)(32 1)(33 1)(35 1)(36 2)(38 2)(39 3)(40 3)(42 1)(43 4)(44 2)(46 4)(47 3)(48 5)(49 2)(50 4)(51 6)(52 7)(53 3)(54 4)(55 5)(56 4)(57 4)(58 5)(59 6)(60 6)(61 5)(62 6)(63 7)(64 6)(65 7)(66 11)(67 5)(68 10)(69 13)(70 2)(71 3)(72 5)(73 6)(74 6)(75 3)(76 4)(77 2)(80 1)(81 1)(83 1)(84 1)(87 1)(88 1)(90 1)(95 1)(97 2)(98 2)(99 1)(102 1)(105 1)(109 2)(110 1)(111 2)(113 2)(114 1)(116 2)(123 1)(152 1)
---area label--- : 3
area size : 5
mean x : 89.00
mean y : 249.00
mean E_x^2 : 0.40
mean E_y^2 : 0.80
mean E_xy^2 : 0.40
theta : -0.51
average greyscal : 38.80
average RGB [39.20,36.00,41.60]
(8 1)(13 1)(31 1)(66 1)(76 1)
