NUMBER OF AREAS : 2
---area label--- : 1
area size : 224
mean x : 145.67
mean y : 161.21
mean E_x^2 : 15.67
mean E_y^2 : 24.21
mean E_xy^2 : -4.89
theta : -0.78
average greyscal : 63.72
average RGB [67.03,61.07,63.96]
(7 1)(10 1)(18 1)(21 1)(27 1)(32 1)(34 2)(36 3)(37 2)(38 1)(40 1)(41 2)(44 6)(45 3)(46 5)(47 5)(48 6)(49 2)(50 10)(51 4)(52 5)(53 2)(54 5)(55 2)(56 2)(57 3)(58 4)(59 7)(60 10)(61 5)(62 9)(63 3)(64 8)(65 8)(66 5)(67 11)(68 9)(69 5)(70 5)(71 6)(72 3)(73 6)(74 6)(75 1)(76 1)(77 1)(78 1)(79 4)(80 1)(82 3)(84 2)(89 1)(90 2)(92 1)(94 1)(95 1)(96 1)(98 3)(102 1)(103 3)(107 1)(108 1)(110 2)(118 1)(120 1)(122 1)(133 1)(144 1)
---area label--- : 2
area size : 407
mean x : 113.96
mean y : 171.70
mean E_x^2 : 121.50
mean E_y^2 : 24.92
mean E_xy^2 : 42.10
theta : 0.78
average greyscal : 50.70
average RGB [57.05,45.71,50.28]
(0 3)(1 3)(2 1)(3 3)(4 4)(5 2)(6 2)(9 3)(10 1)(11 1)(12 3)(13 2)(14 2)(15 3)(16 1)(17 5)(18 1)(19 1)(20 5)(21 2)(22 1)(23 3)(24 5)(25 5)(26 1)(27 4)(28 6)(29 9)(30 5)(31 6)(32 7)(33 10)(34 8)(35 8)(36 12)(37 6)(38 14)(39 13)(40 12)(41 5)(42 6)(43 5)(44 5)(45 4)(46 5)(47 4)(48 6)(49 8)(50 3)(51 2)(52 5)(53 6)(54 4)(55 3)(56 8)(57 1)(58 6)(59 6)(60 6)(61 4)(62 7)(63 10)(64 6)(65 4)(66 2)(67 5)(68 2)(69 4)(70 5)(71 3)(72 1)(73 5)(74 3)(75 2)(77 4)(78 3)(79 4)(80 2)(81 1)(82 4)(83 1)(84 2)(85 2)(86 1)(89 1)(90 2)(91 1)(95 2)(96 3)(97 4)(104 2)(106 1)(110 1)(112 2)(114 2)(118 2)(119 2)(120 2)(122 1)(124 1)(129 1)(130 2)(131 1)(132 1)(145 1)(147 2)(175 1)(191 1)
