NUMBER OF AREAS : 1
---area label--- : 1
area size : 176
mean x : 87.93
mean y : 100.17
mean E_x^2 : 31.84
mean E_y^2 : 30.98
mean E_xy^2 : 23.75
theta : 0.79
average greyscal : 52.65
average RGB [59.62,49.67,49.60]
(0 4)(2 1)(3 2)(5 3)(6 2)(7 1)(9 1)(10 2)(11 1)(13 1)(16 1)(17 3)(18 2)(19 2)(20 1)(22 1)(23 1)(24 3)(25 2)(26 1)(27 2)(28 3)(29 2)(33 2)(34 1)(35 1)(36 5)(37 2)(38 4)(39 2)(41 2)(42 5)(43 3)(44 2)(45 1)(46 3)(47 1)(48 2)(49 3)(50 2)(51 1)(53 3)(54 5)(55 2)(56 6)(57 5)(58 2)(59 2)(60 5)(61 9)(62 1)(63 1)(64 5)(65 6)(66 1)(67 2)(68 2)(69 1)(70 2)(72 4)(73 1)(75 1)(86 2)(87 1)(95 2)(96 1)(98 1)(100 2)(101 1)(102 1)(103 1)(105 1)(107 2)(108 3)(109 1)(111 1)(113 1)(117 1)(130 1)(135 1)(138 1)(166 1)
