NUMBER OF AREAS : 1
---area label--- : 1
area size : 405
mean x : 107.93
mean y : 129.34
mean E_x^2 : 76.56
mean E_y^2 : 29.84
mean E_xy^2 : 28.89
theta : 0.78
average greyscal : 59.81
average RGB [67.97,54.22,58.09]
(1 2)(3 1)(4 1)(5 1)(6 1)(8 4)(10 1)(11 2)(12 1)(13 2)(14 3)(15 4)(16 3)(17 4)(18 3)(19 3)(20 4)(22 2)(24 2)(25 1)(26 7)(27 3)(28 3)(29 6)(30 1)(31 2)(32 5)(34 3)(35 2)(36 1)(37 4)(38 4)(39 2)(40 6)(41 4)(42 4)(43 9)(44 5)(45 10)(46 9)(47 3)(48 10)(49 3)(50 8)(51 5)(52 6)(53 6)(54 3)(55 8)(56 3)(57 6)(58 6)(59 3)(60 7)(61 4)(62 2)(63 9)(64 8)(65 7)(66 6)(67 6)(68 5)(69 6)(70 8)(71 9)(72 7)(73 9)(74 7)(75 11)(76 7)(77 5)(78 1)(79 4)(80 5)(81 2)(82 1)(83 3)(84 1)(85 2)(86 1)(87 1)(88 1)(89 2)(90 2)(91 1)(92 1)(93 3)(94 1)(95 1)(97 1)(98 2)(100 1)(101 2)(102 1)(103 3)(104 1)(105 2)(107 2)(109 1)(110 4)(111 1)(114 1)(115 1)(116 1)(117 4)(118 1)(123 1)(126 1)(127 1)(129 2)(130 2)(133 1)(134 2)(135 1)(139 1)(146 1)(160 1)(178 1)
