NUMBER OF AREAS : 1
---area label--- : 1
area size : 359
mean x : 100.10
mean y : 121.16
mean E_x^2 : 71.01
mean E_y^2 : 30.27
mean E_xy^2 : 28.61
theta : 0.78
average greyscal : 60.86
average RGB [68.42,55.47,59.67]
(0 1)(1 2)(2 4)(3 3)(4 1)(5 3)(6 3)(7 2)(8 2)(9 3)(11 1)(12 3)(13 1)(15 2)(16 1)(17 4)(19 1)(20 1)(21 4)(22 1)(23 2)(24 3)(25 2)(27 2)(28 3)(29 3)(30 1)(32 2)(33 4)(34 2)(35 5)(36 2)(37 4)(38 3)(39 3)(40 3)(41 5)(42 1)(43 2)(44 3)(45 5)(46 8)(47 7)(48 7)(49 7)(50 2)(51 2)(52 8)(53 3)(54 4)(55 7)(56 3)(57 8)(58 4)(59 5)(60 9)(61 6)(62 1)(63 6)(64 3)(65 10)(66 11)(67 10)(68 6)(69 7)(70 6)(71 7)(72 3)(73 7)(74 3)(75 3)(76 3)(77 3)(78 1)(79 2)(80 3)(81 2)(83 3)(84 1)(85 2)(86 3)(88 3)(89 2)(90 1)(91 1)(93 1)(95 1)(96 1)(97 2)(98 2)(100 2)(101 1)(102 3)(104 1)(105 3)(107 1)(108 1)(109 1)(110 3)(111 4)(112 1)(113 1)(114 2)(117 2)(118 1)(119 2)(120 1)(124 1)(129 1)(130 1)(131 1)(133 1)(139 1)(147 3)(150 2)(158 1)(162 1)(172 1)(177 1)(185 1)
