NUMBER OF AREAS : 2
---area label--- : 1
area size : 220
mean x : 145.94
mean y : 161.15
mean E_x^2 : 14.61
mean E_y^2 : 23.96
mean E_xy^2 : -4.37
theta : -0.78
average greyscal : 64.53
average RGB [69.08,60.75,64.78]
(10 1)(15 1)(21 1)(28 1)(35 1)(36 2)(37 1)(41 2)(42 1)(43 5)(44 3)(45 2)(46 6)(47 7)(48 4)(49 3)(50 4)(51 5)(52 2)(54 2)(55 9)(56 5)(57 5)(58 4)(59 6)(60 6)(61 4)(62 8)(63 3)(64 9)(65 6)(66 9)(67 7)(68 12)(69 11)(70 2)(71 6)(72 7)(73 4)(74 4)(75 5)(76 4)(78 1)(80 1)(82 1)(83 2)(84 1)(85 1)(86 1)(89 1)(94 2)(95 1)(96 1)(98 1)(99 2)(100 1)(101 1)(102 1)(103 1)(104 3)(106 2)(109 1)(111 1)(113 1)(115 1)(127 1)
---area label--- : 2
area size : 311
mean x : 114.15
mean y : 162.72
mean E_x^2 : 117.41
mean E_y^2 : 14.98
mean E_xy^2 : 29.15
theta : 0.77
average greyscal : 55.01
average RGB [61.99,49.55,54.45]
(0 1)(3 1)(4 3)(5 2)(6 3)(7 7)(8 2)(9 2)(10 2)(11 1)(12 2)(13 5)(14 1)(15 4)(16 1)(17 2)(18 2)(19 4)(20 3)(21 3)(22 3)(23 3)(24 6)(25 3)(26 6)(27 5)(28 7)(29 5)(30 7)(31 3)(32 5)(33 6)(34 4)(35 2)(36 5)(37 6)(38 8)(39 12)(40 5)(41 2)(42 3)(43 6)(44 3)(45 3)(46 4)(47 6)(49 4)(50 5)(51 1)(52 2)(53 2)(54 4)(55 1)(56 2)(57 1)(59 2)(60 2)(61 1)(62 1)(63 1)(64 2)(66 3)(67 1)(68 1)(70 2)(71 3)(72 3)(73 1)(74 1)(75 5)(76 1)(77 3)(79 5)(80 2)(81 2)(82 1)(83 1)(84 2)(85 1)(87 1)(88 4)(89 3)(90 2)(91 1)(93 1)(95 1)(97 2)(98 2)(99 2)(102 1)(103 2)(104 3)(105 1)(106 1)(107 2)(108 2)(110 1)(111 2)(117 1)(119 1)(122 1)(123 1)(124 1)(125 2)(127 2)(129 1)(130 1)(132 2)(133 2)(144 1)(146 1)(148 1)(149 1)(155 1)(157 1)(160 1)(162 1)(165 1)(167 1)(170 1)(179 1)(180 1)(185 1)
