NUMBER OF AREAS : 2
---area label--- : 1
area size : 47
mean x : 85.36
mean y : 76.43
mean E_x^2 : 9.81
mean E_y^2 : 11.65
mean E_xy^2 : 9.76
theta : -0.78
average greyscal : 24.55
average RGB [24.57,23.00,27.17]
(2 1)(3 2)(9 2)(10 1)(14 1)(16 2)(17 5)(18 1)(19 1)(20 2)(21 1)(22 3)(23 3)(25 1)(26 2)(27 2)(28 2)(29 1)(30 1)(31 3)(33 3)(36 1)(37 1)(38 1)(44 1)(49 1)(52 1)(60 1)
---area label--- : 2
area size : 646
mean x : 166.37
mean y : 139.63
mean E_x^2 : 172.79
mean E_y^2 : 52.19
mean E_xy^2 : 73.07
theta : 0.78
average greyscal : 48.61
average RGB [37.99,48.76,60.02]
(0 1)(1 1)(2 2)(3 2)(4 4)(6 4)(7 3)(8 4)(9 2)(10 4)(11 2)(12 9)(13 3)(14 6)(15 2)(16 1)(17 4)(18 2)(19 2)(20 4)(21 6)(22 3)(23 4)(24 1)(25 9)(26 12)(27 9)(28 18)(29 15)(30 15)(31 13)(32 18)(33 17)(34 17)(35 12)(36 16)(37 5)(38 10)(39 8)(40 5)(41 4)(42 5)(43 6)(44 8)(45 8)(46 6)(47 7)(48 11)(49 9)(50 4)(51 8)(52 10)(53 8)(54 13)(55 11)(56 15)(57 7)(58 13)(59 16)(60 15)(61 7)(62 12)(63 7)(64 10)(65 6)(66 5)(67 12)(68 13)(69 9)(70 3)(71 6)(72 5)(73 4)(74 1)(75 5)(76 5)(77 6)(78 2)(79 4)(80 6)(81 7)(82 2)(83 4)(84 2)(85 3)(86 2)(88 3)(89 1)(90 2)(91 2)(92 1)(93 2)(94 3)(95 1)(96 4)(97 3)(98 1)(99 2)(100 2)(101 1)(102 1)(103 1)(104 1)(107 1)(108 1)(110 2)(113 1)(146 1)(155 1)(166 1)
