NUMBER OF AREAS : 2
---area label--- : 1
area size : 535
mean x : 138.95
mean y : 117.96
mean E_x^2 : 124.51
mean E_y^2 : 51.58
mean E_xy^2 : 62.05
theta : 0.78
average greyscal : 53.94
average RGB [44.70,52.02,66.09]
(0 2)(1 2)(2 3)(3 2)(4 2)(5 2)(6 3)(7 2)(8 1)(9 2)(10 1)(11 3)(12 2)(13 1)(15 4)(16 1)(17 3)(18 2)(19 3)(20 2)(21 2)(22 1)(23 4)(24 5)(25 7)(26 6)(27 9)(28 5)(29 8)(30 11)(31 18)(32 16)(33 13)(34 15)(35 12)(36 7)(37 10)(38 9)(39 9)(40 10)(41 8)(42 3)(43 8)(44 6)(45 5)(46 2)(47 7)(48 2)(49 5)(50 5)(51 4)(52 4)(53 3)(54 4)(55 9)(56 4)(57 8)(58 5)(59 6)(60 7)(61 8)(62 4)(63 5)(64 6)(65 5)(66 6)(67 6)(68 7)(69 7)(70 4)(71 7)(72 11)(73 5)(74 6)(75 7)(76 7)(77 9)(78 6)(79 5)(80 6)(81 5)(82 5)(83 3)(84 4)(85 4)(86 3)(88 2)(89 3)(90 3)(91 3)(92 2)(93 1)(94 4)(96 3)(98 4)(99 1)(100 2)(101 1)(103 1)(104 4)(106 1)(108 3)(109 1)(110 1)(112 1)(113 2)(114 1)(118 1)(120 1)(124 1)(126 1)(127 2)(134 1)(137 1)(147 1)(149 1)(150 2)(155 2)(163 1)
---area label--- : 2
area size : 5
mean x : 146.00
mean y : 110.00
mean E_x^2 : 0.40
mean E_y^2 : 0.80
mean E_xy^2 : 0.40
theta : -0.51
average greyscal : 91.60
average RGB [98.40,86.00,90.80]
(75 1)(82 1)(91 1)(97 1)(113 1)
