NUMBER OF AREAS : 3
---area label--- : 1
area size : 59
mean x : 88.46
mean y : 72.49
mean E_x^2 : 6.28
mean E_y^2 : 9.44
mean E_xy^2 : 3.10
theta : -0.77
average greyscal : 34.63
average RGB [36.24,29.36,39.31]
(7 1)(11 1)(12 1)(14 1)(15 2)(16 1)(17 1)(18 1)(19 5)(20 3)(21 1)(22 3)(24 3)(25 5)(26 1)(27 4)(28 1)(29 1)(30 2)(31 1)(38 1)(39 1)(40 1)(41 1)(43 2)(45 1)(47 1)(48 1)(54 1)(57 1)(61 1)(62 1)(66 1)(74 1)(76 1)(83 1)(86 1)(92 1)(102 1)
---area label--- : 2
area size : 225
mean x : 145.71
mean y : 161.13
mean E_x^2 : 15.21
mean E_y^2 : 25.08
mean E_xy^2 : -3.88
theta : -0.78
average greyscal : 65.42
average RGB [67.96,62.70,66.62]
(4 1)(9 1)(12 1)(19 1)(24 1)(29 1)(36 1)(39 2)(41 3)(42 3)(43 3)(44 1)(45 4)(46 6)(47 6)(48 3)(49 3)(50 2)(51 5)(52 2)(53 3)(54 10)(55 2)(56 2)(57 2)(58 3)(59 5)(60 5)(61 9)(62 4)(63 4)(64 9)(65 10)(66 11)(67 8)(68 7)(69 9)(70 8)(71 7)(72 5)(73 10)(74 6)(75 2)(76 3)(77 1)(78 1)(79 1)(81 1)(85 1)(88 1)(90 2)(91 1)(92 1)(93 1)(95 1)(97 1)(98 1)(99 2)(101 1)(102 1)(103 1)(104 1)(110 2)(115 2)(116 1)(118 1)(120 1)(122 1)(133 1)(138 1)(152 1)
---area label--- : 3
area size : 5
mean x : 89.00
mean y : 249.00
mean E_x^2 : 0.40
mean E_y^2 : 0.80
mean E_xy^2 : 0.40
theta : -0.51
average greyscal : 36.00
average RGB [48.00,30.20,31.00]
(18 1)(20 1)(29 1)(34 1)(79 1)
