NUMBER OF AREAS : 4
---area label--- : 1
area size : 122
mean x : 82.84
mean y : 97.48
mean E_x^2 : 21.51
mean E_y^2 : 25.35
mean E_xy^2 : 18.71
theta : -0.78
average greyscal : 43.20
average RGB [47.98,38.19,44.38]
(2 1)(4 2)(5 2)(7 3)(8 4)(9 2)(10 2)(11 4)(12 1)(13 1)(15 1)(17 3)(18 1)(21 3)(22 2)(23 1)(25 1)(26 2)(27 1)(28 3)(29 1)(30 3)(31 2)(32 2)(34 2)(35 2)(36 2)(37 2)(38 3)(39 2)(40 2)(41 3)(42 2)(43 3)(44 2)(46 1)(47 2)(48 2)(49 2)(50 3)(51 2)(52 1)(53 1)(54 2)(55 1)(56 1)(58 1)(60 2)(61 1)(62 2)(63 3)(65 2)(70 2)(73 1)(74 1)(76 1)(77 1)(79 1)(84 1)(88 1)(89 1)(101 1)(102 1)(104 1)(105 1)(106 2)(111 1)(112 1)(113 1)(132 1)
---area label--- : 2
area size : 5
mean x : 69.00
mean y : 90.00
mean E_x^2 : 0.40
mean E_y^2 : 0.80
mean E_xy^2 : 0.40
theta : -0.51
average greyscal : 28.20
average RGB [39.40,23.80,21.60]
(10 1)(18 1)(23 1)(40 1)(50 1)
---area label--- : 3
area size : 813
mean x : 215.60
mean y : 201.96
mean E_x^2 : 201.22
mean E_y^2 : 47.21
mean E_xy^2 : 62.10
theta : 0.78
average greyscal : 54.50
average RGB [48.07,52.55,63.89]
(2 1)(3 1)(4 4)(5 1)(6 2)(7 1)(8 1)(9 1)(10 3)(11 5)(12 1)(13 1)(14 1)(15 2)(16 1)(17 1)(19 8)(20 3)(21 7)(22 8)(23 4)(24 13)(25 12)(26 16)(27 20)(28 9)(29 16)(30 16)(31 23)(32 13)(33 16)(34 10)(35 8)(36 12)(37 5)(38 11)(39 7)(40 5)(41 8)(42 8)(43 9)(44 11)(45 6)(46 7)(47 14)(48 17)(49 11)(50 14)(51 19)(52 7)(53 13)(54 14)(55 12)(56 14)(57 11)(58 13)(59 13)(60 20)(61 12)(62 16)(63 11)(64 10)(65 12)(66 12)(67 11)(68 12)(69 9)(70 8)(71 5)(72 8)(73 6)(74 8)(75 11)(76 9)(77 10)(78 2)(79 8)(80 5)(81 3)(82 4)(83 9)(84 5)(85 3)(86 6)(87 5)(88 7)(89 1)(90 4)(91 6)(92 4)(93 5)(94 6)(95 4)(96 4)(97 4)(98 1)(99 1)(102 7)(103 2)(104 1)(106 1)(108 4)(110 2)(111 1)(115 1)(116 3)(119 2)(127 1)(128 1)(133 1)(138 1)(142 2)(143 1)(144 1)(146 1)(170 1)(174 1)(199 1)
---area label--- : 4
area size : 13
mean x : 196.38
mean y : 212.92
mean E_x^2 : 0.70
mean E_y^2 : 1.61
mean E_xy^2 : 0.11
theta : -0.59
average greyscal : 110.15
average RGB [103.77,106.23,121.46]
(36 1)(40 1)(66 1)(71 1)(75 1)(97 1)(104 1)(122 1)(140 1)(163 1)(164 1)(165 1)(189 1)
