NUMBER OF AREAS : 1
---area label--- : 1
area size : 150
mean x : 88.30
mean y : 99.46
mean E_x^2 : 31.29
mean E_y^2 : 33.10
mean E_xy^2 : 25.78
theta : -0.78
average greyscal : 51.15
average RGB [56.47,47.21,50.56]
(0 1)(1 1)(4 2)(6 3)(7 3)(9 2)(13 1)(15 1)(18 1)(19 1)(20 1)(21 1)(22 2)(24 2)(25 1)(26 1)(29 1)(30 2)(32 2)(33 2)(34 3)(35 2)(36 3)(37 2)(38 2)(39 3)(40 3)(41 3)(42 3)(43 1)(44 4)(45 3)(46 3)(48 2)(50 3)(51 3)(52 1)(53 2)(54 5)(56 3)(57 4)(58 1)(59 4)(60 5)(61 8)(62 3)(63 2)(64 8)(65 2)(66 4)(67 2)(68 2)(72 3)(73 1)(83 1)(85 1)(89 1)(94 1)(95 1)(98 1)(100 2)(102 1)(106 1)(108 2)(118 2)(121 1)(123 1)
