NUMBER OF AREAS : 3
---area label--- : 1
area size : 77
mean x : 85.91
mean y : 80.45
mean E_x^2 : 15.46
mean E_y^2 : 11.73
mean E_xy^2 : 10.98
theta : 0.78
average greyscal : 32.62
average RGB [34.29,29.65,34.77]
(1 1)(2 1)(4 1)(5 1)(6 1)(7 1)(8 1)(15 4)(17 3)(18 2)(19 1)(20 1)(21 4)(22 3)(23 3)(24 5)(25 4)(27 2)(28 1)(29 3)(30 3)(31 2)(32 6)(33 4)(36 1)(37 2)(39 1)(40 1)(42 1)(47 1)(48 1)(51 2)(53 1)(61 1)(66 1)(71 2)(103 1)(106 1)(119 1)(131 1)
---area label--- : 2
area size : 222
mean x : 145.80
mean y : 161.24
mean E_x^2 : 15.37
mean E_y^2 : 24.27
mean E_xy^2 : -4.92
theta : -0.78
average greyscal : 63.23
average RGB [67.18,60.95,62.50]
(0 1)(8 1)(9 1)(21 1)(24 1)(32 1)(33 1)(37 2)(39 3)(40 2)(42 4)(43 2)(44 5)(45 4)(46 5)(47 7)(48 1)(49 1)(50 4)(51 5)(52 5)(53 5)(54 4)(55 3)(56 4)(57 5)(58 3)(59 6)(60 4)(61 5)(62 10)(63 7)(64 8)(65 8)(66 12)(67 15)(68 5)(69 2)(70 5)(71 6)(72 6)(73 3)(74 5)(75 4)(77 1)(78 1)(80 4)(81 2)(85 1)(87 1)(90 1)(91 2)(92 1)(97 2)(99 2)(101 1)(102 1)(105 1)(106 1)(107 1)(109 1)(111 1)(114 1)(115 1)(116 1)(121 1)(150 1)
---area label--- : 3
area size : 5
mean x : 89.00
mean y : 249.00
mean E_x^2 : 0.40
mean E_y^2 : 0.80
mean E_xy^2 : 0.40
theta : -0.51
average greyscal : 31.40
average RGB [45.40,31.40,17.40]
(12 1)(15 1)(25 1)(32 1)(73 1)
