NUMBER OF AREAS : 1
---area label--- : 1
area size : 408
mean x : 145.09
mean y : 122.87
mean E_x^2 : 153.17
mean E_y^2 : 56.32
mean E_xy^2 : 84.92
theta : 0.78
average greyscal : 54.61
average RGB [49.37,52.50,62.90]
(0 2)(1 1)(3 1)(4 2)(5 4)(6 1)(7 1)(8 1)(11 2)(12 3)(13 3)(14 3)(15 3)(16 1)(17 1)(18 2)(19 2)(20 3)(21 1)(22 3)(23 3)(24 6)(25 9)(26 4)(27 3)(28 12)(29 3)(30 1)(31 9)(32 9)(33 7)(34 10)(35 6)(36 4)(37 8)(38 10)(39 6)(40 6)(41 7)(42 5)(43 2)(44 5)(45 5)(46 4)(47 10)(48 5)(49 2)(50 2)(51 5)(52 8)(53 3)(54 2)(55 10)(56 6)(57 3)(58 5)(59 4)(60 3)(61 4)(62 5)(63 6)(64 3)(65 6)(66 5)(67 3)(68 3)(69 6)(70 7)(71 4)(72 9)(73 7)(74 2)(75 5)(76 2)(77 3)(78 1)(79 1)(80 3)(81 3)(82 2)(83 1)(84 3)(85 1)(86 1)(87 1)(88 2)(89 1)(90 4)(91 3)(93 1)(94 2)(95 3)(96 1)(98 3)(99 3)(100 2)(101 3)(102 2)(103 6)(106 2)(109 1)(110 1)(111 2)(112 2)(113 1)(118 1)(121 2)(122 1)(124 1)(126 1)(131 1)(136 2)(141 1)(145 1)(147 1)(150 1)(167 1)
