NUMBER OF AREAS : 4
---area label--- : 1
area size : 10
mean x : 78.00
mean y : 85.50
mean E_x^2 : 1.40
mean E_y^2 : 1.05
mean E_xy^2 : 0.90
theta : 0.73
average greyscal : 42.30
average RGB [50.30,33.00,45.00]
(25 1)(34 1)(36 1)(42 1)(45 2)(46 1)(47 1)(50 1)(53 1)
---area label--- : 2
area size : 76
mean x : 82.78
mean y : 93.88
mean E_x^2 : 9.88
mean E_y^2 : 7.00
mean E_xy^2 : 3.57
theta : 0.77
average greyscal : 43.67
average RGB [44.57,41.53,45.97]
(0 2)(1 2)(2 2)(3 2)(4 3)(5 3)(6 1)(8 2)(10 1)(11 3)(12 4)(13 1)(15 1)(16 4)(18 2)(19 1)(20 1)(22 1)(26 2)(27 1)(29 4)(36 1)(40 2)(41 1)(44 1)(47 1)(48 1)(50 1)(51 1)(54 1)(57 1)(64 1)(66 1)(67 1)(71 1)(75 2)(85 2)(86 1)(95 1)(109 1)(112 1)(117 1)(122 1)(123 1)(125 1)(126 2)(131 1)(136 1)(138 1)(141 1)
---area label--- : 3
area size : 606
mean x : 183.90
mean y : 147.38
mean E_x^2 : 158.24
mean E_y^2 : 54.84
mean E_xy^2 : 59.21
theta : 0.78
average greyscal : 48.54
average RGB [40.38,49.18,57.10]
(0 1)(1 1)(2 2)(3 1)(4 2)(5 5)(6 2)(8 6)(9 2)(10 4)(11 4)(12 4)(13 2)(14 1)(15 2)(16 3)(17 2)(18 4)(19 4)(20 4)(21 4)(22 8)(23 8)(24 10)(25 8)(26 12)(27 14)(28 10)(29 10)(30 14)(31 12)(32 10)(33 13)(34 10)(35 11)(36 9)(37 6)(38 9)(39 9)(40 11)(41 10)(42 5)(43 6)(44 10)(45 14)(46 8)(47 11)(48 9)(49 10)(50 16)(51 9)(52 5)(53 8)(54 9)(55 5)(56 12)(57 7)(58 9)(59 6)(60 16)(61 9)(62 11)(63 6)(64 7)(65 4)(66 6)(67 6)(68 8)(69 3)(70 4)(71 5)(72 4)(73 2)(74 5)(75 7)(76 8)(77 3)(78 8)(79 3)(80 4)(81 2)(82 3)(83 1)(84 3)(85 3)(86 1)(87 2)(88 2)(89 2)(90 2)(91 1)(92 3)(93 1)(94 1)(95 1)(96 2)(98 1)(99 3)(100 1)(101 1)(103 5)(104 1)(109 1)(122 1)(123 1)(129 1)(132 1)(134 1)(138 1)(145 1)(146 1)(147 1)(150 1)(154 1)
---area label--- : 4
area size : 8
mean x : 180.00
mean y : 158.50
mean E_x^2 : 0.50
mean E_y^2 : 1.25
mean E_xy^2 : 0.50
theta : -0.52
average greyscal : 73.00
average RGB [81.50,64.50,74.00]
(43 1)(58 1)(63 1)(70 1)(80 1)(85 1)(90 1)(95 1)
