NUMBER OF AREAS : 1
---area label--- : 1
area size : 560
mean x : 150.99
mean y : 124.01
mean E_x^2 : 140.84
mean E_y^2 : 49.51
mean E_xy^2 : 67.52
theta : 0.78
average greyscal : 50.68
average RGB [43.16,49.28,60.64]
(0 2)(1 2)(2 1)(3 1)(5 3)(6 4)(7 2)(8 5)(9 7)(10 3)(11 5)(12 1)(13 1)(14 3)(15 4)(16 4)(17 3)(18 6)(19 3)(20 4)(21 6)(22 6)(23 9)(24 4)(25 5)(26 12)(27 10)(28 10)(29 6)(30 6)(31 18)(32 8)(33 19)(34 14)(35 8)(36 6)(37 6)(38 11)(39 7)(40 5)(41 5)(42 5)(43 7)(44 9)(45 5)(46 4)(47 7)(48 8)(49 12)(50 11)(51 13)(52 7)(53 5)(54 7)(55 9)(56 5)(57 8)(58 10)(59 9)(60 3)(61 8)(62 6)(63 11)(64 9)(65 7)(66 5)(67 5)(68 4)(69 7)(70 5)(71 7)(72 7)(73 3)(74 2)(75 3)(76 1)(79 3)(80 6)(82 2)(83 2)(84 2)(87 2)(88 1)(89 2)(90 2)(91 6)(94 2)(95 2)(97 4)(98 1)(99 1)(100 3)(101 1)(102 3)(103 4)(104 1)(105 3)(106 1)(107 1)(108 1)(110 1)(111 1)(112 1)(115 1)(116 2)(117 3)(124 1)(125 1)(127 1)(133 1)(140 1)(142 1)(143 1)(145 2)(159 1)(162 1)(164 2)(170 1)(176 1)(178 1)
