NUMBER OF AREAS : 1
---area label--- : 1
area size : 572
mean x : 139.53
mean y : 118.75
mean E_x^2 : 137.25
mean E_y^2 : 58.22
mean E_xy^2 : 72.33
theta : 0.78
average greyscal : 51.52
average RGB [43.35,50.70,61.51]
(0 3)(1 3)(3 1)(4 5)(5 1)(6 2)(7 2)(8 4)(9 5)(10 7)(11 4)(12 2)(13 4)(14 2)(16 4)(17 4)(18 5)(19 2)(20 5)(21 3)(22 5)(23 8)(24 10)(25 10)(26 8)(27 17)(28 5)(29 9)(30 11)(31 15)(32 12)(33 12)(34 12)(35 7)(36 9)(37 11)(38 7)(39 5)(40 9)(41 4)(42 5)(43 3)(44 5)(45 3)(46 9)(47 8)(48 4)(49 8)(50 9)(51 7)(52 7)(53 8)(54 7)(55 11)(56 9)(57 10)(58 2)(59 4)(60 4)(61 3)(62 8)(63 8)(64 8)(65 9)(66 6)(67 9)(68 11)(69 5)(70 10)(71 3)(72 7)(73 6)(74 4)(75 2)(76 4)(77 3)(78 4)(79 1)(80 6)(81 2)(82 4)(84 5)(85 3)(86 2)(87 2)(89 2)(90 3)(92 4)(93 2)(94 2)(95 2)(96 2)(97 1)(98 2)(99 1)(100 2)(101 2)(102 1)(106 2)(108 3)(109 1)(111 1)(117 3)(118 2)(121 2)(122 1)(125 2)(126 1)(127 1)(132 1)(133 1)(135 2)(141 1)(147 1)(155 3)(162 1)(163 2)(175 1)(179 1)(191 1)
