NUMBER OF AREAS : 2
---area label--- : 1
area size : 29
mean x : 86.52
mean y : 79.00
mean E_x^2 : 4.11
mean E_y^2 : 4.07
mean E_xy^2 : 3.28
theta : 0.78
average greyscal : 28.45
average RGB [28.52,26.66,31.48]
(9 1)(11 1)(13 2)(14 1)(17 2)(19 1)(21 1)(23 3)(24 3)(25 1)(26 1)(27 3)(28 1)(32 1)(38 1)(46 1)(48 2)(53 1)(62 1)(63 1)
---area label--- : 2
area size : 181
mean x : 284.23
mean y : 278.83
mean E_x^2 : 53.89
mean E_y^2 : 25.31
mean E_xy^2 : -25.26
theta : 0.78
average greyscal : 32.01
average RGB [27.54,32.56,36.95]
(10 1)(12 3)(16 1)(18 9)(19 9)(20 4)(21 5)(22 9)(23 8)(24 10)(25 10)(26 6)(27 11)(28 7)(29 5)(30 7)(31 6)(32 3)(33 5)(34 6)(35 1)(37 5)(38 8)(39 1)(40 4)(41 3)(42 5)(43 1)(44 1)(47 2)(48 5)(49 3)(52 1)(53 2)(54 4)(55 2)(56 1)(59 1)(60 2)(64 1)(70 1)(103 1)(106 1)
