NUMBER OF AREAS : 2
---area label--- : 1
area size : 393
mean x : 104.98
mean y : 159.68
mean E_x^2 : 107.34
mean E_y^2 : 28.27
mean E_xy^2 : 39.53
theta : 0.78
average greyscal : 51.98
average RGB [56.76,47.42,52.69]
(0 5)(1 2)(2 3)(3 5)(4 5)(5 6)(6 4)(7 2)(8 1)(11 2)(12 5)(13 3)(14 3)(15 3)(16 3)(17 4)(18 1)(19 1)(20 2)(21 1)(22 2)(23 1)(24 7)(25 3)(26 8)(27 7)(28 2)(29 4)(30 5)(31 10)(32 6)(33 6)(34 11)(35 7)(36 4)(37 5)(38 7)(39 14)(40 6)(41 1)(42 6)(43 4)(44 7)(45 5)(46 4)(47 6)(48 8)(49 8)(50 4)(51 4)(52 4)(53 4)(54 2)(55 3)(56 4)(57 3)(58 5)(59 4)(60 5)(61 2)(62 4)(63 5)(64 4)(65 3)(66 3)(67 2)(68 3)(69 1)(70 2)(71 4)(72 2)(74 2)(75 5)(76 6)(77 4)(78 1)(79 2)(80 1)(81 4)(82 2)(83 3)(84 1)(86 1)(88 3)(90 1)(91 1)(93 1)(94 3)(95 2)(97 2)(98 2)(102 2)(103 1)(104 1)(105 4)(106 2)(109 1)(110 3)(111 2)(112 1)(113 4)(115 2)(118 1)(120 1)(121 2)(123 4)(124 1)(126 1)(130 2)(133 1)(134 1)(137 1)(140 1)(153 1)(167 1)(168 1)(182 1)(188 1)
---area label--- : 2
area size : 225
mean x : 145.73
mean y : 161.21
mean E_x^2 : 15.58
mean E_y^2 : 24.26
mean E_xy^2 : -4.74
theta : -0.78
average greyscal : 65.36
average RGB [67.74,62.43,66.93]
(4 1)(6 1)(24 1)(32 1)(34 1)(35 1)(37 1)(38 2)(39 4)(40 2)(41 3)(42 2)(43 1)(45 2)(46 2)(47 2)(48 1)(49 4)(50 6)(51 2)(52 6)(53 2)(54 7)(55 6)(56 4)(58 3)(59 7)(60 6)(61 9)(62 6)(63 5)(64 8)(65 10)(66 9)(67 12)(68 8)(69 8)(70 8)(71 2)(72 8)(73 8)(74 2)(75 4)(76 2)(79 2)(80 1)(81 1)(82 2)(86 1)(88 2)(90 3)(92 3)(93 1)(94 1)(95 2)(96 2)(99 1)(100 2)(101 1)(104 2)(105 1)(108 3)(116 1)(117 1)(121 1)(149 1)
