NUMBER OF AREAS : 1
---area label--- : 1
area size : 430
mean x : 108.90
mean y : 130.52
mean E_x^2 : 90.81
mean E_y^2 : 31.83
mean E_xy^2 : 35.95
theta : 0.78
average greyscal : 60.90
average RGB [67.06,56.29,60.30]
(0 3)(1 1)(3 3)(4 5)(5 4)(6 4)(7 1)(8 3)(9 1)(10 1)(11 2)(12 2)(13 1)(14 1)(15 1)(16 2)(17 2)(18 7)(20 5)(21 2)(22 2)(23 4)(24 1)(25 3)(26 2)(27 1)(28 2)(29 2)(30 4)(31 5)(32 3)(33 4)(34 2)(35 3)(36 5)(37 2)(38 3)(39 7)(40 1)(41 4)(42 6)(43 7)(44 7)(45 7)(46 7)(47 3)(48 7)(49 3)(50 6)(51 7)(52 10)(53 4)(54 2)(55 5)(56 3)(57 4)(58 5)(59 2)(60 1)(61 6)(62 3)(63 9)(64 9)(65 5)(66 9)(67 5)(68 7)(69 12)(70 8)(71 13)(72 13)(73 7)(74 10)(75 3)(76 4)(77 5)(78 5)(79 4)(80 3)(82 2)(83 3)(84 4)(86 3)(87 2)(88 2)(89 2)(90 1)(91 2)(92 2)(93 1)(94 2)(96 2)(97 2)(98 2)(99 1)(100 2)(101 3)(102 1)(104 2)(105 1)(108 1)(109 2)(110 2)(112 1)(113 1)(114 2)(115 3)(117 1)(118 2)(119 3)(120 1)(122 1)(123 2)(124 1)(125 1)(126 3)(127 2)(129 1)(137 1)(141 1)(142 1)(153 1)(154 1)(156 1)(160 2)(161 1)(180 1)(183 1)
