NUMBER OF AREAS : 1
---area label--- : 1
area size : 382
mean x : 104.76
mean y : 125.69
mean E_x^2 : 78.95
mean E_y^2 : 27.54
mean E_xy^2 : 26.30
theta : 0.78
average greyscal : 63.52
average RGB [72.04,58.19,61.37]
(0 3)(1 1)(3 2)(4 1)(5 5)(6 2)(7 2)(8 1)(9 1)(10 1)(11 1)(12 1)(13 3)(14 1)(16 1)(17 2)(19 2)(20 2)(22 1)(23 3)(24 2)(25 4)(26 2)(27 2)(29 1)(30 3)(31 4)(32 3)(33 8)(34 4)(37 4)(38 6)(39 5)(40 4)(41 2)(42 6)(43 5)(44 5)(45 4)(46 6)(47 7)(48 6)(49 6)(50 5)(51 6)(52 5)(53 4)(54 2)(55 4)(56 4)(57 7)(58 4)(59 1)(60 3)(61 4)(62 6)(63 11)(64 5)(65 4)(66 11)(67 14)(68 6)(69 9)(70 6)(71 10)(72 7)(73 4)(74 2)(75 1)(76 2)(77 3)(78 5)(79 2)(80 4)(81 8)(82 1)(83 2)(84 1)(85 2)(86 1)(88 1)(89 2)(90 1)(91 3)(92 1)(94 3)(95 3)(96 2)(97 1)(100 1)(103 1)(104 2)(105 2)(106 1)(108 2)(109 2)(110 1)(111 3)(112 2)(113 1)(114 2)(115 1)(117 1)(118 1)(119 2)(120 1)(121 1)(122 2)(123 2)(124 1)(125 2)(128 1)(130 2)(132 1)(134 1)(136 1)(139 2)(140 1)(142 1)(143 1)(145 1)(147 1)(149 1)(150 2)(153 1)(161 1)(178 1)(189 1)
