NUMBER OF AREAS : 5
---area label--- : 1
area size : 12
mean x : 83.50
mean y : 80.50
mean E_x^2 : 2.25
mean E_y^2 : 0.92
mean E_xy^2 : 1.00
theta : 0.63
average greyscal : 17.08
average RGB [16.25,16.17,19.58]
(0 2)(4 1)(5 1)(6 1)(9 1)(16 1)(25 1)(27 1)(30 1)(31 1)(52 1)
---area label--- : 2
area size : 25
mean x : 80.52
mean y : 84.44
mean E_x^2 : 6.49
mean E_y^2 : 3.85
mean E_xy^2 : 4.53
theta : 0.76
average greyscal : 26.52
average RGB [28.12,22.84,30.08]
(7 1)(8 1)(10 2)(11 1)(13 1)(16 2)(18 2)(19 1)(20 1)(21 1)(25 1)(26 2)(28 2)(29 2)(38 1)(39 1)(51 1)(58 1)(99 1)
---area label--- : 3
area size : 10
mean x : 146.00
mean y : 84.50
mean E_x^2 : 1.40
mean E_y^2 : 3.05
mean E_xy^2 : 1.90
theta : -0.69
average greyscal : 76.90
average RGB [84.50,72.80,74.20]
(49 1)(57 1)(64 1)(71 1)(73 2)(87 1)(88 1)(99 1)(108 1)
---area label--- : 4
area size : 611
mean x : 157.85
mean y : 112.32
mean E_x^2 : 138.25
mean E_y^2 : 62.98
mean E_xy^2 : 77.23
theta : 0.78
average greyscal : 51.16
average RGB [43.41,49.95,61.18]
(1 1)(2 1)(4 1)(6 3)(7 1)(8 1)(9 3)(10 5)(11 2)(12 1)(13 4)(15 1)(16 2)(17 5)(18 4)(19 4)(20 3)(21 4)(22 1)(23 4)(24 8)(25 10)(26 9)(27 11)(28 14)(29 5)(30 12)(31 17)(32 18)(33 14)(34 16)(35 18)(36 1)(37 10)(38 9)(39 11)(40 7)(41 8)(42 7)(43 5)(44 8)(45 13)(46 9)(47 12)(48 7)(49 8)(50 7)(51 12)(52 7)(53 12)(54 9)(55 14)(56 8)(57 6)(58 10)(59 14)(60 6)(61 9)(62 12)(63 13)(64 8)(65 4)(66 8)(67 3)(68 7)(69 5)(70 5)(71 3)(72 1)(73 8)(74 5)(75 4)(76 3)(77 5)(78 7)(79 2)(80 1)(81 2)(82 5)(83 5)(84 2)(85 5)(86 1)(87 2)(88 5)(89 2)(90 6)(91 3)(92 1)(93 1)(94 2)(96 1)(97 4)(98 1)(99 4)(100 1)(101 1)(102 1)(105 1)(109 1)(112 1)(113 2)(115 1)(116 2)(118 1)(122 1)(126 1)(130 1)(131 1)(134 1)(136 1)(140 1)(141 1)(142 1)(166 1)(169 1)
---area label--- : 5
area size : 11
mean x : 132.00
mean y : 109.36
mean E_x^2 : 1.27
mean E_y^2 : 1.14
mean E_xy^2 : 0.82
theta : 0.76
average greyscal : 77.36
average RGB [90.18,71.82,71.27]
(38 1)(47 1)(56 1)(61 1)(70 1)(74 1)(81 1)(103 2)(106 1)(112 1)
