NUMBER OF AREAS : 1
---area label--- : 1
area size : 537
mean x : 139.56
mean y : 119.69
mean E_x^2 : 141.74
mean E_y^2 : 56.91
mean E_xy^2 : 77.02
theta : 0.78
average greyscal : 52.23
average RGB [45.13,50.93,61.54]
(0 3)(1 3)(2 2)(3 3)(4 2)(5 3)(7 1)(8 2)(9 2)(10 7)(11 2)(12 5)(13 4)(14 1)(15 3)(16 4)(17 5)(18 5)(19 5)(20 2)(21 1)(22 5)(23 8)(24 7)(25 8)(26 10)(27 11)(28 9)(29 8)(30 6)(31 2)(32 10)(33 15)(34 7)(35 13)(36 7)(37 4)(38 10)(39 10)(40 11)(41 9)(42 5)(43 5)(44 5)(45 7)(46 5)(47 5)(48 5)(49 6)(50 10)(51 6)(52 6)(53 9)(54 7)(55 10)(56 6)(57 9)(58 7)(59 3)(60 7)(61 3)(62 1)(63 7)(64 3)(65 6)(66 7)(67 8)(68 3)(69 9)(70 2)(71 5)(72 6)(73 6)(74 7)(75 5)(76 2)(77 3)(78 5)(79 2)(80 5)(82 1)(83 1)(84 4)(85 3)(86 2)(87 2)(88 2)(89 2)(90 1)(91 2)(92 2)(93 4)(95 2)(96 2)(97 2)(98 3)(99 4)(100 4)(101 2)(102 1)(103 5)(104 1)(105 2)(107 2)(108 2)(109 2)(110 2)(112 2)(113 1)(115 1)(117 2)(118 1)(120 1)(126 2)(128 2)(130 1)(138 1)(139 2)(145 1)(146 1)(148 1)(149 1)(171 1)(176 1)
