NUMBER OF AREAS : 1
---area label--- : 1
area size : 684
mean x : 199.96
mean y : 231.79
mean E_x^2 : 166.55
mean E_y^2 : 55.97
mean E_xy^2 : -4.72
theta : 0.78
average greyscal : 68.64
average RGB [61.68,67.93,77.35]
(2 1)(3 2)(4 2)(6 1)(9 1)(11 2)(12 1)(13 1)(14 3)(15 3)(16 2)(17 1)(19 6)(20 5)(21 6)(22 6)(23 5)(24 8)(25 6)(26 12)(27 12)(28 9)(29 10)(30 15)(31 18)(32 15)(33 20)(34 12)(35 17)(36 11)(37 19)(38 9)(39 5)(40 8)(41 5)(42 7)(43 7)(44 5)(45 4)(46 2)(47 9)(48 7)(49 9)(50 5)(51 3)(52 14)(53 4)(54 4)(55 10)(56 8)(57 4)(58 11)(59 8)(60 10)(61 13)(62 8)(63 13)(64 6)(65 3)(66 10)(67 5)(68 5)(69 7)(70 6)(71 7)(72 5)(73 6)(75 4)(76 7)(77 7)(78 5)(79 2)(80 4)(81 4)(82 3)(83 3)(84 4)(85 1)(86 1)(87 3)(88 2)(89 3)(90 4)(91 5)(92 1)(94 2)(95 3)(96 4)(98 2)(99 2)(100 2)(102 2)(103 2)(105 3)(106 1)(107 3)(108 1)(109 2)(110 2)(112 1)(113 3)(116 1)(117 3)(118 1)(119 1)(121 1)(122 1)(124 1)(126 2)(127 2)(131 1)(133 1)(134 2)(135 2)(136 1)(137 1)(139 1)(141 2)(142 2)(144 1)(147 1)(150 1)(151 1)(152 2)(154 2)(155 1)(156 1)(158 1)(160 1)(161 1)(162 2)(163 1)(164 1)(165 4)(167 1)(170 1)(171 3)(178 1)(179 1)(180 1)(182 3)(183 1)(184 1)(185 1)(186 2)(187 1)(190 1)(191 1)(192 1)(193 2)(194 3)(195 1)(196 2)(199 3)(200 1)(201 2)(202 1)(203 3)(204 2)(205 2)(206 1)(207 1)(208 1)(209 1)(210 1)(211 1)(213 1)(214 1)(216 1)(219 1)
