NUMBER OF AREAS : 2
---area label--- : 1
area size : 5
mean x : 87.00
mean y : 69.00
mean E_x^2 : 0.40
mean E_y^2 : 0.80
mean E_xy^2 : 0.40
theta : -0.51
average greyscal : 14.80
average RGB [11.80,16.00,17.80]
(2 1)(12 1)(16 1)(21 1)(23 1)
---area label--- : 2
area size : 775
mean x : 254.23
mean y : 223.54
mean E_x^2 : 128.61
mean E_y^2 : 63.85
mean E_xy^2 : 14.66
theta : 0.78
average greyscal : 47.19
average RGB [39.28,46.74,56.52]
(2 1)(4 2)(5 1)(6 1)(7 2)(8 1)(9 4)(10 2)(11 1)(12 5)(13 4)(15 7)(16 3)(17 6)(18 3)(19 11)(20 4)(21 9)(22 7)(23 10)(24 17)(25 15)(26 14)(27 10)(28 14)(29 10)(30 6)(31 18)(32 12)(33 20)(34 14)(35 12)(36 10)(37 21)(38 16)(39 18)(40 25)(41 10)(42 9)(43 11)(44 13)(45 23)(46 16)(47 23)(48 20)(49 16)(50 12)(51 17)(52 16)(53 12)(54 11)(55 13)(56 7)(57 9)(58 11)(59 8)(60 8)(61 12)(62 4)(63 5)(64 6)(65 6)(66 5)(67 2)(68 5)(69 9)(70 2)(71 4)(72 10)(73 6)(74 5)(75 4)(76 10)(77 1)(78 5)(79 4)(80 4)(81 4)(82 2)(83 4)(84 6)(85 3)(86 3)(87 6)(88 1)(89 3)(90 4)(91 4)(92 1)(93 1)(94 2)(95 4)(98 1)(99 1)(102 3)(104 1)(105 1)(106 1)(109 1)(116 1)(125 1)(126 2)(138 1)(142 1)(144 1)(145 1)
