NUMBER OF AREAS : 1
---area label--- : 1
area size : 553
mean x : 128.56
mean y : 155.90
mean E_x^2 : 300.11
mean E_y^2 : 37.70
mean E_xy^2 : 82.50
theta : 0.78
average greyscal : 58.48
average RGB [65.11,54.29,57.20]
(0 5)(1 9)(2 4)(3 4)(4 1)(5 6)(6 3)(7 4)(8 1)(9 3)(10 2)(11 2)(12 3)(13 3)(14 1)(15 2)(16 2)(17 5)(18 1)(19 1)(20 2)(21 6)(22 2)(23 8)(24 6)(25 3)(26 9)(27 7)(28 9)(29 5)(30 6)(31 9)(32 10)(33 12)(34 8)(35 8)(36 3)(37 7)(38 3)(39 3)(40 3)(41 6)(42 3)(43 6)(44 6)(45 6)(46 6)(47 4)(48 1)(49 5)(50 2)(51 11)(52 4)(53 9)(54 7)(55 5)(56 7)(57 3)(58 6)(59 5)(60 7)(61 9)(62 5)(63 11)(64 11)(65 10)(66 14)(67 12)(68 11)(69 6)(70 7)(71 8)(72 2)(73 6)(74 4)(75 7)(76 4)(77 1)(78 2)(79 3)(80 2)(81 4)(84 5)(85 4)(86 3)(87 1)(88 1)(89 5)(90 2)(91 1)(92 4)(93 3)(94 2)(95 2)(97 3)(98 1)(99 1)(101 3)(102 3)(104 3)(105 6)(106 3)(107 1)(109 2)(110 4)(111 2)(112 4)(113 2)(115 3)(116 1)(117 1)(118 2)(120 2)(121 2)(124 1)(125 1)(128 1)(130 3)(132 3)(137 1)(139 1)(140 2)(141 1)(142 1)(144 1)(146 1)(150 3)(151 2)(152 1)(154 1)(158 1)(159 1)(162 1)(167 2)(168 1)(173 1)(191 1)
