NUMBER OF AREAS : 1
---area label--- : 1
area size : 586
mean x : 128.62
mean y : 154.87
mean E_x^2 : 276.30
mean E_y^2 : 44.27
mean E_xy^2 : 88.76
theta : 0.78
average greyscal : 58.25
average RGB [64.37,54.32,57.07]
(0 5)(1 4)(2 1)(3 2)(4 1)(5 5)(6 5)(7 5)(8 1)(9 2)(10 2)(12 2)(13 1)(14 3)(15 6)(16 3)(17 3)(18 1)(19 3)(20 2)(21 4)(22 2)(23 9)(24 4)(25 6)(26 7)(27 7)(28 7)(29 8)(30 7)(31 8)(32 10)(33 6)(34 9)(35 8)(36 9)(37 7)(38 10)(39 9)(40 4)(41 2)(42 7)(43 4)(44 4)(45 3)(46 8)(47 3)(48 5)(49 12)(50 11)(51 9)(52 8)(53 3)(54 11)(55 10)(56 7)(57 5)(58 5)(59 11)(60 6)(61 5)(62 14)(63 11)(64 9)(65 10)(66 11)(67 11)(68 6)(69 11)(70 8)(71 8)(72 5)(73 5)(74 4)(75 7)(76 3)(77 4)(78 4)(79 1)(80 5)(81 3)(82 2)(83 1)(84 3)(85 3)(86 3)(87 2)(88 4)(89 2)(90 1)(92 2)(93 5)(94 1)(95 1)(96 3)(97 4)(98 2)(99 1)(100 1)(101 3)(102 1)(103 2)(104 2)(105 1)(106 3)(108 4)(109 1)(110 2)(111 1)(112 3)(113 3)(114 1)(115 2)(116 2)(117 2)(118 1)(120 1)(121 2)(122 1)(123 1)(124 1)(125 1)(127 1)(128 3)(131 1)(136 2)(137 1)(138 1)(140 1)(142 1)(148 1)(149 2)(153 2)(154 1)(155 2)(156 2)(159 1)(164 1)(165 2)(167 1)(211 1)
