NUMBER OF AREAS : 3
---area label--- : 1
area size : 301
mean x : 91.05
mean y : 135.79
mean E_x^2 : 75.77
mean E_y^2 : 24.74
mean E_xy^2 : 34.97
theta : 0.78
average greyscal : 46.99
average RGB [53.31,41.39,47.44]
(0 9)(1 3)(2 3)(3 3)(4 3)(5 2)(6 3)(7 4)(8 1)(9 1)(10 2)(11 1)(12 2)(13 5)(14 1)(15 1)(16 5)(17 3)(18 9)(19 5)(20 3)(21 1)(22 3)(23 4)(24 6)(25 4)(26 2)(27 1)(28 5)(29 7)(30 6)(31 7)(32 6)(33 4)(34 6)(35 6)(36 3)(37 6)(38 4)(39 2)(40 5)(41 5)(42 2)(43 2)(44 5)(45 4)(46 4)(47 5)(48 6)(49 4)(50 3)(51 4)(52 3)(53 3)(55 4)(56 4)(57 6)(58 1)(59 3)(60 2)(61 1)(62 6)(63 4)(64 2)(65 1)(66 2)(68 1)(69 3)(70 3)(72 3)(77 1)(78 3)(79 1)(80 1)(81 1)(85 2)(87 1)(89 2)(91 1)(93 1)(94 2)(96 1)(98 1)(100 1)(101 3)(103 1)(106 3)(109 1)(110 1)(114 2)(116 1)(117 1)(121 3)(122 1)(128 1)(133 1)(137 1)(142 1)(144 1)(171 1)(175 1)(177 1)(185 1)(187 1)(191 1)(194 1)
---area label--- : 2
area size : 215
mean x : 145.64
mean y : 161.47
mean E_x^2 : 14.90
mean E_y^2 : 23.22
mean E_xy^2 : -3.95
theta : -0.78
average greyscal : 61.42
average RGB [63.93,60.22,61.10]
(4 1)(9 1)(14 1)(22 1)(24 1)(33 2)(36 2)(37 1)(38 1)(39 2)(40 4)(41 4)(42 2)(43 1)(44 6)(45 5)(46 4)(47 4)(48 4)(49 2)(50 3)(51 3)(52 5)(53 2)(54 3)(55 2)(56 8)(57 2)(58 4)(59 3)(60 9)(61 11)(62 5)(63 9)(64 9)(65 11)(66 9)(67 4)(68 8)(69 5)(70 7)(71 7)(72 6)(73 5)(74 1)(75 2)(76 2)(78 1)(80 1)(81 2)(83 1)(84 2)(86 1)(89 1)(92 1)(95 1)(96 1)(101 1)(103 2)(107 1)(109 1)(112 2)(118 1)(144 1)
---area label--- : 3
area size : 5
mean x : 89.00
mean y : 249.00
mean E_x^2 : 0.40
mean E_y^2 : 0.80
mean E_xy^2 : 0.40
theta : -0.51
average greyscal : 43.00
average RGB [41.20,31.60,57.00]
(8 1)(24 1)(36 1)(69 1)(78 1)
