NUMBER OF AREAS : 2
---area label--- : 1
area size : 44
mean x : 81.09
mean y : 84.59
mean E_x^2 : 7.22
mean E_y^2 : 2.97
mean E_xy^2 : 2.74
theta : 0.74
average greyscal : 25.55
average RGB [25.36,23.41,28.84]
(4 2)(6 1)(8 1)(9 1)(10 2)(15 1)(16 1)(17 1)(18 1)(19 1)(20 2)(21 1)(22 2)(23 2)(24 2)(25 1)(26 1)(27 2)(28 1)(29 1)(30 1)(31 1)(32 1)(33 2)(34 2)(35 5)(37 1)(39 1)(40 1)(48 1)(61 1)
---area label--- : 2
area size : 630
mean x : 160.06
mean y : 113.56
mean E_x^2 : 120.84
mean E_y^2 : 66.30
mean E_xy^2 : 67.48
theta : 0.78
average greyscal : 51.89
average RGB [44.56,50.47,61.65]
(0 2)(1 1)(2 1)(3 3)(4 2)(5 6)(6 1)(7 3)(8 1)(10 1)(11 4)(12 3)(13 3)(14 4)(15 2)(16 2)(17 1)(18 2)(19 5)(20 7)(21 2)(22 3)(23 9)(24 5)(25 12)(26 9)(27 11)(28 9)(29 8)(30 14)(31 14)(32 25)(33 15)(34 10)(35 14)(36 7)(37 13)(38 5)(39 7)(40 5)(41 6)(42 3)(43 4)(44 6)(45 10)(46 7)(47 13)(48 9)(49 12)(50 15)(51 7)(52 2)(53 9)(54 11)(55 14)(56 12)(57 7)(58 9)(59 11)(60 5)(61 12)(62 8)(63 12)(64 8)(65 12)(66 9)(67 6)(68 6)(69 7)(70 7)(71 7)(72 4)(73 5)(74 2)(75 4)(77 6)(78 6)(79 3)(80 4)(81 3)(82 2)(83 3)(84 3)(85 5)(86 2)(87 3)(88 1)(89 4)(90 1)(91 2)(92 2)(93 2)(95 1)(96 3)(97 2)(98 3)(99 1)(100 1)(102 3)(103 1)(104 2)(106 1)(109 1)(110 1)(111 1)(114 1)(115 1)(116 1)(117 1)(121 1)(123 3)(128 1)(129 3)(135 1)(138 1)(141 1)(145 2)(147 1)(150 2)(153 1)(160 1)(161 1)(165 1)(170 1)
