NUMBER OF AREAS : 1
---area label--- : 1
area size : 699
mean x : 204.61
mean y : 161.83
mean E_x^2 : 126.33
mean E_y^2 : 65.99
mean E_xy^2 : 56.53
theta : 0.78
average greyscal : 48.00
average RGB [40.62,46.93,57.50]
(1 1)(2 1)(4 1)(5 2)(6 3)(7 1)(8 1)(9 1)(11 4)(12 5)(14 4)(15 2)(16 2)(17 5)(18 6)(19 5)(20 9)(21 8)(22 2)(23 5)(24 8)(25 10)(26 16)(27 21)(28 13)(29 15)(30 15)(31 12)(32 14)(33 18)(34 17)(35 8)(36 5)(37 13)(38 14)(39 14)(40 14)(41 18)(42 16)(43 19)(44 17)(45 12)(46 10)(47 17)(48 13)(49 12)(50 12)(51 17)(52 16)(53 10)(54 5)(55 13)(56 6)(57 9)(58 4)(59 8)(60 4)(61 7)(62 7)(63 9)(64 5)(65 2)(66 7)(67 5)(68 3)(69 2)(70 5)(71 4)(72 5)(73 2)(74 1)(75 5)(76 2)(77 5)(78 4)(79 6)(80 6)(81 7)(82 1)(83 3)(85 2)(86 1)(88 5)(89 4)(90 3)(91 3)(92 3)(93 3)(94 2)(96 4)(97 4)(98 3)(99 1)(100 2)(102 2)(103 1)(104 1)(105 3)(106 1)(107 1)(108 1)(109 2)(110 2)(113 1)(115 1)(117 1)(123 1)(127 1)(131 1)(134 1)(135 1)(145 1)
