NUMBER OF AREAS : 2
---area label--- : 1
area size : 227
mean x : 145.75
mean y : 161.45
mean E_x^2 : 16.01
mean E_y^2 : 23.40
mean E_xy^2 : -3.90
theta : -0.78
average greyscal : 61.96
average RGB [62.97,59.19,64.66]
(2 1)(7 1)(19 1)(23 1)(25 1)(34 1)(36 2)(37 2)(38 1)(39 6)(40 3)(41 4)(42 1)(43 2)(44 7)(45 3)(46 7)(47 5)(48 2)(49 1)(50 1)(51 3)(52 7)(53 5)(54 10)(55 6)(56 3)(57 5)(58 2)(59 4)(60 8)(61 10)(62 9)(63 6)(64 8)(65 7)(66 11)(67 8)(68 5)(69 10)(70 2)(71 2)(72 2)(73 4)(74 2)(75 1)(76 1)(77 2)(80 2)(81 1)(82 1)(83 1)(84 3)(85 1)(87 1)(89 1)(90 1)(91 2)(93 1)(94 1)(95 1)(97 2)(98 2)(101 1)(104 1)(106 1)(108 1)(109 1)(110 2)(124 1)(140 1)(142 1)
---area label--- : 2
area size : 435
mean x : 129.45
mean y : 189.60
mean E_x^2 : 120.83
mean E_y^2 : 25.13
mean E_xy^2 : 39.95
theta : 0.78
average greyscal : 75.27
average RGB [89.55,69.71,67.59]
(1 2)(3 3)(4 6)(5 1)(6 2)(7 3)(8 2)(9 3)(12 2)(13 3)(14 4)(17 2)(18 3)(19 2)(20 2)(21 7)(22 3)(23 4)(24 3)(25 2)(26 3)(27 2)(28 1)(29 2)(30 2)(31 4)(32 3)(33 4)(34 3)(35 3)(36 3)(37 8)(38 4)(39 2)(40 3)(41 8)(42 6)(43 5)(44 1)(45 4)(46 6)(47 2)(48 6)(49 8)(50 6)(51 3)(52 4)(53 4)(54 3)(55 7)(56 5)(57 8)(58 2)(59 7)(60 2)(61 3)(62 4)(63 5)(64 7)(65 6)(66 2)(67 3)(68 5)(69 3)(70 8)(71 5)(72 5)(73 5)(74 8)(75 6)(76 3)(77 5)(78 4)(79 2)(80 4)(81 4)(82 3)(83 3)(84 2)(86 4)(87 4)(88 3)(89 2)(91 4)(93 3)(94 1)(95 2)(96 1)(97 1)(98 2)(100 2)(101 2)(102 2)(103 2)(105 1)(106 4)(110 1)(111 1)(113 2)(115 2)(116 2)(117 2)(120 1)(121 1)(122 1)(124 3)(127 1)(128 2)(129 1)(130 1)(131 2)(133 1)(135 1)(137 1)(139 1)(140 1)(142 1)(143 2)(145 2)(146 2)(147 2)(148 1)(149 1)(150 1)(152 3)(155 1)(156 1)(157 1)(158 1)(160 1)(163 1)(166 1)(168 1)(171 2)(172 1)(175 1)(176 1)(177 2)(178 1)(180 2)(181 2)(183 1)(186 1)(189 1)(191 1)(192 1)(194 1)(195 1)(196 2)(200 1)(201 1)(208 1)(209 1)(211 2)(216 1)(219 2)(224 1)(237 1)(239 1)(244 2)(245 1)
