NUMBER OF AREAS : 4
---area label--- : 1
area size : 120
mean x : 83.54
mean y : 98.18
mean E_x^2 : 22.60
mean E_y^2 : 28.38
mean E_xy^2 : 20.68
theta : -0.78
average greyscal : 43.23
average RGB [45.79,39.32,45.62]
(1 1)(2 4)(3 3)(4 2)(5 2)(6 1)(8 2)(10 3)(11 2)(12 3)(13 1)(14 1)(15 2)(16 3)(18 3)(19 1)(20 2)(21 5)(23 1)(24 2)(25 2)(26 1)(28 1)(30 1)(31 2)(32 1)(33 1)(35 1)(36 2)(38 2)(39 5)(40 2)(41 3)(42 2)(43 2)(45 2)(46 2)(47 2)(48 2)(50 1)(51 3)(53 1)(54 3)(55 1)(56 3)(57 1)(60 1)(63 1)(66 1)(71 1)(73 1)(74 3)(80 1)(81 1)(86 1)(87 1)(91 1)(95 1)(96 1)(97 1)(99 1)(103 1)(105 1)(108 1)(110 1)(111 1)(113 1)(115 1)(117 1)(152 1)(165 1)
---area label--- : 2
area size : 5
mean x : 69.00
mean y : 90.00
mean E_x^2 : 0.40
mean E_y^2 : 0.80
mean E_xy^2 : 0.40
theta : -0.51
average greyscal : 34.60
average RGB [38.40,34.80,31.80]
(5 1)(37 1)(40 1)(41 1)(50 1)
---area label--- : 3
area size : 817
mean x : 215.16
mean y : 202.26
mean E_x^2 : 203.02
mean E_y^2 : 45.77
mean E_xy^2 : 58.83
theta : 0.78
average greyscal : 55.06
average RGB [47.13,54.69,64.40]
(3 1)(6 4)(8 1)(9 2)(10 1)(11 2)(13 3)(14 5)(15 3)(16 4)(17 5)(18 4)(19 10)(20 6)(21 7)(22 6)(23 5)(24 12)(25 8)(26 12)(27 12)(28 16)(29 8)(30 6)(31 15)(32 10)(33 19)(34 14)(35 9)(36 3)(37 4)(38 15)(39 11)(40 8)(41 8)(42 11)(43 9)(44 11)(45 8)(46 16)(47 26)(48 17)(49 16)(50 13)(51 9)(52 16)(53 14)(54 8)(55 16)(56 16)(57 10)(58 19)(59 12)(60 20)(61 17)(62 8)(63 13)(64 9)(65 5)(66 9)(67 12)(68 10)(69 13)(70 9)(71 6)(72 4)(73 7)(74 5)(75 6)(76 5)(77 7)(78 3)(79 6)(80 3)(81 6)(82 8)(83 8)(84 5)(85 4)(86 4)(87 4)(88 3)(89 3)(90 6)(91 9)(92 4)(93 4)(94 4)(95 2)(96 3)(97 2)(98 6)(99 6)(100 3)(101 2)(102 1)(103 4)(104 4)(106 2)(108 1)(109 1)(110 4)(111 1)(112 1)(113 1)(116 2)(117 1)(118 1)(123 1)(129 1)(136 1)(138 1)(139 1)(140 1)(144 2)(148 2)(150 1)(151 1)(163 1)(167 1)
---area label--- : 4
area size : 5
mean x : 196.00
mean y : 214.00
mean E_x^2 : 0.40
mean E_y^2 : 0.80
mean E_xy^2 : 0.40
theta : -0.51
average greyscal : 91.40
average RGB [92.40,92.80,91.00]
(34 1)(55 1)(92 1)(137 1)(139 1)
