NUMBER OF AREAS : 3
---area label--- : 1
area size : 148
mean x : 87.68
mean y : 117.59
mean E_x^2 : 34.49
mean E_y^2 : 14.70
mean E_xy^2 : 18.81
theta : 0.78
average greyscal : 36.43
average RGB [39.25,32.01,39.05]
(0 2)(1 1)(2 1)(3 3)(4 2)(5 2)(6 2)(7 1)(9 2)(11 2)(12 2)(13 1)(14 1)(15 2)(17 1)(18 1)(19 2)(20 1)(22 3)(23 2)(24 5)(25 4)(26 5)(27 3)(28 4)(29 3)(30 7)(31 6)(32 4)(33 3)(34 3)(35 3)(36 2)(37 7)(38 1)(39 1)(40 4)(41 2)(42 2)(43 4)(44 1)(45 1)(46 3)(48 1)(49 4)(50 3)(51 1)(53 1)(55 3)(56 2)(57 1)(58 3)(62 3)(63 1)(64 1)(66 1)(68 1)(77 1)(84 1)(90 1)(91 1)(95 1)(99 1)(102 1)(105 1)(109 1)(118 1)
---area label--- : 2
area size : 217
mean x : 145.71
mean y : 161.46
mean E_x^2 : 15.26
mean E_y^2 : 23.04
mean E_xy^2 : -4.05
theta : -0.78
average greyscal : 62.74
average RGB [64.31,60.78,64.06]
(6 1)(7 1)(15 1)(25 2)(28 1)(29 1)(33 1)(34 1)(36 2)(37 1)(38 1)(40 1)(41 3)(42 1)(43 2)(44 3)(45 2)(46 4)(47 8)(48 5)(49 1)(50 2)(51 2)(52 5)(53 4)(54 5)(55 4)(56 5)(57 1)(58 6)(59 4)(60 7)(61 7)(62 6)(63 8)(64 11)(65 10)(66 10)(67 8)(68 6)(69 6)(70 8)(71 8)(72 4)(73 5)(74 3)(75 2)(76 2)(77 2)(79 1)(81 2)(82 2)(85 2)(87 1)(88 2)(89 1)(102 1)(104 1)(105 1)(106 3)(107 2)(112 1)(113 1)(121 1)(148 1)
---area label--- : 3
area size : 5
mean x : 89.00
mean y : 249.00
mean E_x^2 : 0.40
mean E_y^2 : 0.80
mean E_xy^2 : 0.40
theta : -0.51
average greyscal : 34.20
average RGB [28.20,34.20,42.20]
(9 1)(15 1)(37 1)(52 1)(58 1)
