NUMBER OF AREAS : 3
---area label--- : 1
area size : 22
mean x : 81.86
mean y : 77.50
mean E_x^2 : 2.85
mean E_y^2 : 2.34
mean E_xy^2 : 1.84
theta : 0.77
average greyscal : 23.91
average RGB [26.09,21.95,24.86]
(6 1)(8 1)(10 1)(11 2)(12 1)(16 1)(18 1)(23 2)(25 2)(26 2)(28 2)(29 1)(33 1)(37 1)(39 2)(53 1)
---area label--- : 2
area size : 5
mean x : 138.00
mean y : 84.00
mean E_x^2 : 0.40
mean E_y^2 : 0.80
mean E_xy^2 : 0.40
theta : -0.51
average greyscal : 57.20
average RGB [67.80,51.60,53.40]
(26 1)(42 1)(47 1)(71 1)(100 1)
---area label--- : 3
area size : 648
mean x : 156.06
mean y : 111.86
mean E_x^2 : 162.23
mean E_y^2 : 67.87
mean E_xy^2 : 86.43
theta : 0.78
average greyscal : 53.48
average RGB [46.05,52.04,63.32]
(0 3)(2 1)(3 3)(4 2)(5 2)(6 5)(7 1)(8 2)(10 3)(11 2)(12 3)(13 4)(14 4)(15 4)(16 2)(17 3)(18 3)(19 7)(20 5)(21 3)(22 4)(23 4)(24 11)(25 8)(26 9)(27 5)(28 17)(29 7)(30 14)(31 17)(32 14)(33 15)(34 13)(35 8)(36 8)(37 8)(38 11)(39 8)(40 8)(41 6)(42 8)(43 7)(44 6)(45 9)(46 7)(47 10)(48 9)(49 7)(50 7)(51 4)(52 5)(53 13)(54 8)(55 5)(56 9)(57 9)(58 11)(59 6)(60 9)(61 7)(62 10)(63 8)(64 17)(65 10)(66 9)(67 9)(68 5)(69 7)(70 4)(71 12)(72 2)(73 7)(74 2)(75 7)(76 2)(77 3)(78 5)(79 5)(80 8)(81 4)(82 4)(83 3)(84 2)(85 3)(86 4)(87 3)(88 6)(89 1)(90 5)(91 3)(92 6)(93 3)(94 4)(95 2)(96 3)(97 2)(99 2)(100 3)(101 3)(102 5)(103 3)(107 1)(108 2)(109 1)(111 2)(112 1)(114 2)(115 1)(116 2)(117 1)(119 2)(121 1)(123 1)(124 1)(125 1)(127 1)(140 1)(143 2)(145 1)(160 1)(162 1)(163 1)(171 1)(178 1)
