NUMBER OF AREAS : 3
---area label--- : 1
area size : 14
mean x : 91.50
mean y : 70.50
mean E_x^2 : 1.96
mean E_y^2 : 2.54
mean E_xy^2 : 1.96
theta : -0.76
average greyscal : 21.43
average RGB [20.14,21.79,23.86]
(5 1)(6 1)(11 1)(13 1)(18 1)(20 1)(22 1)(23 2)(24 1)(26 1)(33 1)(34 1)(42 1)
---area label--- : 2
area size : 222
mean x : 145.82
mean y : 161.34
mean E_x^2 : 15.38
mean E_y^2 : 24.21
mean E_xy^2 : -4.67
theta : -0.78
average greyscal : 63.80
average RGB [67.13,61.01,64.12]
(3 1)(7 1)(19 1)(21 1)(26 1)(27 1)(31 1)(32 2)(33 1)(36 2)(38 1)(39 2)(43 2)(44 2)(45 3)(46 2)(47 6)(48 3)(49 11)(50 4)(51 6)(52 3)(53 6)(54 5)(55 3)(56 2)(57 4)(58 6)(59 3)(60 4)(61 6)(62 5)(63 5)(64 10)(65 9)(66 7)(67 8)(68 7)(69 8)(70 5)(71 4)(72 5)(73 6)(74 8)(75 4)(76 2)(77 1)(78 2)(79 4)(80 1)(81 1)(82 2)(83 1)(84 1)(90 1)(92 1)(93 1)(94 1)(96 1)(98 1)(100 3)(101 1)(102 1)(106 1)(107 1)(109 2)(111 1)(112 2)(117 1)(151 1)
---area label--- : 3
area size : 5
mean x : 89.00
mean y : 249.00
mean E_x^2 : 0.40
mean E_y^2 : 0.80
mean E_xy^2 : 0.40
theta : -0.51
average greyscal : 25.60
average RGB [44.80,22.60,11.20]
(11 2)(14 1)(16 1)(76 1)
