NUMBER OF AREAS : 2
---area label--- : 1
area size : 576
mean x : 189.15
mean y : 204.85
mean E_x^2 : 112.96
mean E_y^2 : 39.00
mean E_xy^2 : -2.94
theta : 0.78
average greyscal : 100.69
average RGB [96.73,98.82,107.45]
(3 1)(4 2)(6 3)(7 1)(10 2)(11 2)(12 4)(14 2)(15 2)(16 2)(17 3)(18 3)(19 1)(20 2)(22 3)(23 3)(24 2)(25 4)(26 2)(27 2)(28 6)(29 2)(30 3)(31 3)(32 7)(33 3)(34 11)(35 7)(36 6)(37 5)(38 3)(39 4)(40 4)(41 6)(42 2)(43 3)(44 3)(45 2)(46 4)(47 1)(48 1)(50 2)(51 4)(52 1)(53 2)(54 5)(55 3)(57 1)(58 2)(59 3)(61 4)(63 1)(64 3)(65 6)(66 5)(67 3)(68 1)(69 1)(70 1)(71 5)(72 8)(73 3)(74 7)(75 7)(76 1)(77 4)(78 6)(79 3)(80 4)(81 5)(82 8)(83 6)(84 4)(85 1)(86 4)(87 4)(88 3)(89 6)(90 4)(91 5)(92 4)(93 1)(94 4)(95 6)(96 4)(97 1)(99 1)(100 1)(101 5)(102 4)(103 4)(104 4)(105 5)(106 2)(107 2)(108 2)(109 7)(110 7)(111 2)(112 4)(113 2)(114 1)(115 5)(116 2)(117 2)(118 3)(120 4)(121 1)(122 2)(123 2)(124 2)(125 1)(126 1)(127 3)(128 1)(129 1)(130 4)(131 4)(132 3)(134 3)(135 2)(136 1)(137 4)(138 2)(139 3)(140 4)(141 3)(142 2)(143 1)(144 4)(146 5)(147 4)(148 1)(149 4)(150 12)(151 4)(152 6)(153 4)(154 6)(155 1)(156 1)(157 4)(158 7)(159 7)(160 3)(161 2)(162 1)(163 4)(164 3)(165 2)(166 2)(167 8)(168 3)(170 1)(171 2)(172 2)(173 3)(174 2)(175 2)(176 2)(177 2)(179 4)(182 1)(184 2)(185 2)(187 1)(188 1)(190 1)(191 1)(192 1)(194 3)(196 2)(197 1)(198 1)(199 3)(207 1)(208 1)(210 1)(211 1)(212 2)(213 1)(214 1)(216 1)(217 1)(218 1)(219 1)(225 1)(226 1)(227 1)(230 1)(237 1)(241 2)(245 1)(251 1)
---area label--- : 2
area size : 34
mean x : 161.00
mean y : 194.85
mean E_x^2 : 6.24
mean E_y^2 : 1.71
mean E_xy^2 : -0.68
theta : 0.68
average greyscal : 94.44
average RGB [126.12,81.62,76.76]
(13 2)(18 1)(22 1)(40 1)(43 1)(53 1)(58 1)(68 1)(74 1)(76 2)(87 1)(88 1)(99 1)(102 1)(104 2)(109 1)(110 1)(112 2)(115 1)(118 1)(119 1)(123 1)(125 1)(133 1)(134 1)(136 1)(152 1)(154 1)(160 1)(161 1)
