NUMBER OF AREAS : 3
---area label--- : 1
area size : 12
mean x : 70.00
mean y : 84.50
mean E_x^2 : 1.17
mean E_y^2 : 0.92
mean E_xy^2 : -0.08
theta : 0.73
average greyscal : 29.25
average RGB [33.75,29.58,25.83]
(18 1)(22 1)(25 1)(26 1)(29 1)(30 2)(31 2)(33 2)(43 1)
---area label--- : 2
area size : 136
mean x : 81.24
mean y : 92.05
mean E_x^2 : 26.02
mean E_y^2 : 16.49
mean E_xy^2 : 15.94
theta : 0.78
average greyscal : 37.26
average RGB [44.91,31.55,36.29]
(5 2)(8 1)(10 2)(11 1)(12 1)(14 1)(15 1)(16 2)(17 1)(18 1)(19 2)(20 3)(21 3)(22 1)(23 1)(24 3)(25 3)(26 4)(27 6)(28 5)(30 2)(31 4)(32 3)(33 9)(34 6)(35 4)(36 4)(37 4)(38 6)(39 5)(40 2)(41 1)(43 2)(44 3)(45 4)(46 3)(47 4)(48 2)(49 1)(50 3)(52 2)(53 1)(56 1)(57 1)(58 1)(61 1)(62 4)(70 1)(72 1)(73 1)(80 1)(82 1)(89 2)(90 1)(94 1)
---area label--- : 3
area size : 728
mean x : 194.73
mean y : 171.60
mean E_x^2 : 203.86
mean E_y^2 : 47.21
mean E_xy^2 : 66.51
theta : 0.78
average greyscal : 53.54
average RGB [44.55,51.92,65.16]
(4 1)(6 1)(8 1)(10 1)(11 3)(13 1)(14 6)(16 6)(17 5)(18 6)(19 6)(20 4)(21 4)(22 3)(23 7)(24 8)(25 6)(26 13)(27 7)(28 19)(29 11)(30 19)(31 18)(32 22)(33 14)(34 11)(35 11)(36 10)(37 13)(38 11)(39 7)(40 13)(41 14)(42 7)(43 12)(44 2)(45 7)(46 9)(47 8)(48 11)(49 10)(50 9)(51 11)(52 6)(53 8)(54 6)(55 8)(56 11)(57 10)(58 12)(59 4)(60 17)(61 15)(62 11)(63 17)(64 10)(65 6)(66 9)(67 2)(68 14)(69 12)(70 18)(71 9)(72 9)(73 5)(74 11)(75 9)(76 5)(77 8)(78 10)(79 5)(80 3)(81 2)(82 7)(83 3)(84 6)(85 4)(86 5)(87 2)(88 5)(89 3)(90 1)(91 5)(92 2)(93 5)(97 4)(98 2)(99 3)(101 4)(102 1)(103 1)(104 1)(105 3)(106 1)(107 2)(108 1)(112 1)(115 1)(119 2)(122 2)(126 1)(127 1)(128 1)(134 1)(138 1)(142 2)(145 1)(148 1)(158 1)(172 1)
