NUMBER OF AREAS : 2
---area label--- : 1
area size : 545
mean x : 135.03
mean y : 153.94
mean E_x^2 : 122.83
mean E_y^2 : 55.67
mean E_xy^2 : 61.55
theta : 0.78
average greyscal : 56.32
average RGB [59.47,53.66,56.86]
(0 1)(1 2)(2 4)(3 2)(4 1)(5 1)(6 4)(7 1)(9 2)(11 1)(13 2)(14 2)(15 4)(16 2)(17 6)(18 2)(19 4)(20 4)(21 6)(22 2)(23 5)(24 6)(25 10)(26 8)(27 7)(28 8)(29 4)(30 9)(31 13)(32 7)(33 3)(34 3)(35 5)(36 1)(37 9)(38 6)(39 6)(40 6)(41 5)(42 3)(43 6)(44 4)(45 4)(46 8)(47 7)(48 13)(49 5)(50 6)(51 9)(52 8)(53 10)(54 5)(55 4)(56 2)(57 7)(58 4)(59 5)(60 9)(61 6)(62 7)(63 15)(64 11)(65 8)(66 7)(67 11)(68 9)(69 10)(70 12)(71 9)(72 7)(73 13)(74 7)(75 7)(76 8)(77 2)(78 5)(79 1)(80 3)(81 7)(82 3)(83 5)(84 1)(85 2)(86 4)(87 6)(88 3)(89 5)(90 4)(91 5)(92 3)(93 3)(94 2)(96 1)(97 4)(99 3)(100 2)(102 1)(103 2)(104 1)(105 2)(106 2)(109 2)(110 1)(112 1)(113 1)(114 2)(115 1)(117 3)(121 2)(122 1)(124 2)(125 2)(126 1)(130 1)(131 1)(134 1)(147 1)
---area label--- : 2
area size : 11
mean x : 124.00
mean y : 158.00
mean E_x^2 : 1.27
mean E_y^2 : 1.82
mean E_xy^2 : 1.27
theta : -0.73
average greyscal : 70.27
average RGB [78.91,63.09,69.45]
(31 1)(44 2)(47 1)(49 1)(68 1)(73 1)(97 1)(99 1)(106 1)(115 1)
