NUMBER OF AREAS : 1
---area label--- : 1
area size : 475
mean x : 147.96
mean y : 123.60
mean E_x^2 : 159.33
mean E_y^2 : 48.25
mean E_xy^2 : 75.40
theta : 0.78
average greyscal : 54.22
average RGB [49.17,52.10,62.28]
(0 1)(1 3)(2 1)(3 1)(4 1)(5 7)(7 2)(9 1)(10 5)(11 2)(12 3)(13 2)(14 3)(15 2)(16 2)(17 2)(18 5)(19 2)(20 5)(21 2)(22 8)(23 4)(24 6)(25 5)(26 6)(27 5)(28 4)(29 5)(30 7)(31 12)(32 13)(33 17)(34 12)(35 3)(36 4)(37 8)(38 3)(39 5)(40 2)(41 5)(42 5)(43 3)(44 4)(45 5)(46 8)(47 7)(48 7)(49 2)(50 4)(51 6)(52 7)(53 7)(54 9)(55 5)(56 6)(57 9)(58 6)(59 6)(60 2)(61 8)(62 5)(63 9)(64 6)(65 4)(66 4)(67 5)(68 6)(69 6)(70 2)(71 6)(72 2)(73 5)(74 4)(75 6)(76 5)(78 2)(79 3)(80 2)(81 4)(82 3)(83 6)(84 4)(85 5)(86 1)(87 1)(88 1)(89 1)(90 3)(91 4)(93 2)(94 4)(95 2)(96 3)(97 5)(98 2)(99 1)(100 1)(101 3)(102 2)(103 3)(104 3)(105 2)(106 1)(107 1)(108 1)(109 1)(111 2)(115 1)(116 2)(117 1)(119 1)(123 2)(124 1)(125 1)(126 1)(132 2)(135 1)(136 1)(137 1)(141 1)(142 1)(161 1)(182 1)
