NUMBER OF AREAS : 4
---area label--- : 1
area size : 5
mean x : 83.00
mean y : 93.00
mean E_x^2 : 0.40
mean E_y^2 : 0.80
mean E_xy^2 : 0.40
theta : -0.51
average greyscal : 48.80
average RGB [57.40,41.00,50.00]
(26 1)(43 1)(45 1)(56 1)(74 1)
---area label--- : 2
area size : 99
mean x : 84.64
mean y : 102.39
mean E_x^2 : 23.18
mean E_y^2 : 7.31
mean E_xy^2 : 9.63
theta : 0.76
average greyscal : 35.58
average RGB [35.32,34.90,37.46]
(0 1)(1 1)(2 3)(3 2)(5 2)(6 2)(7 3)(9 1)(10 2)(12 1)(13 1)(14 1)(16 2)(17 1)(18 4)(20 2)(21 1)(22 2)(23 3)(24 2)(25 3)(27 2)(28 3)(29 4)(30 4)(31 2)(32 2)(33 7)(34 2)(36 2)(39 2)(40 4)(46 1)(47 1)(50 1)(52 1)(56 2)(62 2)(63 1)(65 1)(67 1)(70 1)(71 1)(75 1)(77 1)(81 1)(83 1)(87 1)(95 1)(97 1)(99 1)(100 1)(101 1)(103 1)(106 1)
---area label--- : 3
area size : 886
mean x : 214.25
mean y : 200.59
mean E_x^2 : 159.93
mean E_y^2 : 66.75
mean E_xy^2 : 44.84
theta : 0.78
average greyscal : 48.39
average RGB [39.22,48.42,58.57]
(0 1)(1 2)(2 4)(3 2)(4 4)(5 4)(6 3)(8 3)(9 3)(10 2)(11 2)(12 1)(13 8)(14 6)(15 3)(16 6)(17 8)(18 5)(19 3)(20 8)(21 6)(22 6)(23 6)(24 13)(25 14)(26 16)(27 17)(28 20)(29 20)(30 20)(31 24)(32 16)(33 24)(34 15)(35 12)(36 15)(37 12)(38 9)(39 9)(40 16)(41 14)(42 8)(43 12)(44 13)(45 14)(46 16)(47 10)(48 15)(49 6)(50 21)(51 15)(52 14)(53 17)(54 19)(55 22)(56 16)(57 16)(58 12)(59 9)(60 19)(61 11)(62 13)(63 13)(64 10)(65 7)(66 7)(67 7)(68 8)(69 11)(70 12)(71 11)(72 3)(73 7)(74 9)(75 7)(76 5)(77 5)(78 5)(79 6)(80 4)(81 3)(82 2)(83 2)(84 1)(85 1)(86 2)(87 1)(88 1)(89 4)(90 2)(91 1)(92 2)(93 2)(94 1)(95 3)(96 6)(97 3)(98 2)(99 1)(101 2)(102 3)(103 1)(104 3)(105 2)(106 1)(108 1)(109 1)(110 3)(112 1)(115 2)(118 1)(122 1)(136 1)(158 1)(161 2)(165 1)(181 1)(184 1)
---area label--- : 4
area size : 5
mean x : 197.00
mean y : 211.00
mean E_x^2 : 0.40
mean E_y^2 : 0.80
mean E_xy^2 : 0.40
theta : -0.51
average greyscal : 114.00
average RGB [125.60,115.60,102.80]
(22 1)(120 1)(136 1)(145 1)(147 1)
