NUMBER OF AREAS : 3
---area label--- : 1
area size : 69
mean x : 86.23
mean y : 83.00
mean E_x^2 : 18.24
mean E_y^2 : 10.49
mean E_xy^2 : 12.23
theta : 0.78
average greyscal : 31.43
average RGB [34.36,28.81,32.26]
(0 1)(7 1)(11 1)(12 2)(13 2)(14 4)(15 2)(16 1)(17 1)(18 4)(19 3)(21 1)(22 2)(23 5)(25 2)(26 3)(27 3)(28 2)(29 2)(30 1)(31 1)(32 1)(33 1)(34 2)(35 2)(39 1)(40 2)(42 1)(50 1)(51 2)(52 1)(53 2)(56 1)(57 1)(58 1)(67 1)(72 1)(73 2)(79 1)(80 1)
---area label--- : 2
area size : 222
mean x : 145.80
mean y : 161.24
mean E_x^2 : 15.37
mean E_y^2 : 24.27
mean E_xy^2 : -4.92
theta : -0.78
average greyscal : 62.66
average RGB [66.12,61.41,61.50]
(1 1)(5 1)(13 1)(24 2)(29 1)(32 1)(33 1)(34 1)(35 1)(37 1)(38 1)(40 1)(41 4)(42 2)(43 2)(45 5)(46 2)(47 4)(48 8)(49 7)(51 2)(52 7)(53 7)(54 3)(55 6)(56 3)(57 3)(58 3)(59 3)(60 5)(61 12)(62 11)(63 11)(64 7)(65 15)(66 9)(67 8)(68 2)(69 5)(70 7)(71 7)(72 3)(73 2)(74 2)(75 1)(76 5)(78 1)(79 1)(81 1)(82 1)(84 1)(87 2)(88 1)(89 1)(90 1)(95 1)(96 1)(98 1)(99 1)(100 1)(103 1)(105 1)(107 1)(110 1)(112 2)(113 1)(114 1)(117 2)(144 1)
---area label--- : 3
area size : 5
mean x : 89.00
mean y : 249.00
mean E_x^2 : 0.40
mean E_y^2 : 0.80
mean E_xy^2 : 0.40
theta : -0.51
average greyscal : 28.00
average RGB [44.40,31.80,9.60]
(11 1)(14 1)(22 1)(25 1)(68 1)
