NUMBER OF AREAS : 2
---area label--- : 1
area size : 34
mean x : 82.44
mean y : 87.59
mean E_x^2 : 5.83
mean E_y^2 : 4.65
mean E_xy^2 : 4.30
theta : 0.77
average greyscal : 26.53
average RGB [23.91,26.41,30.32]
(9 1)(10 1)(12 2)(15 1)(16 2)(17 1)(18 1)(19 1)(20 1)(22 3)(23 1)(24 1)(25 1)(26 1)(27 5)(28 2)(30 1)(32 2)(39 1)(47 1)(48 1)(51 1)(52 2)
---area label--- : 2
area size : 561
mean x : 165.85
mean y : 120.10
mean E_x^2 : 106.44
mean E_y^2 : 75.43
mean E_xy^2 : 68.35
theta : 0.78
average greyscal : 51.98
average RGB [45.99,50.90,60.03]
(0 1)(1 3)(2 1)(3 2)(5 3)(6 1)(7 2)(8 1)(9 2)(10 3)(11 4)(12 4)(13 5)(14 1)(15 2)(16 7)(17 3)(18 5)(19 2)(20 6)(21 4)(22 4)(23 5)(24 6)(25 13)(26 6)(27 7)(28 8)(29 9)(30 15)(31 15)(32 11)(33 10)(34 8)(35 8)(36 11)(37 6)(38 3)(39 8)(40 6)(41 11)(42 7)(43 2)(44 4)(45 12)(46 7)(47 7)(48 5)(49 11)(50 3)(51 7)(52 12)(53 9)(54 10)(55 15)(56 9)(57 8)(58 6)(59 5)(60 16)(61 6)(62 6)(63 5)(64 6)(65 3)(66 8)(67 4)(68 6)(69 3)(70 8)(71 4)(72 5)(73 6)(74 4)(75 3)(76 2)(77 7)(78 2)(79 4)(80 2)(81 2)(82 1)(83 2)(84 4)(85 1)(86 4)(87 3)(88 3)(89 6)(90 3)(91 3)(92 1)(93 4)(95 3)(96 3)(98 2)(99 1)(102 3)(104 2)(111 2)(112 1)(113 1)(114 2)(115 1)(117 1)(118 1)(119 2)(120 1)(121 1)(124 3)(125 1)(126 1)(128 1)(132 1)(138 1)(142 2)(149 2)(155 2)(163 1)(180 1)
