NUMBER OF AREAS : 3
---area label--- : 1
area size : 64
mean x : 81.61
mean y : 90.98
mean E_x^2 : 12.18
mean E_y^2 : 3.86
mean E_xy^2 : 3.99
theta : 0.74
average greyscal : 32.66
average RGB [31.97,33.34,33.33]
(1 1)(3 1)(4 1)(5 1)(6 1)(7 1)(8 1)(9 1)(10 1)(11 2)(12 3)(13 3)(16 4)(17 1)(18 2)(21 1)(23 1)(24 2)(25 2)(26 3)(27 1)(28 1)(29 2)(30 1)(31 1)(35 1)(36 1)(37 1)(38 1)(40 1)(43 1)(48 2)(49 3)(52 1)(54 1)(56 1)(58 2)(62 1)(63 2)(65 1)(69 1)(77 1)(79 1)(81 1)(120 1)
---area label--- : 2
area size : 532
mean x : 175.99
mean y : 134.66
mean E_x^2 : 101.02
mean E_y^2 : 24.00
mean E_xy^2 : 22.08
theta : 0.78
average greyscal : 53.16
average RGB [46.26,53.79,60.49]
(1 1)(2 1)(3 1)(5 1)(6 1)(7 2)(8 2)(9 2)(10 3)(12 5)(13 3)(14 1)(15 1)(16 5)(17 3)(18 3)(19 5)(20 6)(21 3)(22 3)(23 5)(24 4)(25 2)(26 8)(27 8)(28 9)(29 4)(30 17)(31 12)(32 13)(33 10)(34 10)(35 8)(36 3)(37 7)(38 7)(39 9)(40 3)(41 4)(42 7)(43 5)(44 9)(45 4)(46 17)(47 7)(48 8)(49 8)(50 10)(51 11)(52 6)(53 16)(54 9)(55 12)(56 3)(57 12)(58 10)(59 10)(60 6)(61 9)(62 6)(63 7)(64 1)(65 4)(66 9)(67 5)(68 5)(69 2)(70 1)(71 2)(72 3)(73 8)(74 3)(75 3)(76 6)(77 5)(78 4)(79 1)(80 3)(81 2)(82 2)(83 1)(84 3)(85 3)(86 2)(89 2)(90 3)(91 4)(92 4)(93 4)(94 3)(95 2)(96 1)(97 3)(100 1)(101 2)(102 1)(103 2)(104 4)(105 2)(106 1)(107 1)(108 1)(109 4)(110 3)(112 1)(114 2)(115 1)(116 1)(117 1)(121 2)(127 4)(129 1)(131 1)(135 3)(139 1)(153 1)
---area label--- : 3
area size : 5
mean x : 174.00
mean y : 146.00
mean E_x^2 : 0.40
mean E_y^2 : 0.80
mean E_xy^2 : 0.40
theta : -0.51
average greyscal : 67.80
average RGB [70.40,62.00,72.00]
(45 1)(62 1)(67 1)(72 1)(93 1)
