NUMBER OF AREAS : 4
---area label--- : 1
area size : 5
mean x : 72.00
mean y : 101.00
mean E_x^2 : 0.40
mean E_y^2 : 0.80
mean E_xy^2 : 0.40
theta : -0.51
average greyscal : 23.60
average RGB [22.80,24.20,25.00]
(21 1)(23 1)(24 1)(25 2)
---area label--- : 2
area size : 122
mean x : 86.21
mean y : 110.71
mean E_x^2 : 26.76
mean E_y^2 : 12.89
mean E_xy^2 : 15.03
theta : 0.78
average greyscal : 39.66
average RGB [43.05,32.11,44.88]
(0 2)(3 1)(6 2)(7 4)(9 2)(11 2)(12 1)(13 2)(14 1)(15 2)(16 3)(19 1)(20 1)(21 3)(22 1)(23 2)(24 2)(25 1)(26 1)(27 1)(28 2)(29 3)(30 3)(31 3)(32 3)(33 2)(34 5)(35 4)(37 8)(38 3)(39 2)(40 3)(41 4)(42 2)(43 3)(44 3)(45 1)(46 2)(47 1)(48 1)(49 1)(50 1)(51 3)(52 2)(56 1)(60 2)(64 1)(65 1)(66 1)(68 1)(69 1)(72 1)(77 1)(78 1)(83 1)(87 1)(89 1)(95 1)(96 1)(99 2)(108 1)(110 2)(115 1)
---area label--- : 3
area size : 222
mean x : 145.84
mean y : 161.20
mean E_x^2 : 15.60
mean E_y^2 : 23.92
mean E_xy^2 : -4.93
theta : -0.78
average greyscal : 63.58
average RGB [66.74,61.98,62.80]
(2 1)(7 1)(16 1)(21 1)(23 1)(28 1)(34 1)(35 2)(36 1)(38 2)(40 5)(44 2)(45 1)(46 2)(47 6)(48 4)(49 5)(50 1)(51 7)(52 3)(53 6)(54 4)(55 3)(56 6)(57 5)(58 2)(59 8)(60 10)(61 5)(62 7)(63 15)(64 8)(65 10)(66 9)(67 7)(68 8)(69 6)(70 4)(71 7)(72 3)(73 3)(74 5)(75 3)(76 1)(77 2)(78 1)(80 1)(82 1)(84 2)(85 2)(87 1)(88 1)(95 2)(96 1)(97 1)(100 2)(102 2)(107 1)(108 2)(110 1)(111 3)(113 1)(115 1)(149 1)
---area label--- : 4
area size : 5
mean x : 89.00
mean y : 249.00
mean E_x^2 : 0.40
mean E_y^2 : 0.80
mean E_xy^2 : 0.40
theta : -0.51
average greyscal : 30.20
average RGB [30.40,36.80,24.20]
(1 1)(16 1)(20 1)(44 1)(70 1)
