NUMBER OF AREAS : 3
---area label--- : 1
area size : 8
mean x : 77.50
mean y : 86.00
mean E_x^2 : 0.75
mean E_y^2 : 0.75
mean E_xy^2 : 0.38
theta : 0.79
average greyscal : 46.75
average RGB [49.00,41.00,50.50]
(30 1)(38 1)(41 1)(48 2)(50 1)(55 1)(64 1)
---area label--- : 2
area size : 72
mean x : 82.50
mean y : 94.10
mean E_x^2 : 12.22
mean E_y^2 : 5.92
mean E_xy^2 : 3.70
theta : 0.76
average greyscal : 41.83
average RGB [41.44,40.08,44.69]
(0 3)(1 2)(2 1)(4 1)(5 2)(6 2)(7 2)(8 1)(9 4)(10 2)(11 5)(13 2)(14 1)(15 1)(16 4)(17 1)(18 1)(19 1)(23 1)(27 1)(29 1)(32 1)(34 1)(39 2)(44 1)(46 1)(47 1)(48 1)(52 1)(55 2)(56 3)(59 2)(61 2)(67 1)(73 1)(96 1)(97 2)(103 1)(122 1)(124 3)(125 1)(131 1)(134 1)(137 1)(144 1)
---area label--- : 3
area size : 631
mean x : 187.32
mean y : 152.96
mean E_x^2 : 134.89
mean E_y^2 : 41.69
mean E_xy^2 : 39.88
theta : 0.78
average greyscal : 51.20
average RGB [45.08,49.52,60.04]
(3 1)(4 2)(5 2)(6 2)(7 1)(8 2)(9 1)(10 1)(11 2)(12 2)(13 4)(15 1)(16 6)(17 2)(18 1)(19 4)(20 3)(21 5)(22 8)(23 4)(24 5)(25 10)(26 5)(27 17)(28 15)(29 10)(30 12)(31 14)(32 13)(33 14)(34 22)(35 14)(36 9)(37 13)(38 11)(39 14)(40 10)(41 11)(42 11)(43 8)(44 11)(45 9)(46 7)(47 11)(48 14)(49 12)(50 7)(51 4)(52 8)(53 10)(54 10)(55 7)(56 14)(57 9)(58 9)(59 4)(60 8)(61 11)(62 6)(63 5)(64 6)(65 3)(66 6)(67 8)(68 7)(69 4)(70 6)(71 6)(72 4)(73 7)(74 1)(75 8)(76 4)(77 5)(78 6)(79 6)(80 1)(81 1)(82 4)(83 6)(84 2)(85 7)(86 2)(87 3)(89 2)(90 2)(91 6)(92 2)(93 2)(96 4)(98 1)(99 1)(100 1)(102 1)(104 1)(105 3)(107 1)(108 1)(112 1)(113 1)(120 1)(123 1)(124 1)(127 2)(128 2)(130 1)(137 1)(139 1)(140 1)(141 1)(143 1)(153 1)(155 1)(160 1)(163 1)(165 1)(166 1)(172 1)
