NUMBER OF AREAS : 1
---area label--- : 1
area size : 802
mean x : 219.96
mean y : 177.07
mean E_x^2 : 117.39
mean E_y^2 : 40.45
mean E_xy^2 : 17.31
theta : 0.78
average greyscal : 49.98
average RGB [43.75,48.34,58.81]
(3 1)(5 1)(6 1)(7 1)(9 4)(10 4)(11 1)(12 3)(13 2)(14 3)(15 2)(17 3)(18 3)(19 1)(20 4)(21 6)(22 6)(23 9)(24 8)(25 7)(26 25)(27 13)(28 8)(29 15)(30 17)(31 23)(32 20)(33 24)(34 16)(35 8)(36 9)(37 16)(38 12)(39 7)(40 20)(41 18)(42 14)(43 16)(44 5)(45 10)(46 27)(47 22)(48 15)(49 16)(50 16)(51 19)(52 12)(53 13)(54 15)(55 14)(56 10)(57 11)(58 15)(59 7)(60 13)(61 8)(62 8)(63 9)(64 6)(65 9)(66 4)(67 9)(68 8)(69 8)(70 3)(71 5)(72 9)(73 6)(74 11)(75 4)(76 10)(77 6)(78 5)(79 7)(80 3)(81 3)(82 6)(83 7)(84 4)(85 2)(88 4)(89 3)(90 3)(92 4)(93 2)(94 2)(95 1)(96 1)(97 2)(101 2)(102 3)(103 1)(105 3)(106 1)(107 1)(108 1)(111 3)(112 1)(115 1)(117 1)(118 3)(121 1)(125 1)(128 1)(133 1)(138 2)(145 1)(150 1)
