NUMBER OF AREAS : 1
---area label--- : 1
area size : 356
mean x : 97.28
mean y : 116.83
mean E_x^2 : 67.46
mean E_y^2 : 42.67
mean E_xy^2 : 37.63
theta : 0.78
average greyscal : 61.05
average RGB [68.25,57.54,58.40]
(0 5)(1 4)(2 6)(3 3)(4 3)(5 4)(6 3)(7 1)(8 3)(10 3)(11 2)(12 3)(13 1)(14 3)(15 3)(16 2)(17 3)(18 1)(21 1)(23 1)(24 2)(25 3)(26 3)(28 1)(29 2)(30 3)(32 1)(33 5)(34 3)(35 1)(36 3)(37 4)(38 2)(39 4)(40 2)(41 3)(42 2)(43 4)(44 5)(45 5)(46 7)(47 7)(48 3)(49 3)(50 3)(51 4)(52 4)(53 10)(54 2)(55 2)(56 3)(57 4)(58 3)(59 8)(60 5)(61 6)(62 5)(63 8)(64 6)(65 7)(66 9)(67 8)(68 6)(69 8)(70 4)(71 4)(72 7)(73 5)(74 1)(75 4)(76 3)(77 1)(78 2)(80 1)(81 2)(82 2)(83 1)(84 2)(85 1)(87 3)(88 4)(89 2)(90 1)(92 2)(93 3)(94 4)(95 2)(96 1)(97 1)(99 1)(102 2)(103 4)(105 2)(106 2)(107 1)(112 4)(113 1)(114 1)(115 2)(117 1)(119 1)(121 2)(124 1)(125 2)(129 1)(132 1)(138 1)(139 1)(142 1)(143 1)(144 1)(145 1)(148 2)(151 1)(155 1)(158 1)(159 1)(162 2)(166 1)(168 1)(170 1)(171 2)(174 1)
