NUMBER OF AREAS : 3
---area label--- : 1
area size : 157
mean x : 81.66
mean y : 95.66
mean E_x^2 : 50.53
mean E_y^2 : 20.68
mean E_xy^2 : 29.32
theta : 0.78
average greyscal : 39.32
average RGB [44.24,35.43,39.35]
(1 2)(3 4)(4 3)(7 1)(8 1)(10 2)(11 2)(13 2)(14 1)(15 2)(16 1)(17 2)(18 6)(19 1)(20 1)(21 2)(22 2)(23 1)(24 4)(25 8)(26 4)(27 5)(29 3)(30 2)(31 6)(32 5)(33 1)(35 4)(36 2)(37 1)(38 3)(39 1)(40 2)(41 5)(42 3)(43 1)(45 4)(46 6)(47 2)(48 5)(49 1)(50 1)(51 6)(53 2)(54 5)(55 3)(57 1)(58 2)(60 2)(62 2)(63 1)(64 1)(65 1)(66 1)(67 1)(68 1)(72 1)(75 1)(81 1)(86 1)(90 1)(93 1)(98 1)(99 1)(100 1)(102 1)(117 2)(122 1)
---area label--- : 2
area size : 223
mean x : 145.77
mean y : 161.25
mean E_x^2 : 15.50
mean E_y^2 : 24.17
mean E_xy^2 : -4.95
theta : -0.78
average greyscal : 64.38
average RGB [65.41,62.27,66.34]
(0 1)(5 1)(11 1)(21 1)(24 1)(30 1)(31 1)(34 1)(38 2)(40 1)(41 3)(42 4)(44 4)(45 2)(46 3)(47 5)(48 6)(49 4)(51 7)(52 7)(53 5)(54 2)(55 2)(56 5)(57 4)(58 4)(59 2)(60 8)(61 6)(62 4)(63 11)(64 9)(65 8)(66 9)(67 5)(68 10)(69 5)(70 8)(71 7)(72 8)(73 5)(74 3)(75 1)(76 3)(77 2)(78 1)(79 1)(80 2)(81 2)(83 2)(85 1)(86 1)(88 1)(90 1)(95 1)(97 2)(99 1)(100 2)(105 1)(108 1)(109 2)(110 1)(111 1)(112 1)(114 1)(115 1)(116 1)(119 1)(135 1)(149 1)
---area label--- : 3
area size : 5
mean x : 89.00
mean y : 249.00
mean E_x^2 : 0.40
mean E_y^2 : 0.80
mean E_xy^2 : 0.40
theta : -0.51
average greyscal : 26.40
average RGB [30.80,35.60,14.00]
(8 1)(12 1)(15 1)(40 1)(57 1)
