NUMBER OF AREAS : 2
---area label--- : 1
area size : 221
mean x : 145.74
mean y : 161.22
mean E_x^2 : 15.40
mean E_y^2 : 24.02
mean E_xy^2 : -4.89
theta : -0.78
average greyscal : 63.71
average RGB [66.66,60.10,65.04]
(4 1)(8 1)(17 1)(19 1)(25 1)(31 1)(34 2)(36 1)(37 1)(38 1)(39 2)(40 2)(41 4)(42 3)(44 5)(45 4)(46 3)(47 5)(48 3)(49 3)(50 5)(51 3)(52 5)(53 4)(54 4)(55 5)(56 2)(57 4)(58 3)(59 4)(60 3)(61 5)(62 8)(63 9)(64 6)(65 3)(66 6)(67 8)(68 11)(69 9)(70 6)(71 4)(72 8)(73 9)(74 2)(75 5)(76 5)(77 3)(79 1)(80 1)(81 1)(83 1)(85 1)(88 1)(89 1)(91 1)(92 1)(93 1)(94 1)(95 1)(97 2)(98 1)(100 2)(102 1)(103 1)(105 1)(109 1)(112 2)(113 1)(116 1)(128 1)(129 1)
---area label--- : 2
area size : 390
mean x : 116.41
mean y : 173.29
mean E_x^2 : 106.17
mean E_y^2 : 22.23
mean E_xy^2 : 28.96
theta : 0.78
average greyscal : 58.90
average RGB [65.01,54.08,58.62]
(0 4)(1 3)(2 4)(3 3)(4 1)(5 3)(6 4)(7 1)(8 4)(9 3)(10 4)(11 3)(12 2)(13 1)(14 1)(15 1)(17 1)(18 2)(19 2)(20 3)(21 3)(22 1)(23 1)(24 4)(25 9)(26 5)(27 5)(28 5)(29 7)(30 8)(31 7)(32 12)(33 7)(34 10)(35 7)(36 5)(37 7)(38 9)(39 7)(40 5)(41 10)(42 5)(43 5)(44 5)(45 1)(46 6)(47 3)(48 1)(49 2)(50 1)(51 2)(52 4)(53 3)(54 5)(55 2)(56 1)(57 4)(58 2)(59 2)(60 3)(61 1)(62 2)(63 1)(64 7)(65 4)(66 1)(67 3)(68 4)(69 2)(70 3)(71 1)(72 5)(73 2)(74 1)(75 1)(76 1)(78 3)(79 1)(80 4)(81 1)(82 3)(83 3)(84 1)(87 1)(88 1)(89 3)(91 3)(92 1)(93 4)(95 3)(96 1)(97 3)(99 1)(100 1)(101 2)(103 3)(104 1)(105 2)(106 2)(107 4)(108 3)(109 1)(110 2)(111 1)(112 1)(113 2)(114 2)(115 1)(116 1)(117 4)(118 2)(121 1)(122 3)(124 1)(125 2)(126 1)(127 1)(128 1)(130 1)(131 2)(134 1)(135 2)(139 3)(140 1)(141 1)(144 1)(152 2)(153 1)(155 1)(157 1)(159 1)(163 1)(164 1)(172 1)(179 1)(180 1)(183 1)(191 2)(194 1)(202 1)
