NUMBER OF AREAS : 3
---area label--- : 1
area size : 5
mean x : 75.00
mean y : 60.00
mean E_x^2 : 0.40
mean E_y^2 : 0.80
mean E_xy^2 : 0.40
theta : -0.51
average greyscal : 25.60
average RGB [30.80,22.20,23.80]
(23 1)(24 1)(26 1)(27 1)(28 1)
---area label--- : 2
area size : 25
mean x : 85.52
mean y : 68.96
mean E_x^2 : 2.33
mean E_y^2 : 12.04
mean E_xy^2 : 4.46
theta : -0.70
average greyscal : 21.88
average RGB [17.44,21.84,27.52]
(4 3)(11 2)(13 1)(15 1)(16 1)(17 1)(18 2)(19 1)(20 1)(21 2)(22 1)(23 1)(25 2)(28 1)(31 1)(33 1)(34 1)(52 1)(62 1)
---area label--- : 3
area size : 650
mean x : 156.00
mean y : 130.60
mean E_x^2 : 129.63
mean E_y^2 : 61.98
mean E_xy^2 : 61.16
theta : 0.78
average greyscal : 50.13
average RGB [42.12,49.29,59.96]
(0 3)(1 5)(2 9)(3 1)(4 1)(5 4)(6 7)(7 2)(8 3)(9 4)(10 1)(11 7)(12 2)(13 1)(14 1)(15 4)(16 3)(17 2)(18 11)(19 3)(20 2)(21 2)(22 5)(23 9)(24 9)(25 9)(26 10)(27 9)(28 10)(29 18)(30 12)(31 12)(32 12)(33 9)(34 11)(35 7)(36 8)(37 6)(38 10)(39 11)(40 7)(41 9)(42 12)(43 7)(44 12)(45 4)(46 3)(47 4)(48 4)(49 12)(50 13)(51 8)(52 14)(53 8)(54 9)(55 11)(56 15)(57 14)(58 9)(59 9)(60 12)(61 9)(62 8)(63 5)(64 3)(65 3)(66 7)(67 9)(68 10)(69 10)(70 6)(71 12)(72 5)(73 10)(74 3)(75 6)(76 5)(77 6)(78 3)(79 3)(80 3)(81 8)(82 1)(83 2)(84 3)(85 6)(86 1)(87 3)(88 3)(89 2)(90 1)(91 2)(92 3)(93 3)(94 1)(95 1)(96 1)(97 1)(98 1)(99 2)(100 2)(101 1)(102 1)(103 1)(106 1)(108 1)(111 2)(113 1)(117 1)(119 1)(122 1)(123 1)(130 1)(134 1)(141 1)(144 1)(145 1)(147 1)(150 1)(151 1)(156 1)(162 2)(172 1)(174 1)(184 1)
