NUMBER OF AREAS : 2
---area label--- : 1
area size : 469
mean x : 177.01
mean y : 179.56
mean E_x^2 : 165.22
mean E_y^2 : 37.59
mean E_xy^2 : 59.59
theta : 0.78
average greyscal : 49.31
average RGB [45.47,47.48,56.02]
(0 1)(4 2)(7 1)(8 2)(9 2)(10 1)(11 1)(12 4)(13 4)(14 3)(15 1)(16 1)(17 6)(18 11)(19 1)(20 2)(21 3)(22 1)(23 5)(24 9)(25 11)(26 5)(27 6)(28 14)(29 11)(30 8)(31 11)(32 12)(33 18)(34 16)(35 8)(36 8)(37 7)(38 10)(39 12)(40 6)(41 6)(42 6)(43 8)(44 4)(45 4)(46 4)(47 8)(48 5)(49 4)(50 9)(51 8)(52 3)(53 9)(54 4)(55 5)(56 5)(57 8)(58 5)(59 5)(60 2)(61 10)(62 4)(63 2)(64 3)(65 2)(66 4)(67 3)(68 9)(69 4)(70 6)(71 4)(72 1)(73 4)(74 2)(75 2)(76 4)(77 1)(78 5)(79 1)(80 4)(81 2)(82 5)(83 2)(84 3)(85 1)(86 1)(88 2)(89 1)(90 2)(91 1)(92 1)(94 1)(96 1)(97 2)(98 3)(101 1)(102 2)(103 2)(105 1)(107 1)(108 1)(109 3)(110 1)(114 3)(116 1)(117 1)(118 1)(119 1)(120 1)(125 1)(127 2)(128 1)(132 3)(141 1)(142 1)(148 1)
---area label--- : 2
area size : 5
mean x : 153.00
mean y : 182.00
mean E_x^2 : 0.40
mean E_y^2 : 0.80
mean E_xy^2 : 0.40
theta : -0.51
average greyscal : 85.60
average RGB [54.60,83.20,119.20]
(73 1)(77 1)(83 1)(87 1)(108 1)
