NUMBER OF AREAS : 3
---area label--- : 1
area size : 119
mean x : 86.43
mean y : 111.70
mean E_x^2 : 28.41
mean E_y^2 : 16.35
mean E_xy^2 : 18.46
theta : 0.78
average greyscal : 37.50
average RGB [41.22,31.72,40.35]
(0 2)(2 4)(3 2)(4 3)(5 1)(7 2)(8 1)(9 3)(10 1)(11 1)(12 1)(13 1)(14 1)(15 2)(17 4)(18 1)(20 4)(21 1)(22 1)(24 1)(25 1)(26 2)(29 1)(30 1)(31 6)(32 4)(33 4)(34 4)(35 4)(36 2)(37 5)(38 1)(39 1)(40 3)(41 2)(42 2)(43 2)(45 3)(46 1)(47 2)(48 2)(49 2)(50 3)(52 3)(53 1)(54 1)(56 1)(57 1)(60 1)(65 1)(69 1)(70 1)(76 1)(78 1)(82 1)(84 2)(88 1)(94 1)(95 1)(96 2)(99 1)(109 1)(156 1)
---area label--- : 2
area size : 223
mean x : 145.83
mean y : 161.24
mean E_x^2 : 15.53
mean E_y^2 : 24.16
mean E_xy^2 : -4.94
theta : -0.78
average greyscal : 63.52
average RGB [66.51,62.11,62.93]
(4 1)(5 1)(17 1)(20 1)(24 1)(26 1)(31 1)(33 1)(34 1)(37 1)(38 1)(39 2)(40 1)(41 1)(42 4)(43 2)(44 2)(45 3)(46 4)(47 4)(48 4)(49 5)(50 4)(51 4)(52 5)(53 2)(54 6)(55 2)(56 1)(57 7)(58 4)(59 4)(60 7)(61 6)(62 11)(63 13)(64 5)(65 7)(66 12)(67 7)(68 7)(69 4)(70 7)(71 4)(72 5)(73 6)(74 3)(75 4)(76 2)(77 2)(78 1)(80 2)(81 1)(83 1)(85 3)(86 1)(87 2)(94 1)(95 1)(97 1)(98 1)(101 3)(105 1)(107 1)(108 2)(110 4)(112 1)(116 1)(149 1)
---area label--- : 3
area size : 5
mean x : 89.00
mean y : 249.00
mean E_x^2 : 0.40
mean E_y^2 : 0.80
mean E_xy^2 : 0.40
theta : -0.51
average greyscal : 31.40
average RGB [35.40,30.40,28.60]
(10 1)(11 1)(27 1)(39 1)(70 1)
