NUMBER OF AREAS : 1
---area label--- : 1
area size : 629
mean x : 128.45
mean y : 154.05
mean E_x^2 : 252.52
mean E_y^2 : 49.85
mean E_xy^2 : 90.55
theta : 0.78
average greyscal : 54.76
average RGB [60.43,51.79,53.04]
(0 7)(1 1)(2 6)(3 1)(4 5)(5 2)(6 1)(7 1)(8 1)(9 1)(10 2)(11 1)(12 1)(13 4)(14 3)(15 3)(16 3)(17 4)(18 2)(19 4)(20 3)(21 4)(22 6)(23 12)(24 5)(25 11)(26 9)(27 10)(28 11)(29 9)(30 9)(31 19)(32 13)(33 10)(34 9)(35 11)(36 6)(37 13)(38 11)(39 3)(40 6)(41 4)(42 13)(43 3)(44 5)(45 11)(46 5)(47 10)(48 4)(49 4)(50 7)(51 5)(52 9)(53 7)(54 8)(55 6)(56 6)(57 4)(58 7)(59 6)(60 7)(61 8)(62 5)(63 15)(64 15)(65 12)(66 17)(67 11)(68 14)(69 1)(70 12)(71 7)(72 5)(73 4)(74 6)(75 5)(76 2)(77 5)(78 4)(79 1)(80 3)(81 1)(83 1)(84 4)(85 2)(86 1)(87 4)(88 6)(89 4)(90 3)(91 1)(92 4)(93 2)(94 2)(95 2)(96 3)(97 3)(98 2)(99 2)(100 2)(101 1)(102 1)(103 4)(104 3)(106 3)(107 2)(108 1)(109 3)(111 1)(112 2)(113 1)(114 1)(116 1)(117 1)(120 2)(121 1)(122 1)(125 1)(126 3)(127 1)(129 1)(130 1)(132 1)(134 1)(138 3)(143 1)(144 1)(146 1)(150 2)(156 1)(157 1)(159 1)(161 1)(163 2)(170 1)(185 1)
