NUMBER OF AREAS : 1
---area label--- : 1
area size : 462
mean x : 110.31
mean y : 132.45
mean E_x^2 : 99.81
mean E_y^2 : 35.35
mean E_xy^2 : 41.35
theta : 0.78
average greyscal : 63.55
average RGB [70.43,58.13,62.98]
(0 1)(1 3)(2 3)(3 5)(4 1)(5 4)(6 3)(7 2)(8 1)(9 4)(10 3)(11 1)(12 3)(13 1)(14 5)(17 2)(18 3)(19 3)(20 2)(22 3)(23 3)(24 2)(25 5)(26 3)(27 4)(28 1)(29 3)(30 3)(31 5)(32 1)(33 1)(34 3)(35 2)(36 6)(37 2)(38 9)(39 6)(40 2)(41 6)(42 3)(43 10)(44 5)(45 6)(46 15)(47 7)(48 6)(49 6)(50 3)(51 7)(52 10)(53 4)(54 5)(55 3)(57 4)(58 3)(59 2)(60 4)(61 11)(62 4)(63 4)(64 6)(65 9)(66 8)(67 6)(68 6)(69 8)(70 7)(71 3)(72 8)(73 5)(74 9)(75 6)(76 10)(77 5)(78 6)(79 6)(80 4)(81 3)(82 3)(83 1)(84 1)(85 2)(86 5)(87 2)(88 3)(89 2)(90 3)(91 3)(93 1)(94 1)(95 4)(96 3)(97 1)(98 2)(99 3)(103 2)(104 4)(105 1)(106 1)(108 1)(110 1)(111 1)(112 2)(113 1)(114 4)(115 1)(116 2)(118 1)(119 1)(120 1)(121 3)(122 1)(123 2)(124 1)(125 2)(126 1)(127 3)(128 1)(132 1)(133 1)(136 2)(137 1)(139 2)(140 2)(141 1)(144 2)(147 1)(150 1)(151 1)(152 1)(153 1)(157 1)(159 2)(160 2)(162 1)(164 1)(167 1)(183 1)(184 1)
