NUMBER OF AREAS : 2
---area label--- : 1
area size : 74
mean x : 81.61
mean y : 93.97
mean E_x^2 : 11.21
mean E_y^2 : 13.13
mean E_xy^2 : 7.56
theta : -0.78
average greyscal : 33.11
average RGB [34.57,29.55,36.20]
(0 1)(4 1)(5 1)(6 1)(7 1)(9 3)(11 3)(12 1)(13 1)(14 1)(16 2)(17 1)(18 1)(23 3)(24 5)(25 4)(26 7)(29 2)(30 3)(33 1)(34 1)(35 2)(37 1)(38 2)(39 2)(41 1)(42 2)(44 1)(45 1)(46 1)(47 2)(50 1)(52 2)(54 1)(55 2)(57 1)(61 1)(65 2)(66 1)(71 1)(75 1)(84 1)(99 1)
---area label--- : 2
area size : 660
mean x : 194.06
mean y : 168.16
mean E_x^2 : 158.49
mean E_y^2 : 62.69
mean E_xy^2 : 59.67
theta : 0.78
average greyscal : 48.08
average RGB [41.31,47.09,56.78]
(2 1)(4 2)(7 1)(8 2)(9 1)(10 5)(12 3)(13 4)(14 4)(15 3)(16 2)(17 6)(18 1)(19 5)(20 4)(21 5)(22 10)(23 5)(24 17)(25 9)(26 16)(27 10)(28 11)(29 13)(30 18)(31 14)(32 16)(33 18)(34 21)(35 13)(36 7)(37 11)(38 9)(39 16)(40 11)(41 9)(42 7)(43 6)(44 4)(45 8)(46 11)(47 15)(48 14)(49 6)(50 9)(51 8)(52 13)(53 10)(54 11)(55 12)(56 6)(57 10)(58 6)(59 11)(60 10)(61 7)(62 8)(63 9)(64 9)(65 8)(66 7)(67 10)(68 6)(69 3)(70 6)(71 2)(72 8)(73 6)(74 4)(75 3)(76 6)(77 1)(78 5)(79 3)(80 1)(81 5)(82 3)(83 4)(84 7)(85 5)(86 4)(87 4)(88 3)(89 4)(90 1)(91 5)(92 2)(93 1)(94 2)(95 1)(96 2)(97 1)(98 1)(99 2)(100 1)(102 1)(103 2)(104 1)(106 1)(108 1)(119 1)(120 1)(136 1)(141 1)
