NUMBER OF AREAS : 1
---area label--- : 1
area size : 630
mean x : 129.24
mean y : 153.89
mean E_x^2 : 229.15
mean E_y^2 : 48.29
mean E_xy^2 : 81.32
theta : 0.78
average greyscal : 54.09
average RGB [58.81,50.68,53.73]
(0 7)(1 3)(2 8)(3 3)(4 1)(5 6)(6 3)(7 1)(8 1)(9 1)(10 6)(11 2)(12 7)(13 2)(14 2)(15 3)(16 3)(18 2)(19 8)(20 3)(21 3)(22 7)(23 8)(24 12)(25 8)(26 13)(27 15)(28 6)(29 9)(30 7)(31 6)(32 5)(33 9)(34 5)(35 9)(36 11)(37 3)(38 11)(39 5)(40 6)(41 5)(42 8)(43 5)(44 7)(45 5)(46 10)(47 7)(48 11)(49 7)(50 12)(51 3)(52 4)(53 7)(54 8)(55 6)(56 4)(57 8)(58 2)(59 15)(60 8)(61 6)(62 10)(63 14)(64 16)(65 14)(66 14)(67 7)(68 8)(69 4)(70 12)(71 8)(72 7)(73 10)(74 4)(75 6)(76 2)(77 4)(78 6)(79 10)(80 1)(81 3)(82 2)(83 3)(84 1)(85 3)(86 5)(87 1)(88 1)(89 3)(90 2)(91 5)(92 1)(94 2)(95 3)(96 2)(97 1)(98 3)(102 5)(103 2)(104 1)(105 2)(107 2)(108 2)(109 1)(110 1)(111 2)(112 1)(113 4)(116 1)(118 4)(120 1)(122 1)(123 2)(124 1)(126 2)(127 1)(128 2)(130 2)(131 2)(132 2)(133 1)(139 1)(149 1)(151 1)(152 1)(153 1)(156 1)(157 1)(161 1)(162 1)
