NUMBER OF AREAS : 2
---area label--- : 1
area size : 230
mean x : 145.52
mean y : 161.38
mean E_x^2 : 17.84
mean E_y^2 : 24.13
mean E_xy^2 : -5.47
theta : -0.78
average greyscal : 64.00
average RGB [67.11,61.17,64.77]
(2 1)(7 1)(14 1)(15 1)(30 1)(31 1)(34 2)(35 2)(36 1)(37 2)(39 1)(40 2)(41 3)(42 3)(43 2)(44 3)(45 3)(46 2)(47 8)(48 4)(49 6)(50 4)(51 1)(52 2)(53 4)(54 3)(55 5)(56 3)(57 3)(58 6)(59 5)(60 7)(61 8)(62 8)(63 9)(64 5)(65 14)(66 8)(67 9)(68 5)(69 7)(70 8)(71 3)(72 6)(73 5)(74 3)(75 1)(76 4)(78 3)(79 2)(81 1)(82 1)(83 1)(85 1)(87 2)(94 1)(95 2)(96 1)(97 1)(100 4)(104 1)(105 3)(107 1)(108 1)(110 1)(111 1)(112 2)(124 1)(134 2)(142 1)
---area label--- : 2
area size : 450
mean x : 117.55
mean y : 175.12
mean E_x^2 : 130.96
mean E_y^2 : 30.36
mean E_xy^2 : 49.60
theta : 0.78
average greyscal : 55.78
average RGB [60.07,51.54,56.80]
(0 1)(1 2)(2 2)(3 6)(4 3)(5 3)(6 3)(7 2)(8 1)(9 3)(10 3)(11 2)(12 2)(13 1)(14 3)(15 4)(16 3)(17 2)(19 3)(20 1)(21 2)(22 3)(23 4)(24 1)(25 2)(26 6)(27 1)(28 3)(29 7)(30 6)(31 8)(32 6)(33 7)(34 10)(35 11)(36 11)(37 10)(38 10)(39 6)(40 9)(41 11)(42 10)(43 13)(44 9)(45 8)(46 10)(47 4)(48 4)(49 3)(50 3)(51 6)(52 4)(53 4)(54 4)(55 3)(57 5)(58 4)(59 4)(60 5)(61 4)(62 6)(63 6)(64 5)(65 5)(66 7)(67 9)(68 3)(69 2)(70 3)(71 6)(72 4)(73 5)(74 1)(75 2)(76 4)(77 2)(78 1)(79 1)(81 4)(82 5)(83 1)(84 2)(86 4)(87 1)(88 2)(89 1)(90 4)(91 2)(92 1)(93 1)(95 3)(96 1)(98 1)(99 1)(100 1)(101 3)(102 3)(103 1)(104 1)(105 1)(107 1)(109 1)(110 1)(111 4)(113 1)(115 1)(117 2)(118 1)(119 1)(120 2)(121 1)(125 1)(126 2)(129 2)(130 2)(131 1)(132 3)(138 1)(145 1)(146 1)(148 1)(156 1)(157 1)(164 1)(165 1)(170 1)(171 2)(179 1)(185 2)(188 1)(190 1)
