NUMBER OF AREAS : 3
---area label--- : 1
area size : 5
mean x : 77.00
mean y : 86.00
mean E_x^2 : 0.40
mean E_y^2 : 0.80
mean E_xy^2 : 0.40
theta : -0.51
average greyscal : 42.60
average RGB [49.40,36.40,43.20]
(40 3)(46 1)(47 1)
---area label--- : 2
area size : 70
mean x : 82.71
mean y : 94.33
mean E_x^2 : 10.43
mean E_y^2 : 5.51
mean E_xy^2 : 2.68
theta : 0.76
average greyscal : 39.74
average RGB [40.89,37.33,42.09]
(0 3)(1 1)(2 2)(3 4)(4 4)(5 1)(6 2)(7 2)(8 2)(10 2)(11 1)(13 1)(14 1)(15 4)(18 1)(19 1)(21 1)(23 2)(24 1)(25 2)(29 1)(31 1)(32 1)(34 1)(43 2)(46 1)(47 1)(49 1)(51 1)(54 2)(62 2)(66 2)(67 1)(70 1)(71 1)(73 1)(77 1)(88 1)(93 1)(96 1)(106 1)(117 1)(122 1)(123 1)(125 1)(127 1)(128 1)(154 1)
---area label--- : 3
area size : 631
mean x : 188.82
mean y : 155.64
mean E_x^2 : 126.33
mean E_y^2 : 36.54
mean E_xy^2 : 33.15
theta : 0.78
average greyscal : 50.36
average RGB [44.20,48.58,59.31]
(0 1)(4 2)(5 1)(7 5)(8 2)(9 2)(11 1)(12 1)(13 3)(14 3)(15 2)(16 1)(17 2)(18 2)(19 7)(20 1)(21 4)(22 3)(23 8)(24 9)(25 14)(26 13)(27 18)(28 6)(29 13)(30 8)(31 18)(32 20)(33 16)(34 18)(35 14)(36 16)(37 8)(38 13)(39 8)(40 7)(41 10)(42 9)(43 9)(44 7)(45 10)(46 5)(47 6)(48 7)(49 19)(50 15)(51 14)(52 10)(53 7)(54 8)(55 7)(56 8)(57 7)(58 5)(59 10)(60 9)(61 8)(62 8)(63 5)(64 4)(65 6)(66 7)(67 6)(68 5)(69 10)(70 7)(71 8)(72 5)(73 6)(74 3)(75 4)(76 7)(77 1)(78 2)(79 1)(81 7)(82 2)(83 1)(84 8)(85 4)(86 3)(87 3)(88 2)(89 3)(90 2)(91 1)(92 2)(93 3)(94 1)(95 3)(96 1)(97 2)(98 1)(100 2)(101 1)(102 1)(103 1)(107 1)(108 1)(111 1)(112 1)(113 1)(118 1)(120 1)(126 1)(128 1)(133 1)(138 1)(140 1)(142 1)(143 1)(154 1)(155 1)(156 1)(157 2)(161 1)(167 1)(173 1)
