NUMBER OF AREAS : 1
---area label--- : 1
area size : 251
mean x : 93.89
mean y : 111.51
mean E_x^2 : 53.01
mean E_y^2 : 29.60
mean E_xy^2 : 24.14
theta : 0.78
average greyscal : 60.23
average RGB [69.03,55.82,56.80]
(0 2)(1 1)(3 2)(5 4)(6 3)(9 1)(10 1)(13 2)(14 1)(15 1)(17 2)(18 3)(19 1)(21 2)(22 2)(23 1)(24 1)(25 1)(26 3)(27 2)(31 4)(32 3)(33 2)(34 1)(35 2)(36 2)(37 1)(38 3)(39 1)(40 2)(41 2)(42 2)(43 5)(44 3)(45 1)(46 8)(47 5)(48 4)(49 4)(51 4)(52 3)(53 2)(54 4)(55 2)(56 3)(57 4)(58 3)(59 4)(60 4)(61 4)(62 5)(63 6)(64 7)(65 5)(66 8)(67 6)(68 3)(69 5)(70 3)(71 3)(72 2)(73 5)(74 4)(75 1)(77 2)(78 4)(79 1)(80 3)(81 2)(82 1)(83 2)(84 2)(85 1)(87 1)(88 1)(89 2)(90 2)(91 2)(96 3)(97 2)(99 1)(100 2)(101 1)(102 1)(103 1)(104 1)(106 1)(107 2)(108 2)(109 2)(111 1)(113 1)(114 1)(116 2)(117 1)(123 1)(124 1)(125 1)(132 2)(135 1)(138 1)(141 1)(151 1)
