NUMBER OF AREAS : 1
---area label--- : 1
area size : 245
mean x : 92.84
mean y : 110.00
mean E_x^2 : 54.77
mean E_y^2 : 30.00
mean E_xy^2 : 26.87
theta : 0.78
average greyscal : 55.18
average RGB [62.84,50.33,53.38]
(2 2)(4 4)(5 2)(6 3)(8 1)(9 1)(10 2)(11 2)(12 1)(13 1)(15 3)(16 3)(17 3)(18 1)(19 1)(20 2)(21 1)(22 3)(24 2)(26 1)(27 5)(28 1)(29 2)(30 2)(32 3)(34 2)(35 1)(36 3)(37 5)(38 4)(39 1)(40 4)(41 1)(42 3)(43 5)(44 5)(45 1)(46 1)(47 2)(48 5)(49 4)(50 10)(51 2)(52 4)(53 1)(54 1)(55 2)(56 2)(57 2)(58 5)(59 5)(60 4)(61 6)(62 3)(63 7)(64 4)(65 10)(66 6)(67 11)(68 3)(69 3)(70 1)(71 1)(72 3)(73 1)(74 2)(75 3)(76 1)(77 2)(78 3)(80 4)(85 2)(88 2)(91 3)(92 3)(93 1)(94 3)(95 1)(96 1)(97 1)(101 1)(102 1)(103 2)(105 1)(107 1)(110 1)(111 1)(112 1)(118 1)(121 1)(128 1)(129 1)(131 1)(132 1)(137 1)(143 1)
