NUMBER OF AREAS : 1
---area label--- : 1
area size : 308
mean x : 94.80
mean y : 113.62
mean E_x^2 : 63.69
mean E_y^2 : 31.61
mean E_xy^2 : 27.70
theta : 0.78
average greyscal : 59.55
average RGB [66.86,55.91,56.69]
(0 2)(3 2)(4 2)(5 1)(6 1)(7 4)(8 1)(9 3)(12 1)(13 1)(14 2)(15 2)(17 3)(18 1)(19 2)(20 1)(21 1)(22 1)(23 2)(24 3)(25 4)(26 1)(27 3)(28 4)(29 4)(30 2)(31 2)(32 7)(33 2)(34 1)(35 3)(36 4)(37 4)(38 2)(39 2)(40 4)(41 6)(42 2)(43 5)(44 4)(45 6)(46 3)(47 3)(48 2)(49 4)(50 1)(51 8)(52 3)(53 2)(54 3)(55 6)(56 3)(57 4)(58 6)(59 5)(60 6)(61 5)(62 7)(63 5)(64 5)(65 9)(66 6)(67 8)(68 7)(69 4)(70 3)(71 4)(72 4)(73 3)(74 3)(75 1)(77 1)(78 1)(80 1)(81 1)(82 2)(84 2)(85 1)(86 1)(87 3)(88 2)(89 1)(90 5)(91 2)(93 1)(96 2)(97 1)(98 1)(99 1)(100 2)(102 2)(106 4)(107 2)(108 1)(110 1)(111 2)(113 1)(114 1)(116 3)(123 2)(124 1)(125 1)(127 1)(129 2)(130 1)(131 1)(132 1)(135 2)(139 2)(143 1)(144 1)(147 1)(151 1)(158 1)
