NUMBER OF AREAS : 3
---area label--- : 1
area size : 56
mean x : 84.70
mean y : 78.12
mean E_x^2 : 11.43
mean E_y^2 : 8.18
mean E_xy^2 : 8.27
theta : 0.78
average greyscal : 27.34
average RGB [25.77,27.39,29.86]
(1 1)(5 1)(11 1)(15 5)(16 1)(17 2)(18 2)(19 1)(20 1)(21 1)(22 5)(23 3)(24 1)(25 2)(27 4)(28 2)(29 5)(30 2)(31 1)(32 3)(33 1)(35 2)(37 2)(48 1)(49 1)(52 1)(54 2)(55 2)
---area label--- : 2
area size : 662
mean x : 169.40
mean y : 142.21
mean E_x^2 : 162.99
mean E_y^2 : 54.00
mean E_xy^2 : 69.54
theta : 0.78
average greyscal : 50.69
average RGB [39.47,51.23,62.48]
(0 3)(1 1)(3 1)(4 1)(5 2)(6 1)(8 2)(9 3)(10 3)(11 4)(12 4)(13 3)(14 2)(15 3)(16 1)(17 5)(18 6)(19 3)(20 5)(21 6)(22 6)(23 3)(24 9)(25 8)(26 12)(27 14)(28 10)(29 16)(30 22)(31 16)(32 10)(33 17)(34 8)(35 8)(36 10)(37 11)(38 9)(39 13)(40 8)(41 7)(42 7)(43 7)(44 10)(45 6)(46 8)(47 5)(48 5)(49 14)(50 11)(51 7)(52 9)(53 16)(54 13)(55 9)(56 7)(57 8)(58 11)(59 7)(60 8)(61 12)(62 10)(63 11)(64 10)(65 7)(66 5)(67 10)(68 7)(69 14)(70 4)(71 7)(72 2)(73 6)(74 6)(75 5)(76 4)(77 4)(78 10)(79 3)(80 4)(81 3)(82 1)(83 7)(84 7)(85 3)(86 1)(87 2)(88 3)(89 2)(90 4)(91 5)(92 2)(93 1)(94 5)(95 3)(96 3)(97 1)(98 2)(99 1)(100 3)(101 2)(103 2)(104 1)(105 2)(114 1)(116 1)(119 1)(122 1)(126 1)(139 1)(150 1)(154 1)(166 1)(174 1)(181 1)
---area label--- : 3
area size : 5
mean x : 169.00
mean y : 155.00
mean E_x^2 : 0.40
mean E_y^2 : 0.80
mean E_xy^2 : 0.40
theta : -0.51
average greyscal : 39.60
average RGB [42.60,33.20,44.00]
(19 1)(32 1)(41 1)(43 1)(63 1)
