NUMBER OF AREAS : 3
---area label--- : 1
area size : 42
mean x : 84.90
mean y : 76.76
mean E_x^2 : 9.56
mean E_y^2 : 9.75
mean E_xy^2 : 8.79
theta : -0.78
average greyscal : 22.62
average RGB [23.05,19.55,26.57]
(2 1)(3 1)(4 1)(5 1)(7 1)(8 1)(10 2)(11 1)(12 1)(16 2)(17 1)(19 5)(20 2)(21 1)(25 6)(26 3)(28 1)(29 1)(30 1)(31 1)(32 1)(34 1)(36 1)(38 2)(47 1)(49 1)(53 1)
---area label--- : 2
area size : 647
mean x : 167.39
mean y : 140.34
mean E_x^2 : 176.03
mean E_y^2 : 55.63
mean E_xy^2 : 76.88
theta : 0.78
average greyscal : 49.07
average RGB [39.02,48.43,60.77]
(0 2)(1 2)(3 2)(4 1)(5 2)(6 3)(7 3)(8 4)(9 4)(11 3)(12 2)(13 3)(14 5)(15 2)(16 1)(17 4)(18 6)(19 4)(20 3)(21 4)(22 8)(23 7)(24 7)(25 11)(26 12)(27 14)(28 14)(29 10)(30 16)(31 19)(32 17)(33 16)(34 11)(35 11)(36 9)(37 7)(38 10)(39 6)(40 6)(41 11)(42 7)(43 3)(44 4)(45 6)(46 6)(47 4)(48 11)(49 9)(50 6)(51 6)(52 4)(53 9)(54 10)(55 11)(56 16)(57 15)(58 13)(59 7)(60 8)(61 14)(62 14)(63 8)(64 14)(65 8)(66 9)(67 12)(68 9)(69 6)(70 6)(71 6)(72 4)(73 3)(74 6)(75 7)(76 2)(77 5)(78 6)(79 5)(80 5)(81 6)(82 3)(83 3)(84 3)(85 2)(86 1)(87 3)(88 4)(89 2)(90 2)(91 1)(92 2)(93 5)(94 2)(95 2)(97 2)(98 1)(99 2)(100 2)(101 2)(102 1)(103 2)(104 1)(105 1)(117 1)(121 2)(124 1)(130 1)(145 1)
---area label--- : 3
area size : 8
mean x : 166.50
mean y : 152.00
mean E_x^2 : 0.75
mean E_y^2 : 0.75
mean E_xy^2 : 0.38
theta : 0.79
average greyscal : 57.75
average RGB [60.00,58.00,56.50]
(27 1)(32 1)(34 1)(49 1)(74 1)(82 3)
