NUMBER OF AREAS : 1
---area label--- : 1
area size : 718
mean x : 206.67
mean y : 164.67
mean E_x^2 : 139.18
mean E_y^2 : 69.86
mean E_xy^2 : 64.88
theta : 0.78
average greyscal : 48.35
average RGB [39.16,48.88,58.02]
(1 1)(2 2)(4 1)(5 3)(8 3)(9 2)(10 3)(11 7)(12 4)(13 3)(15 3)(16 2)(17 9)(18 5)(19 6)(20 4)(21 6)(22 6)(23 8)(24 8)(25 13)(26 16)(27 9)(28 15)(29 9)(30 18)(31 13)(32 19)(33 14)(34 12)(35 12)(36 17)(37 10)(38 15)(39 15)(40 14)(41 11)(42 24)(43 20)(44 13)(45 8)(46 25)(47 12)(48 16)(49 14)(50 8)(51 8)(52 9)(53 13)(54 14)(55 11)(56 10)(57 6)(58 3)(59 5)(60 2)(61 6)(62 7)(63 5)(64 6)(65 7)(66 3)(67 11)(68 7)(69 8)(70 2)(71 6)(72 1)(73 5)(74 1)(75 2)(76 5)(77 4)(78 1)(79 4)(80 4)(81 4)(82 4)(83 2)(84 4)(85 1)(86 2)(87 3)(88 1)(89 1)(90 7)(91 6)(92 2)(93 5)(94 1)(95 3)(96 1)(98 2)(99 2)(100 2)(101 1)(102 1)(103 1)(105 1)(106 1)(107 1)(108 2)(109 1)(110 2)(111 3)(112 2)(114 2)(115 2)(117 2)(118 2)(120 1)(125 1)(127 2)(136 1)(143 1)(145 1)
