NUMBER OF AREAS : 4
---area label--- : 1
area size : 5
mean x : 72.00
mean y : 101.00
mean E_x^2 : 0.40
mean E_y^2 : 0.80
mean E_xy^2 : 0.40
theta : -0.51
average greyscal : 27.00
average RGB [32.00,20.20,30.20]
(18 1)(26 1)(27 1)(29 1)(35 1)
---area label--- : 2
area size : 119
mean x : 85.93
mean y : 109.88
mean E_x^2 : 24.84
mean E_y^2 : 12.49
mean E_xy^2 : 14.29
theta : 0.78
average greyscal : 34.76
average RGB [38.09,30.97,36.16]
(0 2)(2 2)(3 5)(5 2)(6 1)(11 1)(14 2)(15 2)(16 1)(17 3)(18 4)(20 2)(21 3)(22 1)(23 2)(24 2)(25 3)(26 3)(27 2)(28 2)(29 4)(30 5)(31 3)(32 3)(33 6)(34 7)(35 4)(36 4)(37 1)(38 2)(39 4)(40 1)(41 2)(43 2)(44 2)(46 2)(47 1)(48 1)(49 3)(50 1)(54 1)(58 1)(61 2)(69 1)(73 2)(77 2)(86 1)(91 1)(93 1)(98 1)(104 1)(105 1)(107 1)
---area label--- : 3
area size : 221
mean x : 145.81
mean y : 161.20
mean E_x^2 : 15.43
mean E_y^2 : 24.03
mean E_xy^2 : -4.91
theta : -0.78
average greyscal : 63.53
average RGB [66.43,61.83,63.19]
(2 1)(6 1)(16 1)(23 1)(26 2)(30 1)(35 2)(36 1)(37 1)(38 1)(39 1)(40 2)(42 6)(43 1)(44 3)(45 2)(46 6)(47 3)(48 3)(49 6)(50 1)(51 6)(52 3)(53 1)(54 3)(55 5)(56 4)(57 7)(58 3)(59 8)(60 5)(61 9)(62 6)(64 11)(65 5)(66 12)(67 7)(68 11)(69 7)(70 3)(71 10)(72 4)(73 7)(74 3)(75 3)(76 3)(78 4)(83 2)(84 2)(86 1)(88 1)(89 1)(90 1)(95 1)(97 1)(98 2)(100 1)(101 1)(103 1)(104 1)(107 1)(108 1)(109 1)(110 1)(111 2)(113 1)(116 1)(152 1)
---area label--- : 4
area size : 5
mean x : 89.00
mean y : 249.00
mean E_x^2 : 0.40
mean E_y^2 : 0.80
mean E_xy^2 : 0.40
theta : -0.51
average greyscal : 28.60
average RGB [37.60,35.60,13.40]
(6 1)(8 1)(20 1)(43 1)(66 1)
