NUMBER OF AREAS : 1
---area label--- : 1
area size : 505
mean x : 139.52
mean y : 118.59
mean E_x^2 : 125.80
mean E_y^2 : 46.27
mean E_xy^2 : 61.84
theta : 0.78
average greyscal : 55.55
average RGB [47.06,54.99,65.58]
(0 4)(1 2)(2 1)(3 4)(4 1)(5 4)(6 2)(7 5)(9 2)(10 2)(11 1)(12 2)(13 1)(14 3)(15 2)(16 4)(17 1)(18 2)(19 3)(20 3)(22 6)(23 7)(24 4)(25 7)(26 4)(27 5)(28 3)(29 6)(30 9)(31 11)(32 15)(33 11)(34 9)(35 16)(36 7)(37 8)(38 7)(39 4)(40 6)(41 6)(42 4)(43 8)(44 7)(45 7)(46 4)(47 7)(48 6)(49 3)(50 6)(51 7)(52 5)(53 8)(54 9)(55 5)(56 10)(57 3)(58 4)(59 6)(60 5)(61 4)(62 6)(63 5)(64 3)(65 10)(66 7)(67 5)(68 3)(69 10)(70 5)(71 1)(72 7)(73 5)(74 6)(75 3)(76 4)(78 5)(79 1)(80 2)(81 4)(82 4)(83 5)(84 1)(85 5)(87 1)(88 3)(89 4)(90 3)(91 6)(92 2)(94 2)(95 4)(96 2)(97 3)(98 2)(99 2)(101 2)(102 2)(104 1)(105 2)(106 1)(107 2)(109 2)(110 1)(111 2)(112 3)(113 1)(114 3)(115 2)(118 2)(122 1)(124 1)(127 1)(128 1)(129 1)(135 2)(137 1)(141 1)(144 1)(154 2)(156 1)(164 1)(165 1)(170 1)(175 1)(177 1)(182 1)(187 1)
