NUMBER OF AREAS : 3
---area label--- : 1
area size : 115
mean x : 84.87
mean y : 87.90
mean E_x^2 : 18.46
mean E_y^2 : 12.71
mean E_xy^2 : 8.88
theta : 0.78
average greyscal : 34.57
average RGB [38.51,29.91,36.44]
(0 2)(1 1)(3 1)(4 2)(7 3)(9 3)(10 3)(12 3)(13 3)(14 6)(15 2)(16 1)(18 4)(19 5)(21 1)(22 6)(23 2)(24 2)(25 4)(26 2)(27 2)(28 3)(29 4)(30 2)(31 2)(32 4)(33 1)(34 2)(35 1)(37 3)(39 1)(40 2)(41 1)(42 3)(43 1)(44 1)(46 1)(47 2)(48 1)(52 3)(55 1)(56 2)(58 1)(60 1)(62 1)(64 1)(70 1)(75 1)(79 1)(88 1)(97 1)(103 1)(105 1)(109 1)(120 1)(121 1)(131 1)(138 1)
---area label--- : 2
area size : 222
mean x : 145.79
mean y : 161.29
mean E_x^2 : 15.21
mean E_y^2 : 24.59
mean E_xy^2 : -4.68
theta : -0.78
average greyscal : 64.11
average RGB [67.01,61.00,65.33]
(5 1)(7 1)(11 1)(23 1)(25 1)(26 1)(28 1)(33 1)(34 1)(36 1)(37 1)(39 1)(40 2)(41 2)(42 3)(43 1)(44 3)(45 5)(46 5)(47 3)(48 4)(49 3)(50 5)(51 5)(52 7)(53 5)(54 3)(55 3)(56 1)(57 2)(58 3)(59 1)(60 9)(61 10)(62 6)(63 2)(64 5)(65 7)(66 8)(67 8)(68 5)(69 8)(70 9)(71 8)(72 4)(73 7)(74 5)(75 2)(76 6)(77 3)(78 2)(79 2)(80 2)(81 2)(82 2)(83 1)(84 1)(86 1)(90 1)(92 2)(95 1)(96 1)(101 1)(102 1)(104 1)(106 1)(107 1)(108 1)(109 2)(110 1)(111 2)(116 1)(119 1)(152 1)
---area label--- : 3
area size : 5
mean x : 89.00
mean y : 249.00
mean E_x^2 : 0.40
mean E_y^2 : 0.80
mean E_xy^2 : 0.40
theta : -0.51
average greyscal : 31.40
average RGB [45.20,26.00,25.00]
(7 1)(22 1)(23 1)(33 1)(72 1)
