NUMBER OF AREAS : 1
---area label--- : 1
area size : 491
mean x : 148.95
mean y : 123.94
mean E_x^2 : 155.12
mean E_y^2 : 47.50
mean E_xy^2 : 72.79
theta : 0.78
average greyscal : 53.83
average RGB [48.26,51.82,62.45]
(0 1)(2 1)(3 2)(4 1)(6 2)(7 1)(8 1)(9 2)(10 1)(11 3)(12 4)(13 3)(14 3)(15 1)(16 2)(17 4)(18 3)(19 3)(20 8)(21 7)(23 4)(24 3)(25 6)(26 9)(27 11)(28 5)(29 6)(30 6)(31 7)(32 11)(33 9)(34 8)(35 8)(36 4)(37 8)(38 8)(39 8)(40 7)(41 9)(42 8)(43 4)(44 6)(45 5)(46 12)(47 4)(48 3)(49 10)(50 4)(51 11)(52 3)(53 11)(54 4)(55 6)(56 7)(57 9)(58 5)(59 8)(60 9)(61 8)(62 7)(63 8)(64 2)(65 4)(66 5)(67 6)(68 4)(69 5)(70 6)(71 1)(72 3)(73 6)(74 6)(75 4)(76 5)(77 2)(78 3)(79 7)(80 4)(81 2)(82 2)(83 1)(85 4)(87 4)(88 3)(89 4)(90 2)(91 2)(92 3)(93 5)(94 1)(97 2)(98 1)(99 2)(100 2)(101 1)(103 2)(104 3)(105 4)(106 4)(107 1)(108 1)(109 1)(110 2)(115 1)(117 2)(118 1)(119 1)(122 2)(126 1)(135 2)(138 1)(139 1)(148 1)(150 1)(151 1)(159 1)(168 1)
