NUMBER OF AREAS : 2
---area label--- : 1
area size : 56
mean x : 168.68
mean y : 208.77
mean E_x^2 : 5.00
mean E_y^2 : 8.00
mean E_xy^2 : -0.72
theta : -0.77
average greyscal : 105.57
average RGB [124.91,96.05,96.41]
(11 1)(12 1)(14 1)(19 1)(24 1)(30 1)(38 1)(41 1)(42 1)(51 1)(53 2)(62 1)(67 1)(68 2)(76 1)(77 1)(78 1)(96 1)(98 1)(99 1)(104 1)(105 1)(107 4)(109 1)(110 1)(112 1)(118 1)(122 2)(125 1)(127 1)(130 1)(132 1)(134 1)(141 2)(144 1)(152 1)(153 2)(157 2)(158 1)(162 1)(167 1)(169 1)(172 1)(174 1)(181 1)(185 1)(191 1)
---area label--- : 2
area size : 517
mean x : 195.10
mean y : 216.96
mean E_x^2 : 89.90
mean E_y^2 : 48.23
mean E_xy^2 : 1.56
theta : 0.78
average greyscal : 92.61
average RGB [73.85,98.28,106.74]
(0 2)(1 1)(2 4)(4 4)(5 2)(6 2)(7 2)(8 1)(9 3)(10 2)(11 3)(12 1)(13 2)(14 3)(15 3)(16 1)(17 2)(18 2)(19 3)(20 3)(21 5)(22 3)(23 1)(24 3)(25 3)(26 6)(27 4)(28 6)(29 3)(30 4)(31 13)(32 13)(33 6)(34 7)(35 13)(36 2)(37 7)(38 4)(39 10)(40 3)(41 2)(42 4)(43 3)(45 1)(46 4)(47 3)(48 3)(49 2)(50 6)(51 1)(52 2)(53 3)(54 4)(55 1)(57 1)(59 2)(60 3)(61 4)(62 3)(63 1)(64 2)(65 1)(67 2)(68 6)(69 2)(70 5)(71 4)(72 5)(73 4)(74 3)(75 3)(76 1)(77 4)(78 1)(79 2)(80 6)(81 4)(82 7)(83 3)(84 6)(85 3)(86 2)(87 3)(88 4)(89 3)(90 1)(91 1)(92 3)(93 2)(95 4)(96 4)(97 2)(98 1)(99 1)(101 2)(103 4)(104 5)(105 1)(106 1)(107 1)(108 5)(113 2)(115 2)(116 1)(117 3)(118 1)(119 1)(120 2)(121 2)(122 3)(123 1)(125 2)(126 1)(127 2)(128 4)(129 2)(130 1)(133 1)(136 2)(138 2)(140 1)(141 1)(142 4)(143 4)(144 1)(145 1)(147 4)(148 1)(149 1)(151 1)(152 2)(155 3)(156 1)(158 3)(159 3)(161 1)(163 1)(165 3)(166 1)(167 2)(168 1)(169 1)(170 1)(171 1)(172 2)(173 2)(175 3)(176 3)(177 3)(178 2)(180 1)(182 1)(183 2)(184 1)(185 2)(186 2)(187 3)(188 1)(189 3)(190 2)(191 1)(192 4)(193 3)(194 2)(195 2)(196 5)(197 2)(198 2)(199 6)(200 5)(201 4)(202 2)(203 5)(204 8)(205 5)(206 1)(207 2)(208 1)(209 1)(213 1)(222 1)(227 1)(230 1)
