NUMBER OF AREAS : 2
---area label--- : 1
area size : 128
mean x : 87.10
mean y : 113.59
mean E_x^2 : 31.40
mean E_y^2 : 17.90
mean E_xy^2 : 20.50
theta : 0.78
average greyscal : 38.06
average RGB [41.05,33.52,40.63]
(0 3)(3 2)(5 1)(6 1)(9 2)(11 1)(12 4)(13 2)(14 5)(16 1)(17 1)(18 3)(19 4)(21 2)(24 2)(25 2)(26 2)(27 2)(28 2)(29 1)(30 1)(31 5)(32 3)(33 6)(34 7)(35 6)(36 2)(37 5)(38 2)(39 5)(40 2)(41 3)(42 3)(45 1)(46 2)(47 5)(48 1)(50 2)(51 1)(52 1)(53 1)(57 1)(60 1)(61 1)(63 1)(66 1)(67 3)(69 1)(70 1)(74 1)(77 1)(81 1)(84 1)(91 1)(97 1)(104 1)(105 1)(108 1)(112 1)(148 1)
---area label--- : 2
area size : 219
mean x : 145.71
mean y : 161.36
mean E_x^2 : 14.98
mean E_y^2 : 23.74
mean E_xy^2 : -4.20
theta : -0.78
average greyscal : 63.82
average RGB [66.14,62.04,64.13]
(10 1)(16 2)(28 1)(30 2)(34 1)(35 3)(36 1)(37 3)(38 1)(39 2)(40 3)(41 2)(42 1)(44 3)(45 2)(46 4)(47 5)(48 6)(49 2)(50 5)(51 3)(52 5)(53 3)(54 6)(56 2)(57 1)(58 4)(59 3)(60 2)(61 7)(62 9)(63 9)(64 8)(65 7)(66 13)(67 8)(68 8)(69 9)(70 4)(71 6)(72 6)(73 5)(74 3)(75 3)(76 3)(77 1)(78 2)(81 1)(82 3)(83 1)(84 1)(85 1)(86 1)(89 2)(90 1)(91 1)(92 1)(93 1)(94 1)(95 2)(96 1)(101 1)(104 1)(107 1)(109 1)(110 1)(115 1)(116 1)(117 2)(121 1)(134 1)
