NUMBER OF AREAS : 4
---area label--- : 1
area size : 55
mean x : 81.56
mean y : 82.22
mean E_x^2 : 5.48
mean E_y^2 : 6.50
mean E_xy^2 : 1.64
theta : -0.78
average greyscal : 38.51
average RGB [38.62,37.15,40.38]
(0 3)(1 1)(4 2)(5 3)(11 1)(12 3)(13 1)(14 2)(16 2)(17 2)(18 3)(19 1)(20 1)(21 2)(23 1)(24 1)(25 1)(26 1)(27 1)(30 1)(35 1)(37 1)(40 1)(41 2)(52 1)(55 1)(58 1)(64 1)(76 1)(78 1)(82 1)(89 2)(95 1)(96 1)(97 1)(101 1)(102 1)(105 2)(112 1)
---area label--- : 2
area size : 5
mean x : 140.00
mean y : 84.00
mean E_x^2 : 0.40
mean E_y^2 : 0.80
mean E_xy^2 : 0.40
theta : -0.51
average greyscal : 63.40
average RGB [69.80,59.60,62.20]
(43 1)(47 1)(56 1)(75 1)(96 1)
---area label--- : 3
area size : 5
mean x : 145.00
mean y : 90.00
mean E_x^2 : 0.40
mean E_y^2 : 0.80
mean E_xy^2 : 0.40
theta : -0.51
average greyscal : 90.60
average RGB [98.80,86.80,86.40]
(71 1)(83 1)(88 1)(103 1)(108 1)
---area label--- : 4
area size : 628
mean x : 157.39
mean y : 112.09
mean E_x^2 : 150.00
mean E_y^2 : 65.38
mean E_xy^2 : 82.75
theta : 0.78
average greyscal : 51.84
average RGB [43.31,51.48,61.80]
(0 3)(2 2)(4 1)(5 1)(6 1)(7 3)(8 4)(9 5)(10 5)(11 3)(12 4)(13 6)(14 1)(15 2)(16 3)(17 5)(18 2)(19 8)(20 4)(21 8)(22 6)(23 4)(24 3)(25 7)(26 5)(27 9)(28 7)(29 10)(30 17)(31 14)(32 15)(33 18)(34 20)(35 11)(36 8)(37 12)(38 7)(39 11)(40 8)(41 5)(42 9)(43 4)(44 9)(45 11)(46 9)(47 9)(48 9)(49 8)(50 10)(51 5)(52 6)(53 5)(54 7)(55 6)(56 12)(57 9)(58 3)(59 7)(60 8)(61 14)(62 7)(63 8)(64 12)(65 5)(66 7)(67 4)(68 6)(69 7)(70 3)(71 3)(72 6)(73 3)(74 2)(75 6)(76 2)(77 5)(78 3)(79 7)(80 5)(81 8)(83 5)(84 2)(85 6)(86 5)(87 5)(88 2)(89 7)(90 2)(91 3)(92 4)(93 2)(94 1)(95 2)(96 3)(97 1)(99 2)(100 1)(101 1)(102 2)(103 1)(104 1)(105 3)(106 2)(107 4)(108 2)(109 2)(110 2)(112 1)(117 2)(118 1)(122 2)(131 2)(135 1)(136 1)(137 1)(141 1)(143 1)(144 1)(147 1)(149 1)(172 1)(180 1)
