NUMBER OF AREAS : 2
---area label--- : 1
area size : 27
mean x : 85.30
mean y : 75.59
mean E_x^2 : 4.06
mean E_y^2 : 7.95
mean E_xy^2 : 4.23
theta : -0.76
average greyscal : 27.85
average RGB [31.63,24.00,29.04]
(2 1)(5 1)(9 1)(10 1)(11 1)(12 2)(13 1)(14 1)(17 4)(20 1)(21 1)(22 1)(23 1)(25 1)(26 1)(28 1)(29 1)(38 1)(41 1)(45 1)(57 1)(97 1)(124 1)
---area label--- : 2
area size : 793
mean x : 274.93
mean y : 267.72
mean E_x^2 : 93.59
mean E_y^2 : 105.20
mean E_xy^2 : -37.53
theta : -0.79
average greyscal : 44.03
average RGB [35.05,43.43,54.65]
(0 1)(2 1)(5 1)(7 1)(9 2)(10 5)(11 4)(12 3)(13 4)(14 7)(15 3)(16 5)(17 6)(18 5)(19 9)(20 9)(21 11)(22 13)(23 14)(24 11)(25 17)(26 13)(27 18)(28 15)(29 10)(30 16)(31 16)(32 14)(33 17)(34 11)(35 7)(36 8)(37 17)(38 27)(39 14)(40 25)(41 17)(42 20)(43 19)(44 16)(45 6)(46 17)(47 24)(48 33)(49 16)(50 14)(51 10)(52 13)(53 7)(54 13)(55 12)(56 12)(57 9)(58 7)(59 8)(60 8)(61 11)(62 6)(63 10)(64 9)(65 4)(66 2)(67 8)(68 9)(69 4)(70 5)(71 5)(72 11)(73 10)(74 5)(75 4)(76 6)(77 5)(78 4)(79 2)(80 6)(81 2)(82 6)(83 6)(84 3)(85 1)(87 2)(89 1)(90 1)(92 1)(95 1)(114 1)(118 1)
