NUMBER OF AREAS : 2
---area label--- : 1
area size : 220
mean x : 145.69
mean y : 161.34
mean E_x^2 : 15.11
mean E_y^2 : 23.69
mean E_xy^2 : -4.29
theta : -0.78
average greyscal : 62.98
average RGB [67.25,59.93,62.72]
(2 1)(7 1)(17 1)(30 1)(31 1)(33 3)(34 1)(35 1)(36 1)(39 2)(40 2)(41 2)(43 1)(44 3)(45 5)(46 8)(47 4)(48 6)(49 1)(50 4)(51 6)(52 3)(53 3)(54 4)(55 4)(56 1)(57 1)(58 3)(59 4)(60 11)(61 7)(62 4)(63 8)(64 12)(65 9)(66 10)(67 7)(68 11)(69 7)(70 6)(71 7)(72 4)(73 7)(75 2)(76 2)(77 3)(82 2)(83 2)(84 1)(85 2)(86 1)(87 1)(90 1)(95 1)(97 2)(101 2)(102 1)(104 2)(106 1)(107 1)(108 1)(109 1)(116 1)(121 1)(135 1)
---area label--- : 2
area size : 385
mean x : 110.20
mean y : 167.04
mean E_x^2 : 132.85
mean E_y^2 : 25.71
mean E_xy^2 : 47.00
theta : 0.78
average greyscal : 51.13
average RGB [57.76,45.33,51.41]
(0 3)(1 2)(2 1)(3 3)(4 3)(6 2)(7 1)(8 2)(9 1)(10 4)(11 2)(12 1)(13 1)(14 1)(15 4)(16 3)(17 1)(18 2)(20 6)(21 2)(22 3)(23 3)(24 5)(25 3)(26 6)(27 4)(28 2)(29 4)(30 5)(31 2)(32 11)(33 11)(34 8)(35 5)(36 4)(37 9)(38 10)(39 8)(40 8)(41 6)(42 12)(43 7)(44 3)(45 6)(46 1)(47 14)(48 5)(49 3)(50 10)(51 4)(52 7)(53 6)(54 10)(55 3)(56 3)(57 6)(58 5)(59 2)(60 2)(61 7)(62 5)(63 3)(64 6)(65 3)(66 3)(67 2)(68 5)(69 4)(70 3)(72 3)(73 1)(75 5)(76 1)(77 3)(79 1)(80 1)(82 4)(83 2)(84 3)(85 4)(87 1)(88 3)(89 1)(90 1)(91 4)(92 1)(96 2)(98 2)(100 2)(101 1)(102 3)(103 1)(104 1)(108 2)(110 2)(111 2)(114 1)(115 1)(117 1)(118 1)(122 1)(123 1)(124 1)(126 1)(130 2)(132 1)(137 2)(162 1)(188 1)(191 1)
