NUMBER OF AREAS : 2
---area label--- : 1
area size : 224
mean x : 145.79
mean y : 161.29
mean E_x^2 : 15.51
mean E_y^2 : 24.40
mean E_xy^2 : -4.77
theta : -0.78
average greyscal : 64.13
average RGB [66.08,61.86,65.30]
(10 1)(15 2)(19 1)(29 1)(30 1)(33 2)(36 1)(40 2)(41 2)(42 5)(43 2)(44 3)(45 2)(46 2)(47 7)(48 5)(49 3)(50 2)(51 3)(52 3)(53 9)(54 4)(55 5)(56 4)(57 3)(58 7)(59 5)(60 5)(61 9)(62 7)(63 6)(64 9)(65 9)(66 5)(67 12)(68 2)(69 6)(70 7)(71 4)(72 8)(73 6)(74 3)(75 3)(76 4)(79 3)(80 2)(81 1)(82 1)(84 1)(85 1)(87 1)(89 2)(90 1)(95 1)(96 1)(98 1)(99 1)(100 1)(101 1)(103 1)(104 1)(106 3)(107 2)(110 2)(116 1)(122 1)(134 1)(135 1)
---area label--- : 2
area size : 363
mean x : 116.42
mean y : 171.48
mean E_x^2 : 108.74
mean E_y^2 : 30.77
mean E_xy^2 : 39.07
theta : 0.78
average greyscal : 54.23
average RGB [59.24,49.83,54.70]
(0 3)(1 4)(2 5)(3 8)(4 3)(5 4)(6 2)(7 3)(8 1)(9 1)(10 4)(11 5)(12 1)(13 2)(14 4)(15 4)(16 1)(17 1)(18 1)(19 1)(20 1)(21 4)(22 3)(23 4)(24 5)(26 4)(27 5)(28 1)(29 1)(30 8)(31 2)(32 8)(33 7)(34 6)(35 11)(36 4)(37 12)(38 5)(39 14)(40 5)(41 7)(42 7)(43 2)(44 5)(45 5)(46 8)(47 6)(48 3)(49 2)(51 1)(52 3)(54 1)(55 2)(56 3)(57 1)(58 3)(59 1)(60 4)(61 2)(62 5)(65 4)(66 4)(68 2)(69 2)(70 4)(71 3)(72 3)(73 4)(74 2)(75 2)(76 2)(77 1)(78 3)(79 2)(80 4)(82 5)(84 3)(85 1)(86 6)(88 1)(90 2)(92 1)(93 2)(94 2)(95 3)(96 1)(97 3)(98 3)(99 1)(101 1)(103 1)(104 4)(105 2)(106 1)(107 2)(109 1)(110 3)(111 1)(113 2)(114 2)(115 2)(116 3)(120 2)(121 1)(122 1)(124 1)(126 2)(131 1)(132 1)(134 1)(135 1)(140 2)(141 1)(143 1)(151 2)(158 1)(162 1)(171 1)(186 1)(194 1)(200 1)
