NUMBER OF AREAS : 3
---area label--- : 1
area size : 85
mean x : 85.67
mean y : 84.47
mean E_x^2 : 15.40
mean E_y^2 : 9.61
mean E_xy^2 : 9.77
theta : 0.78
average greyscal : 30.29
average RGB [28.78,29.85,32.94]
(0 2)(2 1)(3 1)(7 1)(8 1)(9 2)(11 1)(12 1)(14 1)(15 1)(16 2)(17 5)(18 3)(20 3)(21 1)(23 1)(24 1)(25 3)(26 3)(27 1)(28 2)(29 6)(30 2)(32 6)(33 5)(34 6)(35 2)(37 3)(39 5)(41 2)(44 1)(47 1)(50 1)(54 1)(55 1)(57 1)(61 1)(67 1)(71 1)(73 1)(118 1)
---area label--- : 2
area size : 224
mean x : 145.88
mean y : 161.25
mean E_x^2 : 15.70
mean E_y^2 : 24.07
mean E_xy^2 : -4.67
theta : -0.78
average greyscal : 63.86
average RGB [66.41,61.50,64.60]
(2 1)(4 1)(10 1)(23 1)(26 1)(28 1)(29 1)(35 1)(36 3)(37 1)(38 1)(39 1)(40 1)(41 1)(42 2)(43 4)(44 1)(45 4)(46 1)(47 3)(48 6)(49 9)(50 5)(51 1)(52 5)(53 1)(54 2)(55 6)(56 4)(57 7)(58 8)(59 2)(60 4)(61 3)(62 8)(63 10)(64 9)(65 6)(66 9)(67 9)(68 10)(69 4)(70 8)(71 3)(72 6)(73 7)(74 5)(75 3)(76 2)(77 1)(78 1)(79 4)(81 2)(83 1)(86 1)(90 1)(92 1)(95 2)(97 1)(99 1)(100 1)(101 1)(104 1)(105 1)(107 1)(108 1)(110 3)(112 1)(116 1)(119 1)(120 1)(122 1)(147 1)
---area label--- : 3
area size : 5
mean x : 89.00
mean y : 249.00
mean E_x^2 : 0.40
mean E_y^2 : 0.80
mean E_xy^2 : 0.40
theta : -0.51
average greyscal : 37.40
average RGB [45.40,23.20,44.40]
(14 1)(21 1)(33 1)(40 1)(79 1)
