NUMBER OF AREAS : 3
---area label--- : 1
area size : 288
mean x : 90.39
mean y : 134.75
mean E_x^2 : 78.65
mean E_y^2 : 24.49
mean E_xy^2 : 36.76
theta : 0.78
average greyscal : 45.70
average RGB [53.58,40.00,44.51]
(0 6)(1 2)(2 4)(3 4)(4 3)(5 3)(6 3)(7 2)(8 2)(10 1)(11 4)(12 2)(13 3)(14 3)(15 1)(16 3)(17 1)(18 3)(19 1)(20 2)(21 3)(22 2)(23 4)(24 3)(25 4)(26 2)(27 4)(28 5)(29 5)(30 10)(31 13)(32 7)(33 7)(34 9)(35 3)(36 5)(37 3)(38 6)(39 3)(40 2)(41 1)(42 5)(43 4)(44 3)(45 3)(46 4)(47 5)(48 6)(49 4)(50 2)(51 2)(52 4)(53 4)(54 3)(55 2)(57 3)(58 4)(59 1)(60 3)(61 7)(62 1)(63 5)(64 3)(65 4)(66 3)(67 1)(68 2)(69 1)(70 2)(71 1)(76 1)(79 1)(80 2)(81 2)(85 1)(86 1)(88 1)(89 1)(90 1)(92 2)(93 1)(95 1)(96 2)(98 1)(99 1)(100 1)(101 1)(103 1)(104 1)(108 1)(109 2)(112 1)(113 2)(116 2)(119 1)(121 1)(123 1)(124 1)(125 1)(138 1)(150 1)(152 1)(166 1)(169 1)(180 1)
---area label--- : 2
area size : 217
mean x : 145.65
mean y : 161.38
mean E_x^2 : 14.63
mean E_y^2 : 23.92
mean E_xy^2 : -4.11
theta : -0.78
average greyscal : 62.48
average RGB [66.48,60.32,61.44]
(5 1)(9 1)(17 1)(19 1)(26 1)(32 1)(33 1)(36 1)(37 1)(38 2)(39 3)(40 2)(41 4)(42 1)(43 3)(44 4)(45 3)(46 2)(47 3)(48 4)(49 7)(50 3)(51 3)(52 2)(53 2)(54 2)(55 7)(56 5)(57 4)(58 2)(59 6)(60 7)(61 6)(62 4)(63 11)(64 14)(65 9)(66 14)(67 10)(68 6)(69 6)(70 4)(71 7)(72 5)(73 1)(74 1)(75 1)(76 5)(78 1)(79 1)(80 1)(83 1)(86 2)(88 1)(91 1)(92 1)(95 1)(102 2)(103 2)(106 1)(107 1)(110 2)(112 1)(114 1)(115 1)(116 1)(152 1)
---area label--- : 3
area size : 5
mean x : 89.00
mean y : 249.00
mean E_x^2 : 0.40
mean E_y^2 : 0.80
mean E_xy^2 : 0.40
theta : -0.51
average greyscal : 45.80
average RGB [51.00,29.20,58.60]
(13 1)(30 1)(37 1)(70 1)(79 1)
