NUMBER OF AREAS : 1
---area label--- : 1
area size : 70
mean x : 86.24
mean y : 85.60
mean E_x^2 : 5.73
mean E_y^2 : 12.73
mean E_xy^2 : 4.98
theta : -0.76
average greyscal : 42.11
average RGB [43.40,40.11,43.79]
(1 3)(3 1)(4 2)(6 2)(7 1)(8 1)(9 3)(10 3)(11 1)(13 2)(14 3)(15 2)(19 1)(21 2)(24 1)(25 1)(28 2)(29 1)(30 1)(31 2)(32 2)(33 1)(34 1)(37 1)(38 1)(43 1)(44 1)(45 1)(46 2)(50 1)(51 2)(55 1)(57 1)(59 1)(61 1)(62 2)(71 1)(73 1)(82 1)(85 1)(89 1)(93 1)(94 1)(99 1)(107 1)(111 1)(116 2)(118 1)(130 1)(132 1)
