NUMBER OF AREAS : 1
---area label--- : 1
area size : 155
mean x : 87.23
mean y : 97.77
mean E_x^2 : 44.60
mean E_y^2 : 35.43
mean E_xy^2 : 33.10
theta : 0.78
average greyscal : 48.02
average RGB [53.03,43.46,48.50]
(1 1)(3 2)(4 2)(6 3)(7 1)(12 2)(13 2)(14 3)(16 3)(17 1)(18 1)(19 3)(20 1)(21 1)(23 2)(24 1)(25 2)(26 2)(28 2)(30 3)(31 1)(33 2)(34 3)(35 1)(36 1)(37 2)(38 2)(39 2)(40 4)(41 1)(42 3)(43 2)(44 1)(45 4)(46 6)(47 1)(48 4)(49 2)(50 3)(51 1)(52 6)(53 1)(54 2)(55 3)(56 3)(57 2)(58 3)(59 7)(60 6)(61 4)(62 1)(63 5)(64 1)(66 1)(67 1)(69 1)(70 1)(73 1)(75 2)(76 1)(77 1)(78 1)(79 2)(81 2)(82 2)(84 1)(87 2)(98 1)(101 2)(104 1)(107 2)(112 1)(113 1)
