NUMBER OF AREAS : 3
---area label--- : 1
area size : 35
mean x : 80.80
mean y : 84.31
mean E_x^2 : 4.27
mean E_y^2 : 3.59
mean E_xy^2 : 2.55
theta : 0.77
average greyscal : 25.49
average RGB [25.20,23.14,28.51]
(2 1)(3 1)(5 1)(8 1)(9 1)(13 1)(17 2)(18 1)(20 1)(21 1)(23 1)(24 1)(25 6)(26 2)(27 2)(28 2)(31 3)(34 1)(36 1)(38 1)(41 1)(42 1)(53 1)(63 1)
---area label--- : 2
area size : 629
mean x : 159.34
mean y : 112.91
mean E_x^2 : 124.90
mean E_y^2 : 66.16
mean E_xy^2 : 68.94
theta : 0.78
average greyscal : 52.04
average RGB [42.38,51.48,63.27]
(0 3)(2 1)(3 1)(4 2)(6 1)(7 2)(8 5)(9 4)(10 1)(12 3)(13 5)(14 4)(15 3)(16 3)(17 1)(18 2)(19 4)(20 5)(21 5)(22 4)(23 6)(24 7)(25 3)(26 7)(27 10)(28 8)(29 15)(30 13)(31 15)(32 13)(33 20)(34 17)(35 16)(36 8)(37 8)(38 5)(39 4)(40 10)(41 3)(42 7)(43 6)(44 9)(45 5)(46 12)(47 10)(48 15)(49 14)(50 4)(51 6)(52 6)(53 11)(54 14)(55 10)(56 15)(57 20)(58 5)(59 12)(60 8)(61 5)(62 4)(63 10)(64 9)(65 5)(66 14)(67 4)(68 6)(69 9)(70 5)(71 5)(72 7)(73 6)(74 7)(75 1)(76 5)(77 2)(78 5)(79 2)(80 6)(81 5)(82 3)(83 5)(84 4)(86 3)(87 1)(88 2)(89 1)(90 6)(92 2)(93 3)(94 2)(95 1)(96 2)(97 2)(98 1)(100 4)(104 1)(106 2)(109 1)(111 1)(114 1)(119 1)(121 2)(124 1)(126 1)(127 1)(129 2)(131 1)(132 1)(134 2)(137 1)(138 1)(145 1)(149 1)(152 1)(154 1)(156 1)(160 2)(170 1)(174 1)
---area label--- : 3
area size : 5
mean x : 150.00
mean y : 122.00
mean E_x^2 : 0.40
mean E_y^2 : 0.80
mean E_xy^2 : 0.40
theta : -0.51
average greyscal : 96.00
average RGB [109.40,91.80,87.60]
(85 1)(86 1)(98 1)(103 1)(108 1)
