NUMBER OF AREAS : 3
---area label--- : 1
area size : 75
mean x : 87.27
mean y : 73.28
mean E_x^2 : 9.45
mean E_y^2 : 11.21
mean E_xy^2 : 3.31
theta : -0.78
average greyscal : 29.25
average RGB [27.13,26.97,34.61]
(4 1)(5 2)(6 2)(7 2)(9 1)(10 2)(12 1)(13 3)(15 2)(16 1)(17 3)(18 3)(19 2)(20 2)(21 6)(22 1)(24 1)(25 2)(26 4)(27 5)(28 2)(29 2)(30 2)(31 2)(32 1)(33 1)(34 2)(36 1)(39 1)(40 3)(44 1)(46 1)(52 1)(55 1)(59 2)(63 1)(72 1)(76 1)(94 2)(106 1)
---area label--- : 2
area size : 222
mean x : 145.80
mean y : 161.24
mean E_x^2 : 15.37
mean E_y^2 : 24.27
mean E_xy^2 : -4.92
theta : -0.78
average greyscal : 63.04
average RGB [66.92,60.48,62.73]
(2 1)(7 1)(11 1)(18 1)(25 1)(35 2)(36 1)(38 1)(40 2)(41 3)(42 1)(43 4)(44 3)(45 3)(46 8)(47 1)(48 3)(49 6)(50 6)(51 5)(52 3)(53 4)(54 4)(55 1)(56 5)(57 5)(58 9)(59 4)(60 9)(61 5)(62 4)(63 8)(64 13)(65 5)(66 10)(67 12)(68 3)(69 7)(70 4)(71 5)(72 6)(73 5)(74 3)(75 6)(76 2)(77 1)(78 1)(79 1)(81 1)(84 1)(86 1)(87 1)(89 2)(91 1)(94 1)(96 1)(101 3)(102 1)(104 1)(106 1)(107 1)(108 2)(109 1)(110 1)(112 1)(116 1)(157 1)
---area label--- : 3
area size : 5
mean x : 89.00
mean y : 249.00
mean E_x^2 : 0.40
mean E_y^2 : 0.80
mean E_xy^2 : 0.40
theta : -0.51
average greyscal : 28.40
average RGB [48.80,25.80,11.80]
(13 1)(17 1)(23 1)(24 1)(65 1)
