NUMBER OF AREAS : 2
---area label--- : 1
area size : 569
mean x : 157.08
mean y : 139.99
mean E_x^2 : 140.59
mean E_y^2 : 49.67
mean E_xy^2 : 65.10
theta : 0.78
average greyscal : 50.11
average RGB [42.69,49.38,59.35]
(0 1)(2 3)(3 2)(4 1)(5 2)(6 1)(7 3)(8 1)(9 2)(10 4)(11 3)(12 2)(13 3)(14 2)(15 2)(16 5)(17 2)(18 7)(19 2)(20 4)(21 8)(22 7)(23 8)(24 12)(25 12)(26 12)(27 11)(28 10)(29 10)(30 10)(31 5)(32 16)(33 14)(34 9)(35 8)(36 6)(37 8)(38 10)(39 7)(40 8)(41 13)(42 7)(43 7)(44 6)(45 4)(46 11)(47 14)(48 17)(49 9)(50 7)(51 6)(52 8)(53 9)(54 7)(55 3)(56 11)(57 7)(58 2)(59 1)(60 4)(61 3)(62 4)(63 2)(64 4)(65 8)(66 6)(67 6)(68 7)(69 6)(70 3)(71 1)(72 4)(73 2)(74 3)(75 5)(76 4)(77 5)(78 9)(79 3)(80 4)(81 2)(82 5)(83 4)(84 3)(85 4)(86 6)(87 3)(88 6)(89 4)(90 2)(91 3)(92 5)(94 1)(95 1)(96 3)(97 1)(98 1)(99 2)(100 3)(101 2)(102 1)(105 1)(106 1)(108 2)(109 1)(110 2)(112 2)(122 1)(123 2)(128 1)(133 1)(134 2)(137 1)(140 1)(142 1)(146 1)(160 1)(164 1)
---area label--- : 2
area size : 11
mean x : 161.00
mean y : 126.00
mean E_x^2 : 1.27
mean E_y^2 : 0.73
mean E_xy^2 : 0.36
theta : 0.64
average greyscal : 66.82
average RGB [69.27,64.55,67.73]
(48 1)(49 1)(53 1)(58 1)(64 1)(69 1)(70 1)(73 2)(77 1)(101 1)
