NUMBER OF AREAS : 3
---area label--- : 1
area size : 173
mean x : 83.64
mean y : 101.71
mean E_x^2 : 41.87
mean E_y^2 : 24.22
mean E_xy^2 : 25.96
theta : 0.78
average greyscal : 43.02
average RGB [46.80,37.83,45.47]
(0 4)(1 3)(2 1)(3 2)(4 1)(5 2)(6 3)(7 3)(8 3)(9 3)(10 3)(12 1)(13 3)(14 3)(15 2)(16 2)(17 1)(18 3)(19 1)(20 3)(21 1)(23 2)(24 2)(25 4)(26 4)(27 3)(28 2)(29 8)(30 6)(31 5)(32 1)(33 5)(34 6)(35 2)(36 4)(38 4)(39 1)(40 2)(41 4)(42 2)(43 1)(44 1)(45 3)(46 3)(47 2)(48 3)(49 1)(50 2)(51 1)(52 1)(53 2)(54 2)(56 3)(57 1)(58 1)(59 1)(64 1)(65 1)(66 1)(72 1)(74 1)(79 1)(87 1)(89 2)(90 1)(92 2)(94 1)(98 1)(101 1)(103 2)(104 1)(112 1)(122 1)(142 1)(153 1)(156 1)(157 1)(158 1)(164 1)(171 1)(176 1)(177 1)(179 1)
---area label--- : 2
area size : 224
mean x : 145.81
mean y : 161.23
mean E_x^2 : 15.61
mean E_y^2 : 24.06
mean E_xy^2 : -4.88
theta : -0.78
average greyscal : 64.21
average RGB [65.87,62.62,64.89]
(4 1)(6 1)(20 1)(21 1)(22 1)(26 1)(32 1)(34 1)(36 4)(37 1)(38 1)(41 3)(42 2)(44 2)(46 6)(47 2)(48 1)(49 7)(50 2)(51 5)(52 5)(53 7)(54 5)(55 7)(56 4)(57 4)(58 10)(59 7)(60 5)(61 4)(62 3)(63 7)(64 12)(65 7)(66 4)(67 5)(68 8)(69 3)(70 5)(71 6)(72 9)(73 10)(74 4)(75 3)(76 1)(77 3)(79 1)(80 1)(81 3)(83 1)(84 1)(86 2)(87 1)(89 1)(92 2)(94 1)(95 2)(96 1)(97 1)(98 1)(99 1)(102 1)(104 1)(107 1)(108 2)(111 2)(112 2)(116 2)(148 1)
---area label--- : 3
area size : 5
mean x : 89.00
mean y : 249.00
mean E_x^2 : 0.40
mean E_y^2 : 0.80
mean E_xy^2 : 0.40
theta : -0.51
average greyscal : 39.40
average RGB [61.40,31.40,26.20]
(18 1)(27 1)(29 1)(38 1)(85 1)
