NUMBER OF AREAS : 1
---area label--- : 1
area size : 620
mean x : 153.90
mean y : 126.65
mean E_x^2 : 138.19
mean E_y^2 : 66.83
mean E_xy^2 : 73.72
theta : 0.78
average greyscal : 47.84
average RGB [40.51,47.22,56.78]
(0 3)(1 5)(2 5)(3 2)(4 5)(5 5)(6 2)(7 2)(8 4)(9 3)(10 2)(11 1)(12 4)(13 3)(14 2)(15 7)(16 3)(17 4)(18 8)(19 4)(20 5)(21 4)(22 5)(23 3)(24 11)(25 7)(26 5)(27 11)(28 14)(29 13)(30 14)(31 11)(32 11)(33 8)(34 11)(35 13)(36 18)(37 4)(38 6)(39 8)(40 5)(41 4)(42 10)(43 7)(44 5)(45 3)(46 11)(47 5)(48 12)(49 8)(50 12)(51 7)(52 7)(53 7)(54 15)(55 15)(56 11)(57 10)(58 10)(59 13)(60 13)(61 13)(62 11)(63 6)(64 1)(65 7)(66 9)(67 8)(68 9)(69 6)(70 6)(71 7)(72 4)(73 5)(74 4)(75 4)(76 6)(77 5)(78 1)(79 5)(80 2)(81 2)(82 3)(83 2)(84 1)(85 2)(86 5)(88 2)(89 3)(90 3)(91 4)(93 1)(94 1)(95 2)(96 2)(99 2)(100 3)(102 1)(103 1)(106 1)(107 1)(110 1)(112 3)(113 3)(116 1)(117 1)(123 1)(139 1)(154 1)(169 1)
