NUMBER OF AREAS : 2
---area label--- : 1
area size : 30
mean x : 85.70
mean y : 76.50
mean E_x^2 : 5.08
mean E_y^2 : 3.05
mean E_xy^2 : 2.95
theta : 0.75
average greyscal : 24.73
average RGB [26.67,23.83,24.93]
(2 1)(5 1)(7 1)(8 1)(13 1)(14 1)(15 1)(17 1)(20 2)(22 1)(23 2)(24 4)(25 2)(27 1)(28 1)(29 1)(30 2)(31 2)(36 1)(44 1)(53 1)(68 1)
---area label--- : 2
area size : 257
mean x : 280.35
mean y : 278.28
mean E_x^2 : 80.90
mean E_y^2 : 15.74
mean E_xy^2 : -23.39
theta : 0.77
average greyscal : 38.25
average RGB [28.04,38.32,49.38]
(15 1)(16 1)(18 1)(19 3)(20 2)(21 6)(22 5)(23 9)(24 12)(25 8)(26 10)(27 7)(28 5)(29 11)(30 5)(31 10)(32 7)(33 7)(34 4)(35 8)(36 2)(37 8)(38 3)(39 6)(40 5)(41 8)(42 3)(43 7)(44 5)(45 8)(46 3)(47 5)(48 10)(49 8)(50 6)(51 5)(52 5)(53 7)(54 5)(55 6)(56 8)(57 1)(58 2)(59 1)(60 1)(62 1)(65 1)(66 1)(68 1)(76 2)(79 1)
