NUMBER OF AREAS : 2
---area label--- : 1
area size : 331
mean x : 98.98
mean y : 151.82
mean E_x^2 : 99.40
mean E_y^2 : 24.00
mean E_xy^2 : 39.84
theta : 0.78
average greyscal : 46.62
average RGB [51.65,40.98,48.11]
(0 5)(1 6)(2 2)(3 3)(4 2)(5 2)(6 1)(7 3)(8 2)(9 1)(10 2)(11 1)(12 3)(13 1)(15 3)(16 2)(17 3)(18 6)(19 3)(20 1)(21 2)(22 2)(23 2)(24 4)(25 6)(26 6)(27 6)(28 2)(29 4)(30 4)(31 7)(32 10)(33 10)(34 6)(35 5)(36 9)(37 11)(38 10)(39 8)(40 8)(41 7)(42 3)(43 6)(44 5)(45 5)(46 2)(47 3)(48 2)(49 4)(50 5)(51 2)(52 2)(53 9)(54 3)(55 3)(56 2)(57 8)(58 1)(59 2)(60 6)(61 4)(62 6)(63 4)(64 2)(65 1)(66 2)(67 2)(68 1)(69 2)(70 1)(71 2)(72 1)(73 2)(74 1)(76 1)(78 2)(80 2)(81 2)(83 1)(84 1)(85 1)(87 2)(88 1)(89 1)(90 2)(92 2)(93 1)(94 1)(96 1)(97 2)(98 1)(101 1)(103 2)(108 2)(110 1)(112 1)(113 1)(115 1)(120 1)(124 1)(126 1)(128 1)(131 1)(132 2)(135 1)(138 1)(149 1)(171 1)(186 1)(190 1)
---area label--- : 2
area size : 223
mean x : 145.83
mean y : 161.27
mean E_x^2 : 15.42
mean E_y^2 : 24.30
mean E_xy^2 : -4.76
theta : -0.78
average greyscal : 63.94
average RGB [65.94,62.18,64.53]
(3 1)(11 1)(19 1)(22 1)(25 1)(27 1)(36 1)(38 2)(40 2)(41 1)(42 4)(43 3)(44 2)(45 2)(46 9)(47 5)(48 4)(49 4)(50 4)(51 3)(52 3)(53 5)(54 5)(55 4)(56 3)(57 2)(58 3)(59 4)(60 7)(61 6)(62 5)(63 6)(64 11)(65 12)(66 9)(67 7)(68 8)(69 6)(70 8)(71 5)(72 5)(73 7)(74 3)(75 5)(76 1)(78 2)(79 1)(80 2)(82 1)(83 1)(87 1)(88 3)(89 1)(91 1)(93 1)(94 1)(96 1)(97 3)(103 2)(105 1)(107 1)(108 2)(109 1)(112 1)(114 1)(115 1)(116 1)(147 1)
