NUMBER OF AREAS : 1
---area label--- : 1
area size : 634
mean x : 129.99
mean y : 153.87
mean E_x^2 : 211.44
mean E_y^2 : 48.37
mean E_xy^2 : 76.71
theta : 0.78
average greyscal : 55.21
average RGB [59.55,51.21,55.79]
(0 5)(1 2)(2 3)(3 2)(4 8)(5 6)(6 5)(7 2)(8 3)(9 5)(10 1)(11 4)(12 2)(13 5)(14 2)(15 2)(16 2)(17 4)(18 4)(19 5)(20 5)(21 7)(22 8)(23 6)(24 5)(25 8)(26 6)(27 12)(28 2)(29 5)(30 7)(31 10)(32 10)(33 16)(34 7)(35 9)(36 10)(37 4)(38 11)(39 5)(40 5)(41 10)(42 5)(43 2)(44 8)(45 7)(46 9)(47 11)(48 9)(49 12)(50 6)(51 5)(52 3)(53 17)(54 2)(55 4)(56 6)(57 6)(58 4)(59 6)(60 8)(61 6)(62 10)(63 7)(64 13)(65 13)(66 13)(67 14)(68 13)(69 11)(70 10)(71 9)(72 11)(73 7)(74 3)(75 4)(76 2)(77 1)(78 5)(79 1)(80 2)(81 4)(82 1)(83 4)(84 5)(85 4)(86 1)(87 3)(88 1)(89 1)(90 2)(91 2)(92 4)(93 2)(94 1)(95 3)(96 4)(97 3)(99 3)(100 2)(101 3)(102 2)(103 2)(104 2)(105 1)(106 2)(107 1)(108 2)(109 3)(111 2)(112 1)(113 1)(114 1)(115 2)(116 1)(117 2)(118 4)(120 1)(121 3)(123 2)(125 1)(126 1)(127 1)(130 1)(132 1)(142 1)(144 1)(147 1)(149 1)(150 1)(155 2)(156 2)(157 1)(161 1)(176 1)(178 1)(183 1)(187 1)(213 1)
