NUMBER OF AREAS : 3
---area label--- : 1
area size : 67
mean x : 85.39
mean y : 78.60
mean E_x^2 : 13.25
mean E_y^2 : 10.84
mean E_xy^2 : 9.90
theta : 0.78
average greyscal : 26.76
average RGB [30.33,22.36,28.39]
(0 1)(1 1)(5 2)(7 1)(8 1)(11 3)(13 3)(14 1)(15 2)(16 2)(17 2)(18 1)(19 3)(21 2)(22 2)(23 3)(25 3)(26 7)(27 1)(29 2)(30 3)(31 2)(32 3)(33 1)(34 3)(35 3)(39 1)(40 1)(45 1)(55 1)(59 1)(61 1)(71 1)(72 1)(83 1)
---area label--- : 2
area size : 218
mean x : 145.72
mean y : 161.32
mean E_x^2 : 15.05
mean E_y^2 : 23.50
mean E_xy^2 : -4.19
theta : -0.78
average greyscal : 63.27
average RGB [65.59,61.39,63.67]
(3 1)(4 1)(7 1)(23 1)(28 1)(30 1)(32 1)(33 2)(37 1)(38 2)(39 2)(40 1)(41 1)(43 2)(44 1)(45 3)(46 7)(47 4)(48 6)(49 6)(50 2)(51 7)(52 2)(53 3)(54 2)(55 4)(56 2)(57 2)(58 3)(59 5)(60 6)(61 11)(62 12)(63 9)(64 8)(65 10)(66 12)(67 11)(68 4)(69 5)(70 7)(71 10)(72 2)(73 2)(74 1)(75 1)(76 4)(77 1)(78 1)(79 1)(80 1)(85 1)(88 2)(89 1)(93 1)(94 1)(99 1)(100 2)(101 1)(102 1)(103 1)(108 1)(109 1)(113 1)(114 1)(115 2)(116 1)(119 1)(122 1)(148 1)
---area label--- : 3
area size : 5
mean x : 89.00
mean y : 249.00
mean E_x^2 : 0.40
mean E_y^2 : 0.80
mean E_xy^2 : 0.40
theta : -0.51
average greyscal : 31.80
average RGB [36.20,40.00,19.60]
(16 1)(19 1)(22 1)(44 1)(58 1)
