NUMBER OF AREAS : 2
---area label--- : 1
area size : 552
mean x : 139.47
mean y : 119.31
mean E_x^2 : 142.52
mean E_y^2 : 60.66
mean E_xy^2 : 79.47
theta : 0.78
average greyscal : 53.60
average RGB [45.44,52.98,63.38]
(0 2)(1 1)(2 2)(6 2)(7 3)(8 2)(9 1)(10 2)(11 4)(12 1)(13 3)(14 1)(15 5)(16 2)(17 3)(18 3)(19 3)(20 4)(21 3)(22 4)(23 9)(24 16)(25 7)(26 9)(27 9)(28 4)(29 7)(30 19)(31 12)(32 12)(33 13)(34 12)(35 9)(36 8)(37 5)(38 17)(39 5)(40 7)(41 4)(42 6)(43 2)(44 6)(45 5)(46 5)(47 6)(48 7)(49 10)(50 8)(51 6)(52 9)(53 9)(54 9)(55 2)(56 9)(57 3)(58 10)(59 4)(60 3)(61 8)(62 7)(63 2)(64 3)(65 7)(66 6)(67 7)(68 8)(69 4)(70 6)(71 4)(72 7)(73 5)(74 4)(75 4)(76 7)(77 1)(78 3)(79 5)(80 3)(81 6)(82 5)(83 2)(84 4)(85 3)(86 2)(87 1)(88 2)(89 1)(90 2)(91 5)(92 1)(93 4)(94 1)(95 2)(96 2)(98 1)(99 2)(100 1)(101 2)(102 3)(103 2)(104 7)(105 3)(106 3)(107 2)(108 1)(109 1)(110 2)(111 2)(112 2)(116 1)(117 2)(118 1)(121 1)(123 2)(124 1)(129 1)(130 1)(134 2)(141 1)(145 1)(146 1)(147 1)(148 1)(152 2)(155 1)
---area label--- : 2
area size : 8
mean x : 113.50
mean y : 113.00
mean E_x^2 : 0.75
mean E_y^2 : 0.75
mean E_xy^2 : 0.38
theta : 0.79
average greyscal : 88.88
average RGB [95.75,81.62,89.25]
(69 1)(75 1)(81 1)(84 1)(88 1)(91 1)(111 1)(112 1)
