NUMBER OF AREAS : 2
---area label--- : 1
area size : 10
mean x : 144.30
mean y : 89.60
mean E_x^2 : 0.81
mean E_y^2 : 1.24
mean E_xy^2 : 0.62
theta : -0.68
average greyscal : 68.90
average RGB [78.90,62.40,66.70]
(32 1)(38 1)(39 1)(61 1)(62 1)(65 1)(72 1)(105 1)(106 1)(109 1)
---area label--- : 2
area size : 650
mean x : 157.23
mean y : 115.10
mean E_x^2 : 158.77
mean E_y^2 : 56.71
mean E_xy^2 : 69.62
theta : 0.78
average greyscal : 49.78
average RGB [42.73,48.56,59.06]
(0 2)(1 3)(2 3)(3 2)(4 2)(5 3)(6 4)(7 3)(8 1)(9 2)(10 5)(11 5)(12 3)(13 8)(14 1)(15 3)(16 5)(17 2)(18 1)(19 2)(20 4)(21 4)(22 4)(23 10)(24 9)(25 10)(26 9)(27 13)(28 6)(29 6)(30 8)(31 16)(32 21)(33 17)(34 14)(35 18)(36 7)(37 9)(38 9)(39 6)(40 8)(41 11)(42 8)(43 3)(44 8)(45 5)(46 18)(47 14)(48 3)(49 15)(50 7)(51 7)(52 5)(53 11)(54 14)(55 8)(56 14)(57 9)(58 14)(59 6)(60 9)(61 8)(62 9)(63 7)(64 13)(65 5)(66 2)(67 4)(68 5)(69 5)(70 9)(71 9)(72 4)(73 2)(74 7)(75 6)(76 6)(77 3)(78 1)(79 5)(80 2)(81 3)(82 1)(83 4)(84 3)(85 5)(86 5)(87 6)(88 2)(89 2)(90 2)(91 5)(92 2)(93 2)(94 1)(96 3)(97 1)(98 2)(99 2)(100 1)(101 1)(102 2)(103 1)(104 1)(106 1)(107 1)(108 2)(109 2)(110 1)(111 2)(113 1)(116 2)(117 1)(118 1)(119 1)(121 2)(122 1)(130 1)(131 1)(135 1)(142 1)(151 1)(152 1)
