NUMBER OF AREAS : 3
---area label--- : 1
area size : 5
mean x : 118.00
mean y : 95.00
mean E_x^2 : 0.40
mean E_y^2 : 0.80
mean E_xy^2 : 0.40
theta : -0.51
average greyscal : 80.60
average RGB [86.00,76.20,81.00]
(68 1)(69 1)(84 1)(89 1)(93 1)
---area label--- : 2
area size : 529
mean x : 139.31
mean y : 119.99
mean E_x^2 : 137.32
mean E_y^2 : 54.28
mean E_xy^2 : 73.63
theta : 0.78
average greyscal : 51.96
average RGB [42.88,50.48,63.49]
(1 3)(2 3)(3 2)(4 2)(5 2)(6 2)(7 1)(8 1)(9 3)(10 3)(11 3)(12 5)(13 4)(14 3)(15 2)(16 8)(17 2)(18 3)(20 4)(21 4)(22 4)(23 4)(24 6)(25 10)(26 10)(27 14)(28 7)(29 3)(30 8)(31 11)(32 14)(33 11)(34 14)(35 10)(36 12)(37 7)(38 8)(39 12)(40 8)(41 7)(42 5)(43 3)(44 4)(45 3)(46 3)(47 5)(49 13)(50 7)(51 8)(52 6)(53 3)(54 7)(55 9)(56 8)(57 8)(58 6)(59 4)(60 5)(61 5)(62 7)(63 4)(64 6)(65 6)(66 3)(67 5)(68 7)(69 5)(70 12)(71 4)(72 2)(73 8)(74 4)(75 5)(76 1)(77 1)(78 2)(79 5)(80 4)(81 4)(82 5)(83 2)(84 2)(85 2)(86 5)(87 3)(88 1)(89 2)(90 3)(91 3)(92 2)(94 2)(96 3)(97 2)(98 2)(99 3)(100 1)(101 3)(102 3)(103 2)(104 6)(105 2)(107 1)(108 2)(109 2)(110 1)(111 1)(113 1)(114 1)(118 1)(120 1)(122 1)(127 1)(130 1)(136 1)(139 1)(140 2)(141 1)(153 1)(156 1)(157 1)(171 1)
---area label--- : 3
area size : 5
mean x : 114.00
mean y : 112.00
mean E_x^2 : 0.40
mean E_y^2 : 0.80
mean E_xy^2 : 0.40
theta : -0.51
average greyscal : 79.20
average RGB [88.80,75.00,75.20]
(51 1)(59 1)(90 1)(96 1)(100 1)
