NUMBER OF AREAS : 1
---area label--- : 1
area size : 497
mean x : 149.64
mean y : 123.69
mean E_x^2 : 149.72
mean E_y^2 : 46.67
mean E_xy^2 : 69.87
theta : 0.78
average greyscal : 48.24
average RGB [41.18,46.75,57.92]
(0 1)(1 2)(2 5)(4 1)(6 2)(7 5)(11 1)(12 1)(14 6)(15 9)(16 4)(17 6)(18 6)(19 5)(20 5)(21 4)(22 3)(23 7)(24 12)(25 14)(26 8)(27 9)(28 12)(29 11)(30 14)(31 10)(32 7)(33 7)(34 9)(35 8)(36 10)(37 2)(38 5)(39 3)(40 8)(41 5)(42 1)(43 5)(44 2)(45 6)(46 6)(47 6)(48 7)(49 8)(50 10)(51 4)(52 9)(53 3)(54 10)(55 8)(56 11)(57 6)(58 8)(59 4)(60 8)(61 11)(62 8)(63 5)(64 6)(65 6)(66 5)(67 6)(68 7)(69 6)(70 4)(71 4)(72 5)(73 3)(74 1)(75 2)(76 3)(77 7)(78 3)(79 1)(80 1)(81 3)(82 3)(84 2)(85 4)(86 2)(87 3)(88 2)(89 4)(90 1)(91 1)(93 2)(94 1)(95 1)(96 2)(97 1)(98 1)(99 1)(101 1)(102 5)(103 1)(108 1)(109 1)(110 1)(111 1)(112 1)(115 1)(121 1)(124 1)(128 1)(132 1)(138 1)(163 1)(165 1)
