NUMBER OF AREAS : 1
---area label--- : 1
area size : 577
mean x : 128.98
mean y : 154.93
mean E_x^2 : 265.72
mean E_y^2 : 44.79
mean E_xy^2 : 88.28
theta : 0.78
average greyscal : 58.02
average RGB [63.83,53.39,57.82]
(0 6)(1 1)(2 4)(3 5)(4 1)(5 5)(6 3)(8 6)(9 2)(10 1)(11 3)(12 2)(13 2)(14 1)(15 2)(16 3)(17 3)(18 3)(19 2)(20 4)(21 3)(22 7)(23 6)(24 1)(25 3)(26 5)(27 5)(28 7)(29 12)(30 13)(31 16)(32 12)(33 7)(34 7)(35 7)(36 4)(37 5)(38 6)(39 4)(40 5)(41 4)(42 5)(43 5)(44 7)(45 7)(46 4)(47 10)(48 5)(49 2)(50 4)(51 7)(52 7)(53 7)(54 9)(55 5)(56 13)(57 2)(58 7)(59 9)(60 2)(61 8)(62 7)(63 7)(64 14)(65 3)(66 10)(67 6)(68 15)(69 12)(70 11)(71 6)(72 7)(73 17)(74 8)(75 5)(76 4)(77 2)(78 8)(79 5)(80 3)(81 1)(82 3)(84 2)(85 3)(86 1)(87 2)(88 3)(89 5)(90 3)(91 1)(92 1)(93 2)(94 3)(95 2)(96 1)(97 3)(98 3)(99 1)(100 2)(101 3)(102 1)(104 3)(105 1)(106 2)(107 4)(109 2)(110 1)(111 4)(112 2)(113 1)(115 3)(116 1)(118 1)(120 1)(121 1)(122 1)(123 2)(126 2)(127 1)(130 2)(132 1)(134 3)(136 1)(138 2)(139 1)(140 1)(147 1)(148 2)(149 1)(152 1)(153 1)(154 1)(160 2)(161 1)(162 1)(164 1)(168 2)
