NUMBER OF AREAS : 1
---area label--- : 1
area size : 564
mean x : 127.36
mean y : 157.37
mean E_x^2 : 305.89
mean E_y^2 : 30.80
mean E_xy^2 : 68.87
theta : 0.78
average greyscal : 54.65
average RGB [59.02,50.54,55.38]
(0 5)(1 2)(2 3)(3 6)(4 6)(5 5)(6 6)(7 2)(8 4)(10 2)(11 6)(12 3)(13 1)(14 2)(15 3)(17 1)(18 2)(19 4)(20 3)(21 3)(22 3)(23 6)(24 5)(25 7)(26 5)(27 13)(28 5)(29 10)(30 8)(31 13)(32 11)(33 5)(34 12)(35 8)(36 8)(37 8)(38 5)(39 9)(40 4)(41 6)(42 7)(43 6)(44 1)(45 6)(46 6)(47 11)(48 5)(49 4)(50 7)(51 8)(52 4)(53 5)(54 6)(55 3)(56 6)(57 3)(58 3)(59 9)(60 12)(61 11)(62 11)(63 10)(64 7)(65 12)(66 12)(67 7)(68 8)(69 9)(70 8)(71 9)(72 5)(73 6)(74 3)(75 3)(76 3)(77 1)(78 5)(79 3)(80 2)(81 4)(82 3)(85 1)(86 3)(87 2)(88 3)(89 2)(90 2)(91 3)(92 3)(93 1)(94 3)(95 3)(96 4)(97 2)(98 1)(99 2)(100 3)(101 2)(102 4)(103 1)(105 3)(107 1)(108 2)(109 2)(110 2)(111 1)(113 1)(114 2)(116 1)(118 3)(119 1)(121 2)(122 1)(123 2)(125 1)(126 1)(127 3)(128 1)(131 1)(132 1)(135 2)(137 1)(140 1)(142 1)(144 1)(150 1)(152 1)(153 1)(156 1)(158 1)(161 1)(179 1)
