NUMBER OF AREAS : 1
---area label--- : 1
area size : 765
mean x : 251.51
mean y : 216.99
mean E_x^2 : 124.28
mean E_y^2 : 35.90
mean E_xy^2 : 4.62
theta : 0.78
average greyscal : 49.45
average RGB [42.46,48.65,58.35]
(1 1)(3 1)(5 2)(8 3)(9 2)(11 4)(12 3)(13 3)(15 4)(16 2)(17 8)(18 5)(19 10)(20 7)(21 8)(22 16)(23 9)(24 7)(25 11)(26 17)(27 17)(28 8)(29 7)(30 17)(31 13)(32 9)(33 13)(34 5)(35 13)(36 14)(37 8)(38 14)(39 13)(40 17)(41 15)(42 13)(43 20)(44 15)(45 15)(46 27)(47 19)(48 16)(49 16)(50 12)(51 17)(52 9)(53 11)(54 11)(55 17)(56 14)(57 5)(58 6)(59 2)(60 17)(61 5)(62 2)(63 3)(64 4)(65 8)(66 5)(67 5)(68 6)(69 6)(70 6)(71 2)(72 8)(73 4)(74 12)(75 5)(76 8)(77 8)(78 7)(79 10)(80 8)(81 4)(82 5)(83 4)(84 3)(85 3)(86 4)(87 3)(89 2)(90 6)(91 1)(92 4)(93 4)(94 2)(95 1)(96 1)(98 1)(99 1)(102 1)(103 2)(104 2)(106 1)(107 1)(109 1)(110 1)(111 1)(112 1)(113 2)(114 2)(115 1)(117 1)(118 1)(119 1)(120 1)(126 2)(127 1)(130 1)(138 1)(153 1)
