NUMBER OF AREAS : 2
---area label--- : 1
area size : 221
mean x : 145.77
mean y : 161.25
mean E_x^2 : 15.20
mean E_y^2 : 24.35
mean E_xy^2 : -4.87
theta : -0.78
average greyscal : 64.49
average RGB [67.15,61.03,66.31]
(5 1)(7 1)(22 2)(24 1)(28 1)(32 1)(33 1)(35 1)(37 1)(38 1)(40 1)(41 2)(42 2)(44 5)(45 2)(46 3)(47 3)(48 7)(49 5)(50 4)(51 5)(52 1)(53 5)(54 1)(55 8)(56 4)(57 1)(58 3)(59 5)(60 6)(61 3)(62 3)(63 5)(64 7)(65 10)(66 12)(67 13)(68 5)(69 10)(70 5)(71 8)(72 7)(73 6)(74 4)(75 3)(76 3)(77 2)(78 4)(80 2)(81 1)(82 2)(83 1)(84 1)(86 1)(88 2)(90 1)(93 1)(97 1)(98 2)(99 1)(100 1)(102 1)(107 1)(108 1)(110 1)(111 1)(114 2)(116 1)(118 1)(158 1)
---area label--- : 2
area size : 5
mean x : 89.00
mean y : 249.00
mean E_x^2 : 0.40
mean E_y^2 : 0.80
mean E_xy^2 : 0.40
theta : -0.51
average greyscal : 32.60
average RGB [42.20,29.00,27.40]
(11 1)(17 1)(26 1)(39 1)(70 1)
