NUMBER OF AREAS : 1
---area label--- : 1
area size : 72
mean x : 86.39
mean y : 88.60
mean E_x^2 : 16.49
mean E_y^2 : 23.38
mean E_xy^2 : 17.80
theta : -0.78
average greyscal : 38.75
average RGB [44.44,33.79,39.17]
(1 1)(5 1)(6 2)(9 1)(11 2)(12 1)(14 1)(16 1)(17 2)(19 1)(20 3)(21 3)(23 1)(24 1)(27 2)(28 1)(29 1)(30 1)(31 3)(32 1)(33 1)(36 1)(37 3)(40 3)(42 6)(43 1)(44 2)(45 1)(46 1)(47 2)(48 2)(49 1)(51 2)(52 1)(53 1)(54 1)(55 1)(56 1)(58 1)(59 1)(60 1)(64 1)(66 1)(72 2)(74 1)(94 1)(95 1)(111 1)
