NUMBER OF AREAS : 1
---area label--- : 1
area size : 509
mean x : 169.95
mean y : 133.59
mean E_x^2 : 97.58
mean E_y^2 : 39.61
mean E_xy^2 : 40.25
theta : 0.78
average greyscal : 50.69
average RGB [46.30,48.06,58.74]
(0 2)(1 2)(2 2)(4 1)(5 3)(6 2)(7 1)(8 1)(9 1)(10 2)(12 3)(14 5)(15 2)(16 2)(17 1)(18 2)(19 1)(20 3)(21 3)(22 2)(23 3)(24 8)(25 4)(26 11)(27 8)(28 10)(29 13)(30 12)(31 6)(32 10)(33 11)(34 12)(35 6)(36 9)(37 5)(38 7)(39 10)(40 11)(41 6)(42 9)(43 10)(44 7)(45 6)(46 10)(47 11)(48 3)(49 10)(50 11)(51 7)(52 13)(53 5)(54 11)(55 10)(56 8)(57 9)(58 8)(59 4)(60 9)(61 5)(62 8)(63 3)(64 7)(65 5)(66 7)(67 4)(68 4)(69 10)(70 4)(71 2)(72 2)(74 2)(75 3)(76 2)(77 5)(78 2)(79 3)(80 6)(81 3)(82 1)(83 2)(84 1)(85 2)(86 3)(87 1)(88 2)(89 1)(90 1)(92 3)(93 1)(94 2)(95 2)(96 2)(97 2)(98 1)(99 3)(100 4)(101 2)(103 1)(104 3)(105 2)(107 1)(110 3)(111 1)(112 2)(115 1)(116 1)(117 1)(121 1)(123 1)(132 1)(133 1)(134 1)(137 1)
