NUMBER OF AREAS : 2
---area label--- : 1
area size : 109
mean x : 82.27
mean y : 89.50
mean E_x^2 : 26.49
mean E_y^2 : 14.38
mean E_xy^2 : 16.11
theta : 0.78
average greyscal : 37.35
average RGB [39.38,33.60,40.03]
(2 1)(4 1)(11 2)(12 2)(13 2)(14 1)(15 1)(17 1)(18 3)(19 2)(21 1)(22 1)(23 2)(24 6)(25 2)(26 7)(27 1)(28 3)(29 1)(30 3)(31 7)(32 3)(33 2)(34 2)(35 3)(37 1)(38 5)(39 1)(40 2)(41 4)(42 4)(43 2)(44 1)(45 3)(46 1)(48 4)(49 3)(50 1)(51 1)(52 1)(55 1)(56 3)(57 1)(60 1)(61 1)(70 1)(71 1)(73 1)(75 1)(84 1)(111 1)(115 1)(127 1)
---area label--- : 2
area size : 751
mean x : 188.23
mean y : 163.91
mean E_x^2 : 175.05
mean E_y^2 : 47.51
mean E_xy^2 : 54.92
theta : 0.78
average greyscal : 51.63
average RGB [41.56,50.06,64.28]
(0 1)(1 1)(2 1)(3 1)(5 1)(6 2)(7 2)(9 3)(10 4)(11 1)(12 3)(13 7)(14 3)(15 3)(16 8)(17 2)(18 4)(19 7)(20 3)(21 7)(22 5)(23 6)(24 7)(25 10)(26 18)(27 22)(28 10)(29 12)(30 13)(31 12)(32 14)(33 10)(34 10)(35 13)(36 11)(37 6)(38 14)(39 11)(40 12)(41 11)(42 10)(43 7)(44 10)(45 7)(46 9)(47 9)(48 11)(49 13)(50 5)(51 8)(52 10)(53 10)(54 12)(55 16)(56 16)(57 5)(58 11)(59 12)(60 6)(61 7)(62 7)(63 10)(64 20)(65 9)(66 11)(67 12)(68 6)(69 12)(70 8)(71 10)(72 15)(73 8)(74 9)(75 4)(76 9)(77 8)(78 9)(79 5)(80 9)(81 5)(82 5)(83 7)(84 9)(85 3)(86 4)(87 2)(88 3)(89 5)(90 3)(91 4)(92 2)(93 3)(95 2)(96 4)(97 3)(98 2)(100 3)(101 2)(102 1)(103 1)(105 2)(106 1)(111 1)(116 1)(117 1)(120 1)(126 1)(127 1)(129 1)(134 1)(135 1)
