NUMBER OF AREAS : 1
---area label--- : 1
area size : 566
mean x : 140.85
mean y : 120.59
mean E_x^2 : 142.87
mean E_y^2 : 53.43
mean E_xy^2 : 68.08
theta : 0.78
average greyscal : 51.93
average RGB [43.23,52.37,61.30]
(0 2)(2 2)(3 5)(4 3)(5 1)(6 2)(7 3)(8 2)(11 3)(12 2)(13 2)(15 3)(16 3)(17 8)(18 4)(19 4)(21 7)(22 4)(23 8)(24 9)(25 11)(26 12)(27 7)(28 8)(29 11)(30 12)(31 12)(32 21)(33 5)(34 12)(35 9)(36 9)(37 7)(38 9)(39 9)(40 9)(41 2)(42 3)(43 8)(44 7)(45 9)(46 4)(47 4)(48 8)(49 6)(50 4)(51 8)(52 5)(53 8)(54 6)(55 9)(56 10)(57 8)(58 4)(59 4)(60 7)(61 7)(62 7)(63 11)(64 9)(65 8)(66 11)(67 4)(68 4)(69 9)(70 5)(71 7)(72 5)(73 5)(74 5)(75 1)(76 6)(77 6)(78 5)(79 1)(80 2)(81 3)(82 1)(83 3)(84 6)(85 4)(86 2)(87 3)(88 4)(89 1)(90 5)(92 4)(93 3)(94 4)(95 4)(96 2)(97 2)(98 1)(99 2)(101 2)(103 1)(104 2)(106 1)(107 1)(108 1)(109 1)(110 1)(111 3)(114 1)(117 2)(125 1)(131 1)(133 2)(136 1)(137 1)(139 1)(140 1)(141 1)(142 1)(144 1)(151 1)(155 1)(167 1)
