NUMBER OF AREAS : 2
---area label--- : 1
area size : 43
mean x : 85.51
mean y : 73.09
mean E_x^2 : 2.76
mean E_y^2 : 6.27
mean E_xy^2 : 0.91
theta : -0.73
average greyscal : 38.33
average RGB [39.21,36.37,39.86]
(0 2)(1 1)(2 2)(3 1)(6 1)(11 1)(14 2)(15 1)(16 1)(17 1)(18 1)(19 1)(20 3)(21 1)(22 1)(26 2)(27 1)(31 1)(34 2)(36 1)(39 1)(41 1)(45 2)(47 1)(48 1)(75 1)(82 1)(83 1)(88 2)(96 2)(98 1)(104 1)(118 1)
---area label--- : 2
area size : 824
mean x : 271.86
mean y : 258.23
mean E_x^2 : 126.77
mean E_y^2 : 75.90
mean E_xy^2 : -26.28
theta : 0.78
average greyscal : 44.51
average RGB [36.18,44.04,54.44]
(5 3)(7 1)(8 1)(9 1)(10 2)(11 2)(12 2)(13 3)(14 2)(15 3)(16 4)(17 4)(18 9)(19 7)(20 13)(21 8)(22 16)(23 9)(24 29)(25 17)(26 22)(27 16)(28 15)(29 22)(30 15)(31 19)(32 18)(33 20)(34 14)(35 14)(36 13)(37 6)(38 10)(39 12)(40 17)(41 16)(42 24)(43 10)(44 10)(45 10)(46 25)(47 12)(48 18)(49 24)(50 19)(51 21)(52 7)(53 13)(54 17)(55 16)(56 13)(57 6)(58 7)(59 10)(60 9)(61 9)(62 11)(63 12)(64 11)(65 9)(66 6)(67 18)(68 11)(69 6)(70 8)(71 3)(72 6)(73 2)(74 6)(75 6)(76 5)(77 2)(78 4)(79 5)(80 2)(81 3)(82 3)(83 3)(85 1)(86 1)(89 2)(91 1)(94 1)(95 1)(100 1)(102 2)(105 1)(115 2)(116 1)(119 1)(130 1)(131 1)
