NUMBER OF AREAS : 1
---area label--- : 1
area size : 478
mean x : 140.02
mean y : 118.75
mean E_x^2 : 128.85
mean E_y^2 : 43.85
mean E_xy^2 : 62.12
theta : 0.78
average greyscal : 54.45
average RGB [44.97,55.43,63.92]
(0 2)(1 4)(2 1)(3 2)(4 2)(5 2)(6 2)(7 2)(9 2)(10 6)(11 2)(12 1)(13 2)(14 1)(15 1)(16 3)(17 5)(18 3)(19 2)(20 3)(21 2)(22 1)(23 7)(24 4)(25 8)(26 8)(27 9)(28 3)(29 7)(30 9)(31 9)(32 8)(33 15)(34 14)(35 6)(36 10)(37 7)(38 5)(39 11)(40 5)(41 6)(42 9)(44 5)(45 1)(46 5)(47 4)(48 8)(49 6)(50 6)(51 5)(52 5)(53 6)(54 8)(55 4)(56 6)(57 3)(58 6)(59 6)(60 8)(61 6)(62 6)(63 4)(64 5)(65 4)(66 7)(67 4)(68 3)(69 5)(70 10)(71 2)(72 4)(73 1)(74 4)(75 4)(76 4)(77 3)(78 7)(79 2)(80 5)(81 4)(82 3)(83 3)(84 3)(85 2)(86 3)(87 2)(89 4)(90 1)(91 5)(92 1)(93 3)(94 3)(95 5)(96 1)(97 2)(98 4)(99 1)(100 1)(101 3)(102 1)(103 3)(104 1)(105 2)(106 1)(109 1)(111 2)(115 2)(116 1)(119 1)(130 1)(132 1)(144 1)(148 1)(150 1)(153 1)(154 1)(160 2)(169 2)(176 1)(177 1)(182 1)(183 1)(190 1)
