NUMBER OF AREAS : 1
---area label--- : 1
area size : 503
mean x : 117.63
mean y : 142.05
mean E_x^2 : 109.89
mean E_y^2 : 30.02
mean E_xy^2 : 36.11
theta : 0.78
average greyscal : 60.84
average RGB [67.92,55.88,59.75]
(0 4)(1 2)(2 1)(3 2)(4 3)(5 2)(6 1)(7 2)(8 3)(9 3)(10 1)(11 1)(12 1)(13 1)(14 2)(15 4)(16 2)(17 7)(18 3)(19 2)(20 2)(21 3)(22 4)(23 6)(24 3)(25 4)(26 4)(27 6)(28 4)(29 7)(30 3)(31 7)(32 6)(33 3)(34 7)(35 3)(36 6)(37 6)(38 6)(39 8)(40 4)(41 4)(42 8)(43 8)(44 6)(45 3)(46 5)(47 6)(48 4)(49 5)(50 7)(51 6)(52 6)(53 6)(54 8)(55 7)(56 6)(57 1)(58 2)(59 7)(60 3)(61 3)(62 4)(63 4)(64 9)(65 5)(66 5)(67 11)(68 5)(69 12)(70 11)(71 12)(72 9)(73 12)(74 11)(75 7)(76 7)(77 4)(78 6)(79 4)(80 3)(81 5)(82 3)(83 2)(84 4)(85 1)(86 4)(88 1)(90 2)(91 2)(92 2)(93 1)(94 1)(95 1)(97 3)(98 3)(99 4)(100 3)(101 1)(103 1)(104 5)(106 1)(107 5)(108 1)(109 5)(110 2)(111 4)(112 2)(113 1)(117 3)(118 2)(122 2)(123 1)(125 1)(126 1)(132 1)(133 1)(134 1)(135 2)(138 1)(139 1)(141 2)(146 1)(153 1)(154 1)(157 1)(161 3)(163 1)(171 1)(173 1)(185 1)(187 1)(192 1)
