NUMBER OF AREAS : 2
---area label--- : 1
area size : 673
mean x : 200.79
mean y : 158.92
mean E_x^2 : 103.04
mean E_y^2 : 59.87
mean E_xy^2 : 42.47
theta : 0.78
average greyscal : 48.97
average RGB [40.96,48.41,58.52]
(2 2)(3 2)(4 2)(6 1)(10 1)(11 2)(12 1)(13 2)(14 1)(15 2)(16 2)(17 4)(19 6)(20 7)(21 6)(22 3)(23 5)(24 11)(25 10)(26 19)(27 18)(28 17)(29 11)(30 6)(31 17)(32 15)(33 23)(34 20)(35 7)(36 15)(37 6)(38 13)(39 21)(40 12)(41 14)(42 14)(43 16)(44 10)(45 13)(46 16)(47 15)(48 7)(49 12)(50 11)(51 16)(52 15)(53 11)(54 12)(55 12)(56 8)(57 6)(58 4)(59 2)(60 11)(61 6)(62 2)(63 4)(64 8)(65 3)(66 5)(67 4)(68 2)(69 8)(70 6)(72 3)(73 7)(74 4)(75 7)(76 7)(77 4)(78 1)(79 3)(80 3)(81 1)(82 3)(83 5)(84 1)(85 2)(86 2)(87 2)(88 2)(89 1)(90 2)(91 2)(92 3)(93 1)(94 3)(95 3)(96 3)(97 2)(99 1)(100 1)(102 4)(103 1)(104 1)(105 1)(107 1)(108 2)(109 3)(111 2)(112 2)(113 1)(115 1)(124 3)(126 1)(128 1)(132 1)(134 1)(135 1)(140 1)(147 1)(149 1)(173 1)
---area label--- : 2
area size : 28
mean x : 217.50
mean y : 159.43
mean E_x^2 : 1.82
mean E_y^2 : 4.60
mean E_xy^2 : 1.82
theta : -0.70
average greyscal : 64.32
average RGB [69.11,58.82,65.96]
(13 2)(16 1)(25 1)(29 1)(33 1)(42 1)(45 1)(61 1)(63 1)(64 1)(65 1)(70 1)(71 2)(78 3)(82 1)(83 1)(84 1)(85 1)(88 1)(89 1)(91 1)(92 1)(96 2)
