NUMBER OF AREAS : 1
---area label--- : 1
area size : 212
mean x : 91.71
mean y : 107.50
mean E_x^2 : 32.22
mean E_y^2 : 36.06
mean E_xy^2 : 26.17
theta : -0.78
average greyscal : 54.33
average RGB [60.76,50.40,52.78]
(0 6)(1 2)(3 3)(4 4)(6 1)(7 2)(8 2)(10 5)(11 2)(13 1)(16 3)(17 1)(18 2)(22 2)(23 1)(25 2)(26 1)(27 2)(28 4)(29 2)(31 1)(34 1)(36 2)(37 2)(38 2)(39 1)(40 3)(43 1)(44 6)(45 6)(46 5)(47 3)(48 1)(49 2)(50 6)(51 2)(52 1)(53 2)(54 3)(55 2)(56 2)(57 7)(58 3)(59 4)(60 1)(61 9)(62 6)(63 3)(64 5)(65 6)(66 5)(67 5)(68 6)(69 1)(70 4)(71 3)(72 4)(73 2)(74 2)(75 3)(76 4)(79 2)(80 1)(81 1)(88 1)(92 1)(93 1)(94 1)(96 1)(99 1)(100 1)(101 1)(104 1)(105 1)(111 1)(117 4)(118 1)(122 1)(130 1)(137 1)(139 1)(144 1)(160 1)(164 1)
