NUMBER OF AREAS : 1
---area label--- : 1
area size : 567
mean x : 143.61
mean y : 121.18
mean E_x^2 : 150.06
mean E_y^2 : 48.18
mean E_xy^2 : 63.94
theta : 0.78
average greyscal : 52.59
average RGB [44.08,51.64,62.97]
(0 3)(2 1)(3 3)(4 2)(5 3)(6 1)(7 4)(8 3)(9 2)(10 5)(11 4)(13 1)(14 3)(15 3)(16 3)(17 1)(18 5)(19 7)(20 3)(21 2)(22 1)(23 5)(24 6)(25 6)(26 16)(27 12)(28 9)(29 8)(30 12)(31 11)(32 15)(33 13)(34 9)(35 16)(36 7)(37 8)(38 8)(39 5)(40 10)(41 8)(42 8)(43 10)(44 5)(45 4)(46 6)(47 3)(48 5)(49 5)(50 5)(51 6)(52 5)(53 7)(54 7)(55 5)(56 8)(57 10)(58 3)(59 2)(60 10)(61 12)(62 9)(63 9)(64 6)(65 1)(66 6)(67 7)(68 7)(69 3)(70 7)(71 5)(72 6)(73 6)(74 6)(75 4)(76 12)(77 5)(78 3)(79 8)(80 4)(81 4)(82 1)(83 2)(84 3)(85 2)(86 2)(87 3)(88 1)(89 1)(90 3)(91 1)(92 4)(93 5)(94 2)(95 4)(96 2)(97 1)(98 1)(99 5)(101 4)(102 2)(103 2)(104 2)(105 1)(107 1)(110 1)(111 2)(113 1)(114 2)(115 1)(116 2)(117 1)(118 1)(120 1)(121 2)(123 1)(125 1)(144 1)(148 1)(152 1)(156 1)(161 1)(163 1)(164 1)(168 1)
