NUMBER OF AREAS : 1
---area label--- : 1
area size : 647
mean x : 157.45
mean y : 118.22
mean E_x^2 : 146.73
mean E_y^2 : 72.91
mean E_xy^2 : 71.36
theta : 0.78
average greyscal : 47.72
average RGB [39.70,47.51,56.85]
(0 1)(1 2)(2 1)(3 1)(4 2)(5 3)(6 3)(7 5)(8 4)(9 8)(10 1)(11 5)(12 3)(13 1)(14 3)(15 3)(16 5)(17 4)(18 5)(19 9)(20 9)(21 8)(22 3)(23 6)(24 9)(25 7)(26 10)(27 14)(28 8)(29 9)(30 13)(31 13)(32 13)(33 9)(34 14)(35 12)(36 16)(37 8)(38 10)(39 5)(40 12)(41 10)(42 6)(43 7)(44 13)(45 8)(46 11)(47 11)(48 14)(49 12)(50 11)(51 17)(52 10)(53 17)(54 13)(55 10)(56 7)(57 11)(58 9)(59 10)(60 9)(61 10)(62 6)(63 6)(64 4)(65 5)(66 6)(67 2)(68 4)(69 2)(70 3)(71 5)(72 2)(73 5)(74 4)(75 3)(76 1)(77 3)(78 4)(79 5)(80 5)(81 2)(82 2)(83 4)(84 1)(85 3)(86 4)(87 2)(88 1)(89 2)(90 5)(91 6)(92 2)(94 1)(95 1)(96 2)(97 5)(99 1)(100 3)(101 1)(103 2)(104 2)(106 1)(109 3)(111 1)(114 1)(115 1)(116 1)(117 1)(119 1)(120 1)(122 1)(127 2)(154 1)(166 1)(170 1)
