NUMBER OF AREAS : 2
---area label--- : 1
area size : 228
mean x : 145.90
mean y : 161.50
mean E_x^2 : 15.80
mean E_y^2 : 23.59
mean E_xy^2 : -3.24
theta : -0.78
average greyscal : 61.51
average RGB [64.10,58.97,62.34]
(3 1)(5 1)(14 1)(15 1)(26 1)(28 1)(29 1)(30 1)(31 1)(36 2)(37 1)(38 1)(39 4)(40 2)(41 3)(42 7)(43 2)(44 4)(45 3)(46 3)(47 4)(48 7)(49 3)(50 3)(51 3)(52 2)(53 2)(54 1)(55 6)(56 8)(57 8)(58 12)(59 13)(60 10)(61 7)(62 9)(63 8)(64 5)(65 6)(66 6)(67 10)(68 3)(69 6)(70 2)(71 4)(72 4)(73 2)(76 1)(77 1)(80 3)(85 1)(86 2)(88 1)(90 1)(91 1)(94 1)(95 2)(96 1)(97 1)(98 1)(99 1)(100 2)(101 1)(102 3)(104 1)(107 1)(108 1)(109 1)(111 1)(113 1)(114 1)(118 1)(148 1)
---area label--- : 2
area size : 396
mean x : 129.50
mean y : 188.98
mean E_x^2 : 134.11
mean E_y^2 : 27.08
mean E_xy^2 : 48.83
theta : 0.78
average greyscal : 77.22
average RGB [90.23,70.36,72.06]
(0 3)(1 2)(2 4)(3 1)(4 1)(5 3)(6 2)(7 4)(8 2)(9 4)(10 1)(11 6)(12 4)(13 3)(14 3)(17 1)(18 4)(19 2)(20 3)(21 2)(23 1)(24 3)(25 3)(27 4)(28 2)(29 2)(30 1)(32 3)(33 2)(34 2)(35 4)(37 2)(38 4)(39 2)(40 3)(41 4)(42 3)(43 7)(44 4)(45 3)(46 3)(47 4)(48 3)(49 6)(50 3)(51 1)(52 9)(53 4)(54 2)(55 8)(56 3)(57 5)(58 2)(59 2)(61 1)(62 4)(63 6)(64 3)(65 4)(66 2)(67 4)(68 3)(69 5)(70 5)(71 8)(72 1)(73 5)(74 5)(75 3)(76 3)(77 6)(78 9)(79 4)(81 7)(82 3)(83 2)(85 3)(86 3)(87 3)(88 1)(89 3)(91 1)(93 3)(94 1)(95 2)(96 1)(97 1)(98 3)(99 3)(100 1)(101 1)(102 4)(104 2)(105 1)(106 3)(108 1)(109 1)(110 2)(111 1)(112 1)(113 3)(114 1)(117 2)(118 1)(120 2)(122 3)(124 2)(125 2)(126 1)(127 3)(130 4)(131 3)(132 1)(133 2)(134 3)(135 2)(136 3)(137 1)(138 1)(141 1)(142 1)(146 1)(147 2)(148 1)(149 1)(151 1)(155 1)(156 2)(159 1)(161 1)(164 1)(165 1)(167 1)(173 1)(176 1)(177 2)(179 3)(181 1)(183 2)(188 1)(190 1)(193 1)(195 2)(196 1)(197 2)(198 1)(200 1)(201 1)(203 1)(205 2)(206 1)(208 2)(212 1)(223 1)(227 1)(228 1)(234 1)
