NUMBER OF AREAS : 1
---area label--- : 1
area size : 731
mean x : 249.39
mean y : 213.39
mean E_x^2 : 117.86
mean E_y^2 : 30.45
mean E_xy^2 : 1.10
theta : 0.78
average greyscal : 48.13
average RGB [41.44,46.96,56.94]
(2 1)(3 1)(5 1)(7 1)(9 1)(10 1)(12 4)(13 1)(14 2)(16 3)(17 5)(18 3)(19 5)(20 10)(21 4)(22 10)(23 9)(24 12)(25 15)(26 14)(27 16)(28 18)(29 10)(30 15)(31 15)(32 19)(33 10)(34 8)(35 8)(36 20)(37 11)(38 13)(39 10)(40 8)(41 16)(42 12)(43 16)(44 16)(45 11)(46 21)(47 24)(48 12)(49 16)(50 19)(51 11)(52 12)(53 18)(54 13)(55 11)(56 4)(57 8)(58 5)(59 7)(60 16)(61 3)(62 6)(63 7)(64 2)(65 6)(66 7)(67 7)(68 9)(69 10)(70 8)(71 6)(72 2)(73 5)(74 6)(75 9)(76 7)(77 8)(78 3)(79 3)(80 2)(81 5)(82 3)(84 5)(85 4)(86 3)(87 1)(88 6)(89 3)(90 6)(91 4)(92 3)(93 1)(95 3)(96 3)(97 5)(99 2)(100 3)(101 1)(104 1)(109 1)
