NUMBER OF AREAS : 2
---area label--- : 1
area size : 233
mean x : 146.05
mean y : 161.36
mean E_x^2 : 16.47
mean E_y^2 : 23.98
mean E_xy^2 : -4.06
theta : -0.78
average greyscal : 62.68
average RGB [66.23,59.27,63.60]
(3 1)(7 1)(13 1)(17 1)(25 1)(28 1)(29 1)(33 1)(35 1)(36 2)(37 2)(38 1)(39 1)(40 3)(41 2)(42 3)(43 5)(44 1)(45 3)(46 8)(47 10)(48 4)(49 4)(50 2)(51 2)(52 5)(53 1)(54 6)(55 1)(56 4)(57 4)(58 13)(59 9)(60 6)(61 7)(62 10)(63 10)(64 3)(65 10)(66 5)(67 10)(68 5)(69 6)(70 6)(71 3)(72 2)(73 3)(74 1)(75 1)(76 2)(77 3)(78 2)(79 1)(80 1)(82 1)(84 1)(85 2)(86 1)(90 1)(91 1)(94 1)(95 2)(96 2)(100 2)(101 1)(102 3)(103 2)(104 1)(105 1)(106 1)(107 1)(109 1)(110 1)(111 1)(112 1)(114 1)(115 1)(151 1)
---area label--- : 2
area size : 371
mean x : 129.62
mean y : 189.28
mean E_x^2 : 141.31
mean E_y^2 : 32.64
mean E_xy^2 : 55.50
theta : 0.78
average greyscal : 79.57
average RGB [85.49,74.92,79.28]
(0 4)(1 1)(2 1)(3 3)(4 1)(5 1)(6 2)(7 1)(8 1)(9 2)(10 3)(11 6)(12 3)(13 1)(14 1)(15 1)(16 2)(17 3)(18 1)(19 1)(20 2)(21 1)(22 3)(23 3)(25 2)(26 2)(27 4)(28 1)(30 3)(32 1)(33 3)(35 1)(37 2)(38 4)(39 7)(40 4)(41 2)(42 4)(43 3)(44 3)(45 3)(46 1)(47 5)(48 1)(49 3)(50 3)(51 1)(52 6)(53 5)(54 4)(55 6)(56 1)(57 5)(58 3)(59 6)(60 4)(61 3)(62 4)(64 3)(65 10)(66 3)(67 2)(68 7)(69 2)(70 5)(71 5)(72 8)(73 4)(74 7)(75 3)(77 7)(78 3)(79 2)(80 3)(81 2)(82 1)(83 5)(84 2)(85 2)(86 2)(87 3)(89 3)(90 1)(91 2)(92 4)(93 1)(94 2)(95 2)(96 3)(98 2)(99 2)(100 1)(101 2)(102 2)(103 1)(104 1)(105 2)(108 2)(109 1)(112 1)(113 2)(114 1)(115 1)(116 1)(117 1)(119 2)(121 1)(122 1)(123 2)(124 2)(125 2)(126 1)(129 4)(130 2)(131 1)(132 2)(133 1)(134 1)(135 1)(136 2)(137 1)(139 1)(141 1)(142 1)(143 1)(144 2)(145 3)(147 1)(149 1)(153 3)(155 1)(156 3)(162 1)(163 1)(171 1)(175 2)(178 2)(179 2)(182 1)(183 3)(184 1)(186 1)(187 2)(188 1)(190 1)(191 2)(192 3)(194 1)(196 3)(198 1)(199 1)(201 1)(202 1)(203 1)(209 2)(214 1)(225 1)
