NUMBER OF AREAS : 1
---area label--- : 1
area size : 561
mean x : 129.54
mean y : 154.94
mean E_x^2 : 265.12
mean E_y^2 : 47.84
mean E_xy^2 : 91.93
theta : 0.78
average greyscal : 55.19
average RGB [61.53,51.84,53.23]
(0 3)(1 1)(2 2)(3 7)(4 5)(5 3)(6 3)(7 2)(8 3)(9 4)(11 3)(12 1)(13 4)(14 1)(15 3)(16 2)(17 4)(18 3)(19 3)(20 8)(21 3)(22 3)(23 3)(24 5)(25 7)(26 6)(27 6)(28 6)(29 4)(30 11)(31 10)(32 9)(33 8)(34 6)(35 3)(36 11)(37 8)(38 4)(39 10)(40 6)(41 4)(42 3)(43 3)(44 7)(45 11)(46 7)(47 8)(48 3)(49 9)(50 6)(51 11)(52 6)(53 9)(54 4)(55 4)(56 6)(57 6)(58 13)(59 5)(60 10)(61 6)(62 3)(63 7)(64 13)(65 15)(66 15)(67 12)(68 8)(69 7)(70 3)(71 10)(72 10)(73 7)(74 6)(75 3)(76 4)(77 2)(78 1)(79 4)(80 3)(81 3)(82 3)(84 2)(85 5)(87 3)(88 4)(89 2)(90 2)(91 3)(92 1)(93 3)(94 1)(95 3)(96 2)(97 2)(98 5)(100 4)(101 3)(102 6)(104 1)(105 1)(106 6)(108 1)(109 3)(110 1)(111 2)(113 2)(114 2)(117 1)(124 1)(129 2)(130 2)(135 1)(139 1)(140 1)(143 1)(150 1)(152 1)(156 2)(157 1)(158 1)(183 1)
