NUMBER OF AREAS : 2
---area label--- : 1
area size : 502
mean x : 159.80
mean y : 149.46
mean E_x^2 : 176.02
mean E_y^2 : 44.18
mean E_xy^2 : 75.99
theta : 0.78
average greyscal : 55.07
average RGB [49.04,53.47,63.74]
(0 1)(2 1)(5 1)(8 1)(9 2)(10 5)(11 5)(12 4)(13 4)(14 6)(15 4)(16 2)(17 1)(18 2)(19 4)(20 7)(21 5)(22 2)(23 4)(24 6)(25 7)(26 8)(27 6)(28 9)(29 13)(30 3)(31 11)(32 4)(33 7)(34 5)(35 7)(36 10)(37 5)(38 10)(39 10)(40 2)(41 2)(42 2)(43 10)(44 3)(45 5)(46 3)(47 5)(48 8)(49 5)(50 3)(51 5)(52 4)(53 8)(54 10)(55 5)(56 5)(57 7)(58 7)(59 2)(60 6)(61 3)(62 7)(63 9)(64 3)(65 2)(66 9)(67 5)(68 6)(69 11)(70 5)(71 11)(72 10)(73 5)(74 6)(75 7)(76 6)(77 6)(78 3)(79 4)(80 6)(81 3)(82 5)(83 4)(84 2)(85 4)(86 5)(87 2)(88 3)(89 4)(90 3)(92 5)(93 3)(94 4)(95 2)(96 4)(97 3)(98 4)(99 1)(101 2)(102 1)(103 2)(104 3)(108 1)(109 2)(112 2)(114 2)(115 1)(116 2)(117 1)(118 2)(120 1)(127 1)(131 1)(134 1)(138 1)(140 1)(148 1)
---area label--- : 2
area size : 5
mean x : 159.00
mean y : 139.00
mean E_x^2 : 0.40
mean E_y^2 : 0.80
mean E_xy^2 : 0.40
theta : -0.51
average greyscal : 68.60
average RGB [72.40,63.60,70.80]
(6 1)(25 1)(96 1)(105 1)(111 1)
