NUMBER OF AREAS : 2
---area label--- : 1
area size : 106
mean x : 83.79
mean y : 85.02
mean E_x^2 : 18.69
mean E_y^2 : 9.43
mean E_xy^2 : 9.16
theta : 0.77
average greyscal : 36.08
average RGB [34.41,35.46,39.40]
(0 2)(1 1)(2 1)(3 2)(8 2)(9 3)(10 1)(11 2)(12 2)(13 2)(15 2)(16 2)(17 1)(18 1)(19 2)(20 1)(22 2)(23 3)(24 3)(25 3)(26 4)(27 4)(28 2)(29 2)(30 2)(31 5)(32 2)(33 3)(34 1)(35 3)(37 1)(38 2)(40 1)(41 3)(42 1)(43 1)(44 2)(46 1)(47 3)(48 3)(49 2)(52 1)(54 2)(57 1)(58 1)(59 1)(63 1)(71 1)(74 1)(77 1)(79 1)(82 1)(83 2)(85 1)(93 1)(96 1)(104 1)(107 1)(124 1)
---area label--- : 2
area size : 825
mean x : 181.36
mean y : 154.80
mean E_x^2 : 166.82
mean E_y^2 : 73.66
mean E_xy^2 : 76.49
theta : 0.78
average greyscal : 53.37
average RGB [43.92,52.95,64.21]
(0 3)(1 4)(2 1)(4 3)(6 2)(7 4)(9 4)(10 5)(11 5)(12 4)(13 2)(14 2)(15 3)(16 7)(17 3)(18 5)(19 5)(20 6)(21 8)(22 4)(23 7)(24 10)(25 10)(26 14)(27 9)(28 17)(29 14)(30 18)(31 23)(32 21)(33 11)(34 21)(35 11)(36 9)(37 7)(38 12)(39 15)(40 12)(41 8)(42 7)(43 8)(44 3)(45 11)(46 7)(47 12)(48 14)(49 13)(50 9)(51 13)(52 12)(53 12)(54 12)(55 7)(56 7)(57 9)(58 7)(59 11)(60 15)(61 10)(62 10)(63 11)(64 14)(65 10)(66 5)(67 12)(68 14)(69 10)(70 9)(71 8)(72 10)(73 8)(74 4)(75 8)(76 10)(77 7)(78 8)(79 5)(80 5)(81 10)(82 7)(83 6)(84 5)(85 2)(86 5)(87 6)(88 5)(89 8)(90 6)(91 5)(92 2)(93 2)(94 2)(95 4)(96 1)(97 4)(98 2)(99 3)(100 2)(102 2)(103 2)(104 1)(105 2)(106 1)(107 1)(108 1)(109 3)(114 2)(115 1)(119 4)(121 1)(123 1)(124 1)(125 2)(127 2)(128 1)(129 2)(131 1)(132 1)(138 1)(142 1)(143 1)(144 1)(146 1)(158 1)(159 1)(160 2)(164 1)
