NUMBER OF AREAS : 3
---area label--- : 1
area size : 81
mean x : 85.17
mean y : 83.46
mean E_x^2 : 16.71
mean E_y^2 : 9.11
mean E_xy^2 : 10.23
theta : 0.77
average greyscal : 27.26
average RGB [27.68,26.00,28.88]
(2 1)(5 1)(8 1)(10 1)(11 2)(12 2)(13 2)(14 1)(15 1)(16 3)(17 1)(18 2)(19 2)(21 5)(23 1)(24 3)(25 7)(26 2)(27 3)(28 5)(29 1)(30 5)(31 3)(32 4)(33 6)(35 3)(36 1)(38 3)(39 1)(40 1)(44 2)(45 1)(46 1)(51 1)(63 1)(70 1)
---area label--- : 2
area size : 223
mean x : 145.83
mean y : 161.25
mean E_x^2 : 15.47
mean E_y^2 : 24.17
mean E_xy^2 : -4.85
theta : -0.78
average greyscal : 62.96
average RGB [65.97,61.27,62.48]
(5 2)(11 1)(23 1)(24 1)(25 1)(29 1)(33 1)(34 1)(35 1)(36 1)(37 1)(38 1)(39 2)(40 3)(41 2)(42 1)(43 1)(44 2)(45 2)(46 6)(47 3)(48 4)(49 6)(50 2)(51 3)(52 6)(53 7)(54 4)(55 3)(56 3)(57 4)(58 6)(59 10)(60 3)(61 8)(62 5)(63 9)(64 8)(65 6)(66 8)(67 15)(68 6)(69 2)(70 9)(71 3)(72 4)(73 9)(74 5)(75 1)(77 1)(79 2)(80 2)(81 2)(82 1)(85 1)(90 1)(91 2)(93 1)(97 1)(99 1)(100 1)(101 2)(103 2)(107 1)(109 2)(111 1)(117 1)(119 1)(120 2)(144 1)
---area label--- : 3
area size : 5
mean x : 89.00
mean y : 249.00
mean E_x^2 : 0.40
mean E_y^2 : 0.80
mean E_xy^2 : 0.40
theta : -0.51
average greyscal : 26.20
average RGB [38.00,32.80,8.60]
(8 1)(14 1)(22 1)(30 1)(57 1)
