NUMBER OF AREAS : 3
---area label--- : 1
area size : 581
mean x : 155.10
mean y : 131.43
mean E_x^2 : 114.80
mean E_y^2 : 52.90
mean E_xy^2 : 53.34
theta : 0.78
average greyscal : 50.11
average RGB [42.32,48.84,60.17]
(0 1)(2 2)(3 3)(5 3)(6 1)(7 3)(8 1)(9 4)(10 4)(11 3)(12 2)(13 4)(14 1)(15 1)(16 2)(17 3)(18 5)(19 3)(20 5)(21 5)(22 8)(23 8)(24 6)(25 6)(26 9)(27 9)(28 10)(29 11)(30 16)(31 16)(32 12)(33 16)(34 15)(35 4)(36 10)(37 12)(38 13)(39 6)(40 9)(41 8)(42 8)(43 5)(44 7)(45 6)(46 14)(47 6)(48 7)(49 17)(50 8)(51 4)(52 9)(53 6)(54 13)(55 12)(56 9)(57 8)(58 10)(59 14)(60 6)(61 5)(62 5)(63 4)(64 5)(65 2)(66 5)(67 6)(68 2)(69 5)(70 7)(71 2)(72 1)(73 4)(74 8)(75 2)(76 2)(77 3)(78 3)(79 1)(80 6)(81 3)(82 4)(83 3)(84 3)(85 5)(86 1)(88 3)(89 1)(90 6)(91 2)(92 1)(94 3)(95 3)(97 1)(98 3)(100 1)(101 1)(102 1)(103 3)(104 3)(105 1)(108 1)(109 1)(110 1)(116 1)(119 1)(120 2)(128 1)(129 2)(131 1)(132 2)(140 1)(142 1)(145 1)(146 1)(167 1)(171 1)(174 1)(177 1)(185 1)
---area label--- : 2
area size : 5
mean x : 167.00
mean y : 119.00
mean E_x^2 : 0.40
mean E_y^2 : 0.80
mean E_xy^2 : 0.40
theta : -0.51
average greyscal : 76.40
average RGB [83.40,74.60,72.40]
(68 1)(73 2)(82 1)(86 1)
---area label--- : 3
area size : 8
mean x : 154.00
mean y : 149.50
mean E_x^2 : 0.50
mean E_y^2 : 1.25
mean E_xy^2 : 0.50
theta : -0.52
average greyscal : 76.38
average RGB [82.38,70.38,77.25]
(25 1)(56 1)(64 1)(70 1)(71 1)(103 1)(110 1)(112 1)
