NUMBER OF AREAS : 3
---area label--- : 1
area size : 127
mean x : 86.84
mean y : 112.72
mean E_x^2 : 31.53
mean E_y^2 : 18.59
mean E_xy^2 : 20.97
theta : 0.78
average greyscal : 38.83
average RGB [42.41,33.43,41.65]
(0 3)(2 2)(3 2)(4 1)(5 2)(6 1)(8 2)(9 1)(11 2)(12 2)(13 2)(14 1)(15 4)(16 2)(18 4)(19 2)(20 1)(21 2)(23 1)(24 2)(26 1)(29 1)(30 5)(31 3)(32 2)(33 5)(34 1)(35 5)(36 2)(37 5)(38 2)(39 6)(40 5)(41 3)(42 1)(43 2)(44 1)(45 1)(46 1)(47 5)(50 1)(51 1)(52 1)(53 1)(56 3)(57 2)(59 2)(63 1)(66 1)(68 1)(69 2)(70 1)(74 1)(77 1)(78 1)(80 1)(83 1)(84 1)(87 1)(90 2)(91 1)(105 1)(111 1)(118 1)(153 1)
---area label--- : 2
area size : 224
mean x : 145.81
mean y : 161.23
mean E_x^2 : 15.61
mean E_y^2 : 24.06
mean E_xy^2 : -4.88
theta : -0.78
average greyscal : 63.71
average RGB [66.71,62.81,62.49]
(5 1)(6 1)(12 1)(20 1)(26 1)(32 1)(36 1)(37 1)(38 3)(39 2)(40 1)(42 1)(43 6)(44 2)(45 1)(46 2)(47 6)(48 1)(49 5)(50 7)(51 3)(52 3)(53 1)(54 2)(55 5)(56 5)(57 5)(58 4)(59 8)(60 5)(61 10)(62 18)(63 7)(64 11)(65 8)(66 12)(67 12)(68 3)(69 6)(70 5)(71 3)(72 2)(73 3)(74 2)(75 5)(79 3)(80 1)(81 1)(82 2)(86 1)(87 2)(89 1)(90 1)(91 1)(93 1)(96 1)(97 1)(99 1)(101 1)(102 1)(103 1)(104 1)(106 1)(107 1)(109 1)(112 1)(114 1)(116 2)(118 2)(143 1)
---area label--- : 3
area size : 5
mean x : 89.00
mean y : 249.00
mean E_x^2 : 0.40
mean E_y^2 : 0.80
mean E_xy^2 : 0.40
theta : -0.51
average greyscal : 27.40
average RGB [32.80,34.20,16.40]
(7 1)(11 1)(18 1)(36 1)(65 1)
