NUMBER OF AREAS : 1
---area label--- : 1
area size : 67
mean x : 86.15
mean y : 85.13
mean E_x^2 : 6.22
mean E_y^2 : 11.73
mean E_xy^2 : 5.44
theta : -0.77
average greyscal : 42.49
average RGB [43.13,40.33,44.90]
(1 3)(2 1)(3 1)(5 1)(6 1)(7 1)(8 1)(9 1)(10 2)(11 1)(13 2)(14 2)(15 2)(17 1)(18 2)(19 1)(21 1)(22 2)(25 2)(29 2)(30 1)(31 2)(32 3)(36 1)(37 1)(38 1)(40 2)(41 1)(46 1)(49 1)(51 2)(52 1)(54 2)(56 2)(57 1)(61 1)(64 1)(66 1)(76 1)(92 1)(101 1)(103 1)(105 1)(109 1)(111 1)(113 1)(114 1)(123 1)(125 1)(135 1)
