NUMBER OF AREAS : 1
---area label--- : 1
area size : 571
mean x : 162.05
mean y : 156.22
mean E_x^2 : 159.44
mean E_y^2 : 48.54
mean E_xy^2 : 66.14
theta : 0.78
average greyscal : 54.93
average RGB [46.66,54.00,65.27]
(2 2)(4 2)(5 3)(6 4)(7 1)(8 2)(9 2)(10 1)(11 1)(12 2)(13 1)(14 1)(15 6)(16 6)(17 3)(18 9)(19 5)(20 7)(21 6)(22 6)(23 9)(24 4)(25 2)(26 8)(27 6)(28 3)(29 5)(30 9)(31 16)(32 15)(33 6)(34 5)(35 9)(36 6)(37 11)(38 3)(39 9)(40 14)(41 6)(42 11)(43 5)(44 5)(45 5)(46 2)(47 7)(48 5)(49 7)(50 5)(51 5)(52 10)(53 7)(54 7)(55 10)(56 8)(57 7)(58 3)(59 8)(60 9)(61 11)(62 8)(63 6)(64 5)(65 10)(66 3)(67 5)(68 5)(69 8)(70 3)(71 12)(72 3)(73 4)(74 5)(75 4)(76 10)(77 2)(78 6)(79 8)(80 6)(81 6)(82 6)(83 3)(84 2)(85 3)(86 5)(87 2)(88 5)(89 3)(90 4)(91 6)(92 4)(93 2)(94 4)(95 1)(96 5)(98 1)(100 5)(102 2)(103 1)(104 1)(106 6)(107 3)(109 3)(110 1)(111 1)(112 6)(114 1)(116 1)(119 1)(121 1)(122 2)(125 1)(128 1)(130 2)(138 1)(147 1)(149 1)(156 1)
