NUMBER OF AREAS : 4
---area label--- : 1
area size : 5
mean x : 119.00
mean y : 96.00
mean E_x^2 : 0.40
mean E_y^2 : 0.80
mean E_xy^2 : 0.40
theta : -0.51
average greyscal : 80.80
average RGB [88.40,74.20,79.80]
(60 1)(76 1)(82 1)(91 1)(95 1)
---area label--- : 2
area size : 535
mean x : 139.48
mean y : 120.15
mean E_x^2 : 138.21
mean E_y^2 : 54.30
mean E_xy^2 : 73.68
theta : 0.78
average greyscal : 52.11
average RGB [43.78,51.55,62.08]
(0 1)(2 1)(3 1)(4 5)(5 2)(6 3)(7 2)(8 5)(9 2)(10 6)(11 2)(12 4)(13 1)(14 3)(15 4)(16 3)(17 6)(18 4)(19 3)(20 3)(21 2)(22 2)(23 5)(24 7)(25 10)(26 4)(27 7)(28 12)(29 9)(30 9)(31 12)(32 12)(33 14)(34 10)(35 6)(36 9)(37 9)(38 10)(39 9)(40 8)(41 8)(42 4)(43 8)(44 1)(45 5)(46 9)(47 9)(48 11)(49 9)(50 2)(51 6)(52 3)(53 11)(54 10)(55 5)(56 6)(57 5)(58 7)(59 5)(60 6)(61 4)(62 5)(63 3)(64 7)(65 5)(66 2)(67 6)(68 6)(69 6)(70 7)(71 2)(72 3)(73 4)(74 3)(75 9)(76 2)(77 9)(78 4)(79 2)(80 2)(81 5)(82 4)(83 2)(84 1)(85 2)(86 2)(87 1)(88 2)(89 1)(91 2)(92 2)(93 3)(94 3)(95 5)(96 3)(97 3)(98 2)(99 4)(100 4)(101 1)(102 5)(103 3)(105 2)(106 1)(108 3)(109 1)(110 1)(112 2)(113 1)(122 1)(123 2)(128 1)(129 1)(132 1)(133 1)(135 1)(138 1)(140 1)(141 1)(145 1)(149 1)(152 1)(156 1)(161 1)
---area label--- : 3
area size : 5
mean x : 106.00
mean y : 108.00
mean E_x^2 : 0.40
mean E_y^2 : 0.80
mean E_xy^2 : 0.40
theta : -0.51
average greyscal : 80.80
average RGB [90.20,79.80,73.40]
(53 1)(65 1)(90 1)(97 1)(99 1)
---area label--- : 4
area size : 5
mean x : 113.00
mean y : 112.00
mean E_x^2 : 0.40
mean E_y^2 : 0.80
mean E_xy^2 : 0.40
theta : -0.51
average greyscal : 84.60
average RGB [96.60,81.80,76.20]
(59 1)(74 1)(82 1)(95 1)(113 1)
