NUMBER OF AREAS : 1
---area label--- : 1
area size : 362
mean x : 97.59
mean y : 117.75
mean E_x^2 : 68.61
mean E_y^2 : 43.07
mean E_xy^2 : 38.82
theta : 0.78
average greyscal : 62.31
average RGB [70.59,56.77,60.63]
(0 5)(1 1)(2 1)(3 3)(4 5)(5 2)(6 2)(8 3)(9 3)(10 3)(11 1)(12 6)(13 3)(14 4)(15 1)(16 1)(18 4)(19 3)(20 1)(22 1)(23 1)(24 3)(25 2)(26 3)(27 3)(28 3)(29 1)(30 1)(31 2)(32 1)(33 2)(34 1)(35 6)(36 1)(39 3)(40 3)(41 7)(42 7)(43 3)(44 4)(45 8)(46 4)(47 7)(48 6)(49 3)(50 5)(51 3)(52 4)(53 3)(54 3)(55 3)(56 2)(57 7)(58 5)(59 1)(60 5)(61 4)(62 4)(63 8)(64 5)(65 9)(66 6)(67 5)(68 7)(69 3)(70 4)(71 10)(72 4)(73 6)(74 5)(75 8)(76 3)(77 2)(78 2)(79 3)(80 1)(81 4)(82 2)(83 1)(84 2)(85 3)(86 1)(87 1)(88 3)(89 1)(90 1)(92 3)(93 1)(95 1)(96 1)(97 1)(98 3)(99 1)(102 1)(103 2)(104 4)(106 2)(107 3)(108 5)(109 2)(110 2)(111 1)(113 2)(117 1)(120 1)(124 2)(125 2)(127 1)(128 1)(131 1)(132 1)(134 1)(136 1)(138 1)(144 1)(151 1)(152 1)(153 1)(155 1)(156 3)(160 1)(162 2)(163 2)(168 1)(171 1)(172 1)(174 1)
