NUMBER OF AREAS : 1
---area label--- : 1
area size : 598
mean x : 131.66
mean y : 154.19
mean E_x^2 : 179.49
mean E_y^2 : 50.42
mean E_xy^2 : 71.18
theta : 0.78
average greyscal : 54.75
average RGB [58.69,51.64,54.88]
(0 7)(1 6)(2 6)(3 3)(4 7)(5 2)(6 1)(7 4)(8 1)(9 1)(10 1)(11 2)(12 5)(13 2)(14 5)(15 4)(16 4)(17 6)(18 5)(19 4)(20 8)(21 7)(22 3)(23 8)(24 6)(25 4)(26 10)(27 10)(28 8)(29 10)(30 7)(31 4)(32 11)(33 7)(34 10)(35 5)(36 4)(37 6)(38 3)(39 9)(40 5)(41 4)(42 7)(43 2)(44 7)(45 13)(46 11)(47 7)(48 8)(49 6)(50 6)(51 9)(52 6)(53 7)(54 7)(55 2)(56 6)(57 6)(58 5)(59 4)(60 8)(61 9)(62 2)(63 5)(64 12)(65 11)(66 11)(67 7)(68 14)(69 10)(70 6)(71 14)(72 7)(73 8)(74 5)(75 5)(76 4)(77 4)(78 1)(79 3)(80 3)(81 4)(82 4)(83 5)(84 5)(85 1)(86 1)(87 2)(88 1)(90 5)(91 1)(92 2)(94 3)(95 4)(96 2)(97 1)(98 1)(99 3)(100 8)(101 1)(102 2)(103 1)(104 1)(106 1)(107 3)(108 2)(109 2)(110 3)(111 3)(113 1)(114 1)(115 1)(116 2)(117 1)(118 1)(120 1)(122 2)(124 1)(128 1)(129 1)(132 2)(137 4)(141 1)(144 2)(145 1)(147 1)(148 1)(152 1)(164 1)(165 2)(166 1)(174 1)(197 1)(206 1)
