NUMBER OF AREAS : 2
---area label--- : 1
area size : 225
mean x : 145.71
mean y : 161.28
mean E_x^2 : 15.78
mean E_y^2 : 24.16
mean E_xy^2 : -5.11
theta : -0.78
average greyscal : 63.30
average RGB [66.08,61.71,62.99]
(0 1)(16 2)(22 1)(30 1)(33 1)(34 1)(36 2)(37 1)(38 1)(39 1)(41 1)(42 3)(43 1)(44 6)(45 1)(46 4)(47 6)(48 6)(49 4)(50 12)(51 3)(52 3)(53 2)(54 2)(55 5)(56 4)(57 3)(58 8)(59 7)(60 8)(61 6)(62 6)(63 11)(64 13)(65 9)(66 5)(67 9)(68 6)(69 6)(70 6)(71 4)(72 3)(73 1)(74 3)(75 3)(76 2)(77 3)(83 2)(87 1)(88 3)(89 1)(90 1)(93 2)(97 2)(98 1)(99 1)(100 1)(102 1)(104 2)(106 1)(108 1)(110 1)(111 1)(113 2)(114 1)(130 1)(133 1)(139 1)
---area label--- : 2
area size : 391
mean x : 116.61
mean y : 175.24
mean E_x^2 : 102.31
mean E_y^2 : 19.48
mean E_xy^2 : 28.11
theta : 0.78
average greyscal : 58.42
average RGB [65.32,54.22,56.72]
(0 6)(1 2)(2 2)(3 2)(4 3)(5 2)(6 2)(7 2)(8 2)(9 2)(10 7)(11 3)(12 1)(13 5)(15 1)(16 1)(17 1)(18 2)(19 1)(20 1)(21 3)(22 1)(23 3)(24 2)(25 1)(26 2)(27 4)(28 6)(29 4)(30 4)(31 8)(32 6)(33 8)(34 4)(35 11)(36 6)(37 11)(38 15)(39 6)(40 13)(41 13)(42 9)(43 9)(44 2)(45 4)(46 2)(48 6)(49 3)(50 2)(51 2)(52 1)(53 3)(54 2)(55 5)(57 2)(58 1)(59 5)(61 4)(63 3)(64 2)(65 9)(66 6)(67 2)(68 2)(70 1)(71 4)(72 1)(74 5)(75 1)(76 4)(77 6)(78 2)(79 2)(80 1)(81 1)(82 4)(83 3)(84 2)(85 2)(86 2)(87 1)(88 2)(89 3)(90 2)(91 2)(93 1)(94 3)(95 2)(96 2)(99 1)(100 1)(101 5)(102 1)(103 2)(104 2)(106 2)(107 1)(109 2)(110 1)(111 2)(113 4)(114 1)(115 2)(116 1)(118 1)(119 2)(120 1)(121 1)(122 2)(123 2)(124 3)(125 2)(126 1)(129 1)(131 1)(133 1)(134 3)(137 1)(140 1)(141 2)(142 2)(144 1)(146 1)(148 2)(150 1)(159 1)(166 1)(169 1)(174 1)(183 1)(198 1)(209 1)
