NUMBER OF AREAS : 3
---area label--- : 1
area size : 13
mean x : 77.46
mean y : 86.38
mean E_x^2 : 2.09
mean E_y^2 : 1.01
mean E_xy^2 : 0.98
theta : 0.66
average greyscal : 41.85
average RGB [48.46,36.00,41.77]
(21 1)(30 1)(31 1)(37 1)(39 1)(41 1)(45 1)(47 2)(49 1)(50 1)(53 1)(54 1)
---area label--- : 2
area size : 64
mean x : 83.42
mean y : 94.83
mean E_x^2 : 8.28
mean E_y^2 : 4.86
mean E_xy^2 : 2.93
theta : 0.76
average greyscal : 41.69
average RGB [40.98,39.36,45.58]
(0 1)(1 1)(4 2)(5 1)(6 2)(7 1)(8 2)(9 1)(10 5)(11 5)(13 1)(14 2)(18 2)(19 1)(21 2)(22 1)(23 1)(24 2)(27 1)(29 1)(30 1)(40 1)(41 3)(45 1)(47 1)(48 1)(53 1)(58 1)(62 2)(64 1)(65 1)(68 1)(70 1)(76 1)(82 1)(84 1)(96 1)(97 1)(101 1)(108 1)(109 1)(114 1)(117 1)(124 1)(134 1)(141 1)
---area label--- : 3
area size : 643
mean x : 190.37
mean y : 158.51
mean E_x^2 : 125.26
mean E_y^2 : 35.02
mean E_xy^2 : 32.83
theta : 0.78
average greyscal : 49.36
average RGB [41.73,48.50,58.84]
(2 1)(3 1)(4 2)(5 1)(7 1)(10 1)(11 1)(12 1)(13 3)(14 2)(15 1)(16 3)(17 3)(18 3)(19 6)(20 3)(21 5)(22 5)(23 6)(24 7)(25 9)(26 12)(27 15)(28 19)(29 22)(30 13)(31 24)(32 19)(33 20)(34 20)(35 10)(36 16)(37 13)(38 6)(39 13)(40 16)(41 6)(42 2)(43 3)(44 6)(45 12)(46 9)(47 11)(48 14)(49 8)(50 8)(51 7)(52 11)(53 8)(54 8)(55 6)(56 12)(57 10)(58 6)(59 5)(60 8)(61 6)(62 7)(63 4)(64 5)(65 10)(66 2)(67 9)(68 9)(69 5)(70 4)(71 5)(72 1)(73 9)(74 6)(75 8)(76 7)(77 4)(78 3)(79 1)(80 2)(81 3)(82 5)(83 4)(84 6)(86 1)(87 6)(88 4)(89 5)(90 2)(91 1)(92 2)(93 3)(94 2)(95 1)(96 1)(97 4)(98 1)(100 2)(101 1)(102 2)(103 3)(105 1)(110 1)(112 1)(113 1)(119 1)(126 1)(132 1)(141 1)(146 1)(153 1)(154 1)(157 1)(158 1)(169 1)
