NUMBER OF AREAS : 3
---area label--- : 1
area size : 5
mean x : 75.00
mean y : 60.00
mean E_x^2 : 0.40
mean E_y^2 : 0.80
mean E_xy^2 : 0.40
theta : -0.51
average greyscal : 24.40
average RGB [25.80,22.60,25.80]
(16 1)(23 1)(24 1)(28 1)(31 1)
---area label--- : 2
area size : 27
mean x : 86.52
mean y : 68.93
mean E_x^2 : 6.25
mean E_y^2 : 4.36
mean E_xy^2 : -0.78
theta : 0.77
average greyscal : 23.63
average RGB [20.30,23.26,28.04]
(2 1)(5 1)(6 1)(9 2)(13 2)(14 1)(16 1)(20 1)(21 1)(22 3)(23 2)(24 2)(25 2)(26 2)(30 1)(36 1)(47 1)(54 1)(81 1)
---area label--- : 3
area size : 654
mean x : 157.21
mean y : 132.15
mean E_x^2 : 127.37
mean E_y^2 : 56.60
mean E_xy^2 : 54.17
theta : 0.78
average greyscal : 49.54
average RGB [40.51,49.20,59.96]
(0 4)(1 4)(2 7)(3 1)(4 3)(5 5)(6 4)(7 8)(8 3)(9 2)(10 2)(12 7)(13 1)(14 4)(15 1)(16 6)(17 5)(18 5)(19 9)(20 3)(21 3)(22 4)(23 6)(24 8)(25 15)(26 12)(27 9)(28 15)(29 11)(30 23)(31 15)(32 10)(33 7)(34 13)(35 6)(36 5)(37 6)(38 6)(39 3)(40 6)(41 9)(42 6)(43 9)(44 5)(45 6)(46 6)(47 7)(48 15)(49 7)(50 9)(51 6)(52 10)(53 14)(54 6)(55 11)(56 14)(57 9)(58 6)(59 10)(60 15)(61 13)(62 8)(63 3)(64 12)(65 8)(66 6)(67 6)(68 8)(69 12)(70 8)(71 11)(72 5)(73 5)(74 4)(75 3)(76 3)(77 5)(78 10)(79 2)(80 4)(81 2)(82 3)(83 8)(84 3)(85 1)(86 4)(87 1)(88 2)(89 2)(91 1)(92 5)(93 1)(94 1)(95 4)(96 4)(97 1)(99 1)(100 1)(101 4)(102 4)(103 3)(105 3)(135 1)(147 1)(154 1)(158 1)(159 1)(162 1)(164 1)(166 1)(168 1)(177 1)(185 1)(187 1)
