NUMBER OF AREAS : 1
---area label--- : 1
area size : 269
mean x : 94.18
mean y : 112.02
mean E_x^2 : 52.97
mean E_y^2 : 29.26
mean E_xy^2 : 22.40
theta : 0.78
average greyscal : 60.04
average RGB [69.83,55.39,55.91]
(0 2)(1 1)(2 1)(3 1)(4 3)(5 1)(6 1)(7 1)(8 2)(9 3)(10 1)(12 1)(13 1)(14 1)(15 1)(16 1)(19 2)(20 4)(21 2)(22 1)(23 2)(24 1)(25 1)(26 1)(27 1)(29 1)(30 3)(31 3)(32 3)(33 2)(34 1)(35 4)(36 1)(37 2)(38 5)(39 4)(40 4)(41 1)(42 6)(43 2)(44 2)(45 2)(47 1)(48 3)(50 1)(51 8)(52 5)(53 7)(54 4)(55 7)(56 3)(57 1)(58 8)(59 4)(60 6)(61 4)(62 6)(63 9)(64 7)(65 5)(66 2)(67 1)(68 3)(69 6)(70 5)(71 1)(72 6)(73 1)(74 4)(75 5)(76 2)(77 2)(78 2)(79 3)(80 4)(82 1)(84 1)(85 1)(86 1)(87 3)(88 1)(89 1)(90 1)(91 1)(92 4)(93 1)(94 1)(95 3)(96 1)(99 1)(100 1)(103 1)(104 1)(106 3)(108 1)(109 1)(110 1)(112 1)(113 1)(117 2)(118 1)(120 1)(123 1)(124 1)(125 2)(128 2)(131 1)(136 1)(138 1)(140 1)(141 1)(154 2)
