NUMBER OF AREAS : 1
---area label--- : 1
area size : 155
mean x : 87.96
mean y : 98.41
mean E_x^2 : 39.93
mean E_y^2 : 36.69
mean E_xy^2 : 31.97
theta : 0.78
average greyscal : 47.49
average RGB [50.98,45.28,47.14]
(0 3)(1 1)(2 1)(3 1)(5 3)(9 1)(10 3)(11 4)(12 2)(13 1)(14 1)(16 1)(21 1)(22 2)(23 2)(24 2)(25 1)(26 3)(27 1)(29 2)(30 2)(31 2)(32 2)(33 5)(34 4)(35 2)(36 3)(37 3)(38 4)(39 1)(40 3)(41 1)(42 1)(43 2)(45 1)(46 4)(47 2)(48 1)(49 2)(50 4)(52 2)(53 3)(54 7)(56 4)(57 5)(58 4)(59 3)(60 1)(61 4)(63 5)(64 1)(65 3)(67 1)(68 2)(69 2)(70 2)(72 2)(73 1)(76 1)(77 1)(91 4)(98 1)(100 1)(101 1)(103 2)(105 1)(106 1)(107 1)(108 1)(109 1)(112 1)(114 1)
