NUMBER OF AREAS : 2
---area label--- : 1
area size : 528
mean x : 139.76
mean y : 120.29
mean E_x^2 : 139.26
mean E_y^2 : 53.56
mean E_xy^2 : 73.76
theta : 0.78
average greyscal : 51.88
average RGB [43.39,50.58,62.65]
(0 2)(1 3)(2 1)(4 2)(5 3)(6 1)(7 1)(8 2)(9 3)(10 2)(11 4)(12 3)(13 2)(14 2)(15 3)(16 4)(17 3)(18 5)(19 4)(20 7)(21 5)(22 6)(23 2)(24 4)(25 4)(26 9)(27 8)(28 10)(29 2)(30 16)(31 8)(32 11)(33 8)(34 17)(35 13)(36 6)(37 11)(38 8)(39 12)(40 8)(41 6)(42 9)(43 6)(44 3)(45 3)(46 7)(47 4)(48 8)(49 6)(50 7)(51 8)(52 5)(53 9)(54 3)(55 5)(56 15)(57 10)(58 6)(59 9)(60 3)(61 4)(62 5)(63 2)(64 3)(65 7)(66 9)(67 6)(68 4)(69 5)(70 4)(71 6)(72 4)(73 6)(74 6)(75 6)(76 3)(77 4)(78 3)(79 1)(80 2)(81 2)(82 4)(83 2)(84 4)(85 1)(86 3)(87 1)(88 1)(89 4)(90 2)(92 8)(93 3)(94 5)(95 2)(97 2)(98 1)(99 2)(100 1)(101 1)(102 2)(103 1)(104 2)(108 4)(109 1)(110 2)(111 1)(113 1)(115 3)(126 1)(128 1)(129 1)(130 1)(132 2)(133 2)(134 1)(138 1)(140 2)(149 1)(151 1)(162 1)
---area label--- : 2
area size : 5
mean x : 106.00
mean y : 108.00
mean E_x^2 : 0.40
mean E_y^2 : 0.80
mean E_xy^2 : 0.40
theta : -0.51
average greyscal : 81.60
average RGB [88.20,75.80,81.80]
(45 1)(69 1)(92 1)(97 1)(105 1)
