NUMBER OF AREAS : 3
---area label--- : 1
area size : 48
mean x : 82.15
mean y : 82.54
mean E_x^2 : 3.33
mean E_y^2 : 7.12
mean E_xy^2 : 0.40
theta : -0.75
average greyscal : 41.60
average RGB [39.35,40.29,45.92]
(4 1)(6 1)(7 1)(8 1)(10 1)(12 1)(13 1)(14 2)(15 6)(18 1)(23 1)(24 3)(26 2)(27 2)(29 2)(34 1)(37 1)(38 1)(47 1)(48 1)(49 2)(51 1)(52 1)(55 3)(65 1)(88 1)(92 2)(98 1)(102 2)(109 1)(112 2)
---area label--- : 2
area size : 8
mean x : 140.50
mean y : 83.50
mean E_x^2 : 0.75
mean E_y^2 : 1.25
mean E_xy^2 : 0.75
theta : -0.66
average greyscal : 69.00
average RGB [78.38,62.00,66.75]
(35 1)(51 1)(61 1)(66 1)(76 1)(81 1)(87 1)(95 1)
---area label--- : 3
area size : 623
mean x : 157.23
mean y : 112.09
mean E_x^2 : 151.86
mean E_y^2 : 63.51
mean E_xy^2 : 81.20
theta : 0.78
average greyscal : 52.34
average RGB [44.62,51.97,61.44]
(3 3)(4 3)(5 1)(6 1)(7 1)(8 1)(9 2)(10 1)(11 2)(12 1)(13 1)(14 3)(15 1)(16 5)(17 7)(18 2)(19 2)(20 5)(21 2)(22 4)(23 9)(24 11)(25 10)(26 5)(27 13)(28 10)(29 9)(30 16)(31 15)(32 14)(33 17)(34 23)(35 10)(36 7)(37 8)(38 8)(39 14)(40 10)(41 9)(42 3)(43 7)(44 5)(45 14)(46 10)(47 4)(48 4)(49 11)(50 5)(51 8)(52 7)(53 15)(54 8)(55 6)(56 10)(57 6)(58 5)(59 6)(60 9)(61 7)(62 8)(63 9)(64 12)(65 2)(66 7)(67 11)(68 7)(69 8)(70 6)(71 5)(72 6)(73 5)(74 3)(75 4)(76 6)(77 10)(78 4)(79 2)(80 6)(81 2)(82 3)(83 5)(84 3)(85 5)(86 5)(87 3)(88 2)(89 2)(90 7)(91 1)(92 1)(93 1)(94 1)(95 3)(96 1)(97 2)(98 3)(100 2)(101 3)(102 4)(103 1)(104 1)(105 1)(106 1)(108 1)(111 2)(112 1)(113 1)(114 2)(115 2)(116 1)(117 1)(123 1)(132 1)(133 1)(136 1)(140 1)(143 1)(144 1)(145 1)(146 1)(151 1)(163 1)(178 1)
