NUMBER OF AREAS : 2
---area label--- : 1
area size : 228
mean x : 145.91
mean y : 161.30
mean E_x^2 : 15.92
mean E_y^2 : 24.13
mean E_xy^2 : -4.47
theta : -0.78
average greyscal : 62.20
average RGB [63.58,59.53,64.34]
(4 1)(12 1)(13 1)(18 1)(30 1)(34 2)(37 2)(38 3)(39 2)(40 7)(41 2)(42 3)(43 5)(44 7)(45 3)(46 2)(47 8)(48 7)(49 1)(50 2)(51 3)(52 6)(53 3)(54 2)(55 4)(56 7)(57 4)(58 2)(59 5)(60 11)(61 9)(62 4)(63 6)(64 8)(65 10)(66 9)(67 13)(68 6)(69 4)(71 4)(72 5)(73 2)(74 4)(75 2)(76 2)(79 2)(80 1)(81 1)(82 1)(84 1)(85 1)(87 3)(89 1)(92 2)(97 3)(98 1)(100 1)(101 1)(102 2)(105 1)(106 1)(108 2)(109 2)(112 1)(115 2)(117 1)(153 1)
---area label--- : 2
area size : 508
mean x : 128.93
mean y : 188.67
mean E_x^2 : 113.26
mean E_y^2 : 31.13
mean E_xy^2 : 40.62
theta : 0.78
average greyscal : 78.45
average RGB [86.79,72.60,76.99]
(0 2)(1 3)(2 2)(3 1)(4 2)(5 3)(6 2)(7 6)(8 1)(9 2)(10 3)(11 4)(12 4)(13 2)(15 4)(16 3)(17 1)(18 6)(19 10)(20 1)(22 5)(23 3)(24 2)(25 2)(26 1)(27 5)(28 2)(29 2)(30 2)(31 5)(32 4)(33 2)(34 4)(35 3)(36 5)(37 8)(38 8)(39 9)(40 4)(41 2)(42 3)(43 2)(44 8)(45 6)(46 4)(47 3)(48 4)(49 3)(50 7)(51 3)(52 2)(53 7)(54 5)(55 4)(56 3)(57 5)(58 8)(59 2)(60 5)(61 4)(62 3)(63 3)(64 5)(65 7)(67 9)(68 4)(69 5)(70 4)(71 4)(72 10)(73 4)(74 6)(75 5)(76 7)(77 8)(78 7)(79 5)(80 3)(81 5)(82 4)(83 5)(84 4)(85 2)(86 1)(87 2)(89 2)(90 3)(91 1)(92 6)(93 2)(95 5)(96 1)(97 3)(98 2)(99 1)(100 1)(101 1)(102 2)(103 1)(104 2)(105 3)(106 3)(107 3)(109 2)(112 2)(116 2)(117 3)(118 1)(119 2)(120 2)(121 1)(122 3)(123 1)(124 1)(125 2)(126 2)(127 2)(128 1)(129 1)(130 2)(133 3)(134 1)(135 2)(136 1)(137 2)(138 2)(140 1)(142 1)(143 1)(146 3)(148 1)(149 1)(151 5)(152 3)(154 1)(157 1)(159 2)(164 3)(165 2)(166 2)(167 1)(168 1)(169 2)(172 3)(173 1)(177 2)(179 1)(183 1)(184 1)(185 2)(186 1)(187 4)(188 1)(191 1)(192 1)(193 1)(194 1)(197 1)(198 1)(202 3)(203 1)(205 2)(208 1)(209 1)(211 1)(212 1)(217 1)(219 1)(237 2)(244 1)(246 1)(251 1)(252 1)
