NUMBER OF AREAS : 2
---area label--- : 1
area size : 8
mean x : 86.50
mean y : 70.00
mean E_x^2 : 0.75
mean E_y^2 : 2.25
mean E_xy^2 : 1.12
theta : -0.58
average greyscal : 18.88
average RGB [11.62,18.25,27.00]
(5 1)(14 1)(17 1)(18 1)(19 2)(24 1)(35 1)
---area label--- : 2
area size : 798
mean x : 261.95
mean y : 234.00
mean E_x^2 : 122.82
mean E_y^2 : 76.61
mean E_xy^2 : -17.31
theta : 0.78
average greyscal : 44.50
average RGB [35.76,44.60,54.08]
(2 2)(3 1)(4 2)(7 2)(8 2)(9 1)(10 6)(11 3)(12 7)(13 4)(14 4)(15 6)(16 8)(17 7)(18 9)(19 15)(20 12)(21 7)(22 3)(23 7)(24 13)(25 23)(26 12)(27 19)(28 15)(29 13)(30 12)(31 14)(32 14)(33 16)(34 19)(35 18)(36 7)(37 14)(38 17)(39 18)(40 15)(41 16)(42 16)(43 18)(44 15)(45 19)(46 16)(47 19)(48 13)(49 21)(50 18)(51 9)(52 11)(53 14)(54 17)(55 8)(56 7)(57 6)(58 8)(59 6)(60 9)(61 7)(62 11)(63 7)(64 4)(65 6)(66 6)(67 4)(68 8)(69 3)(70 8)(71 4)(72 6)(73 11)(74 6)(75 6)(76 5)(77 2)(78 3)(79 5)(80 5)(81 3)(82 2)(83 7)(84 1)(85 3)(86 3)(87 1)(88 3)(89 2)(90 1)(91 1)(92 4)(93 1)(94 5)(95 1)(96 2)(97 3)(102 2)(106 1)(108 1)(111 1)
