NUMBER OF AREAS : 2
---area label--- : 1
area size : 14
mean x : 87.50
mean y : 70.29
mean E_x^2 : 1.96
mean E_y^2 : 5.49
mean E_xy^2 : 3.07
theta : -0.70
average greyscal : 19.64
average RGB [17.07,19.86,23.43]
(3 1)(10 1)(12 1)(14 2)(16 1)(18 1)(19 2)(21 1)(23 1)(28 1)(33 1)(45 1)
---area label--- : 2
area size : 640
mean x : 154.48
mean y : 128.30
mean E_x^2 : 133.61
mean E_y^2 : 71.86
mean E_xy^2 : 72.98
theta : 0.78
average greyscal : 50.53
average RGB [42.42,50.98,59.16]
(0 4)(1 3)(3 1)(4 5)(6 3)(7 1)(8 3)(9 3)(10 5)(11 2)(12 1)(13 3)(14 3)(15 2)(16 5)(17 4)(18 6)(19 9)(20 8)(21 1)(22 5)(23 6)(24 3)(25 6)(26 8)(27 10)(28 10)(29 9)(30 17)(31 13)(32 12)(33 17)(34 9)(35 8)(36 5)(37 12)(38 7)(39 14)(40 7)(41 6)(42 5)(43 13)(44 11)(45 9)(46 10)(47 6)(48 11)(49 11)(50 13)(51 8)(52 15)(53 8)(54 10)(55 13)(56 14)(57 8)(58 10)(59 9)(60 12)(61 8)(62 6)(63 10)(64 7)(65 5)(66 7)(67 5)(68 7)(69 8)(70 11)(71 4)(72 4)(73 6)(74 3)(75 4)(76 7)(77 6)(79 5)(80 2)(81 4)(82 3)(83 8)(84 3)(85 2)(86 3)(87 3)(88 1)(89 2)(90 1)(91 2)(92 3)(93 2)(95 3)(96 1)(98 1)(99 3)(100 1)(101 1)(102 1)(103 1)(104 2)(106 1)(108 2)(109 3)(111 1)(117 1)(121 1)(124 1)(131 1)(136 1)(143 1)(144 1)(146 1)(150 1)(153 1)(165 1)(168 1)(169 1)(171 1)(179 1)
