NUMBER OF AREAS : 3
---area label--- : 1
area size : 22
mean x : 90.59
mean y : 69.41
mean E_x^2 : 3.61
mean E_y^2 : 4.15
mean E_xy^2 : 3.44
theta : -0.78
average greyscal : 21.18
average RGB [19.00,19.27,26.36]
(4 1)(8 1)(10 1)(11 1)(16 2)(18 1)(20 4)(22 3)(24 2)(25 1)(26 1)(27 1)(28 1)(37 1)(46 1)
---area label--- : 2
area size : 223
mean x : 145.82
mean y : 161.30
mean E_x^2 : 15.32
mean E_y^2 : 24.49
mean E_xy^2 : -4.61
theta : -0.78
average greyscal : 64.32
average RGB [67.24,60.91,65.75]
(1 1)(5 1)(15 1)(16 1)(20 1)(22 1)(28 1)(35 2)(39 1)(40 3)(41 4)(42 1)(43 5)(44 2)(45 5)(46 2)(47 3)(48 6)(49 3)(50 4)(51 1)(52 6)(53 2)(54 2)(55 7)(56 4)(57 6)(58 3)(59 3)(60 7)(61 2)(62 7)(63 7)(64 9)(65 6)(66 13)(67 8)(68 4)(69 5)(70 2)(71 7)(72 7)(73 4)(74 12)(75 4)(76 1)(78 3)(79 4)(80 2)(81 3)(83 1)(84 2)(86 1)(87 1)(91 1)(96 1)(97 1)(98 1)(101 1)(102 2)(104 1)(105 1)(106 1)(109 1)(111 2)(112 2)(115 2)(118 1)(154 1)
---area label--- : 3
area size : 5
mean x : 89.00
mean y : 249.00
mean E_x^2 : 0.40
mean E_y^2 : 0.80
mean E_xy^2 : 0.40
theta : -0.51
average greyscal : 25.80
average RGB [29.40,34.40,15.00]
(10 2)(16 1)(24 1)(69 1)
