NUMBER OF AREAS : 3
---area label--- : 1
area size : 178
mean x : 83.79
mean y : 104.14
mean E_x^2 : 47.84
mean E_y^2 : 25.96
mean E_xy^2 : 25.85
theta : 0.78
average greyscal : 36.71
average RGB [41.68,32.57,36.72]
(0 9)(1 4)(2 2)(3 1)(4 3)(5 2)(6 4)(8 4)(9 1)(10 1)(11 3)(12 2)(13 1)(14 3)(15 2)(16 2)(17 1)(18 3)(19 2)(20 1)(21 4)(23 5)(24 4)(25 5)(27 7)(28 3)(29 5)(30 3)(31 4)(32 4)(33 1)(34 3)(35 3)(36 2)(37 4)(38 5)(39 2)(41 2)(42 5)(43 2)(45 4)(47 1)(48 1)(49 5)(50 3)(51 1)(52 1)(53 1)(54 1)(56 1)(57 1)(59 1)(61 1)(64 1)(68 3)(69 3)(70 1)(71 1)(72 2)(73 1)(76 1)(77 1)(79 1)(80 1)(81 2)(82 1)(83 1)(85 1)(86 1)(89 2)(98 1)(102 1)(107 3)(108 1)(121 1)(154 1)
---area label--- : 2
area size : 222
mean x : 145.80
mean y : 161.24
mean E_x^2 : 15.37
mean E_y^2 : 24.27
mean E_xy^2 : -4.92
theta : -0.78
average greyscal : 62.99
average RGB [66.95,61.28,61.64]
(0 1)(6 1)(16 1)(22 1)(26 2)(30 1)(33 1)(35 1)(36 3)(38 2)(39 2)(42 2)(43 3)(44 5)(45 5)(46 6)(47 3)(48 1)(49 3)(50 1)(51 9)(52 3)(53 3)(54 4)(55 4)(56 4)(57 2)(58 8)(59 3)(60 7)(61 10)(62 7)(63 5)(64 5)(65 9)(66 12)(67 12)(68 6)(69 6)(70 4)(71 5)(72 7)(73 4)(74 7)(75 5)(76 1)(78 1)(79 1)(84 2)(87 2)(91 1)(95 1)(96 2)(98 2)(100 2)(101 1)(102 1)(108 1)(109 1)(110 1)(111 2)(112 1)(115 1)(116 1)(148 1)
---area label--- : 3
area size : 5
mean x : 89.00
mean y : 249.00
mean E_x^2 : 0.40
mean E_y^2 : 0.80
mean E_xy^2 : 0.40
theta : -0.51
average greyscal : 34.60
average RGB [59.00,23.20,23.40]
(14 1)(19 1)(25 1)(43 1)(72 1)
