NUMBER OF AREAS : 4
---area label--- : 1
area size : 26
mean x : 83.19
mean y : 75.42
mean E_x^2 : 2.46
mean E_y^2 : 6.24
mean E_xy^2 : 3.23
theta : -0.72
average greyscal : 27.23
average RGB [25.69,24.58,32.42]
(3 1)(6 1)(12 1)(14 1)(15 1)(17 1)(19 1)(20 2)(21 1)(23 1)(24 1)(25 1)(26 1)(27 1)(28 1)(30 2)(33 1)(34 1)(35 2)(41 1)(46 1)(48 1)(76 1)
---area label--- : 2
area size : 5
mean x : 138.00
mean y : 84.00
mean E_x^2 : 0.40
mean E_y^2 : 0.80
mean E_xy^2 : 0.40
theta : -0.51
average greyscal : 55.00
average RGB [60.80,48.60,56.80]
(28 2)(62 1)(67 1)(90 1)
---area label--- : 3
area size : 626
mean x : 156.81
mean y : 112.36
mean E_x^2 : 151.63
mean E_y^2 : 66.23
mean E_xy^2 : 83.51
theta : 0.78
average greyscal : 51.66
average RGB [43.54,50.42,61.99]
(1 1)(2 2)(3 3)(4 2)(5 1)(6 1)(8 4)(10 1)(11 5)(12 3)(13 6)(14 2)(15 6)(16 2)(17 3)(18 4)(19 3)(20 8)(21 6)(22 6)(23 3)(24 5)(25 6)(26 14)(27 7)(28 10)(29 10)(30 14)(31 11)(32 16)(33 12)(34 13)(35 13)(36 18)(37 10)(38 12)(39 12)(40 12)(41 4)(42 6)(43 9)(44 7)(45 4)(46 9)(47 14)(48 9)(49 6)(50 8)(51 8)(52 9)(53 7)(54 8)(55 7)(56 8)(57 8)(58 8)(59 9)(60 6)(61 7)(62 4)(63 5)(64 11)(65 8)(66 6)(67 5)(68 8)(69 11)(70 5)(71 8)(72 7)(73 6)(74 1)(76 3)(77 6)(78 5)(79 3)(80 5)(81 6)(82 6)(83 7)(84 4)(85 2)(86 1)(87 1)(88 4)(89 3)(90 1)(91 3)(92 2)(93 2)(94 3)(96 3)(97 3)(98 2)(100 1)(101 2)(102 1)(103 1)(104 2)(106 2)(107 3)(108 3)(110 1)(112 2)(113 1)(116 1)(117 1)(119 1)(121 2)(126 1)(127 3)(128 1)(131 1)(136 1)(138 1)(141 2)(142 1)(147 1)(155 1)(158 1)
---area label--- : 4
area size : 5
mean x : 131.00
mean y : 106.00
mean E_x^2 : 0.40
mean E_y^2 : 0.80
mean E_xy^2 : 0.40
theta : -0.51
average greyscal : 82.40
average RGB [89.60,81.00,78.40]
(58 1)(64 1)(81 1)(103 1)(106 1)
