NUMBER OF AREAS : 3
---area label--- : 1
area size : 205
mean x : 88.23
mean y : 120.33
mean E_x^2 : 33.51
mean E_y^2 : 20.56
mean E_xy^2 : 19.06
theta : 0.78
average greyscal : 49.43
average RGB [53.85,43.49,51.75]
(0 2)(1 1)(3 3)(4 2)(5 4)(6 2)(7 1)(8 1)(10 4)(11 4)(12 2)(13 5)(14 1)(15 1)(16 7)(17 2)(18 2)(19 1)(20 1)(21 1)(22 1)(23 4)(24 5)(25 1)(26 5)(27 1)(28 2)(30 3)(31 1)(32 5)(33 5)(34 4)(35 3)(36 4)(37 4)(38 4)(39 7)(40 3)(41 2)(42 3)(43 1)(44 4)(45 3)(46 5)(47 4)(48 2)(50 1)(51 1)(52 3)(53 2)(54 2)(55 2)(56 2)(57 3)(58 1)(59 4)(60 3)(61 2)(62 1)(66 1)(67 1)(68 1)(73 1)(75 1)(85 2)(86 1)(87 2)(88 1)(89 1)(90 2)(91 2)(92 2)(95 1)(96 2)(98 1)(99 1)(103 1)(105 4)(108 1)(111 1)(116 2)(118 1)(120 1)(141 1)(148 1)(153 1)(155 1)(156 1)(163 1)(164 1)(179 1)(187 1)(189 1)(198 1)
---area label--- : 2
area size : 217
mean x : 145.68
mean y : 161.41
mean E_x^2 : 14.87
mean E_y^2 : 23.54
mean E_xy^2 : -4.22
theta : -0.78
average greyscal : 63.29
average RGB [65.97,60.26,64.54]
(6 1)(8 1)(19 1)(21 1)(24 1)(34 2)(35 2)(36 1)(37 2)(38 1)(39 1)(40 1)(41 1)(42 2)(43 2)(44 5)(45 1)(46 2)(47 6)(48 5)(49 4)(50 3)(51 3)(52 1)(53 6)(54 3)(55 1)(56 5)(57 4)(58 3)(59 10)(60 3)(61 8)(62 4)(63 11)(64 4)(65 15)(66 11)(67 10)(68 9)(69 3)(70 6)(71 3)(72 5)(73 8)(74 4)(75 4)(76 1)(79 2)(80 2)(81 1)(82 1)(89 1)(90 1)(91 1)(93 2)(95 1)(98 2)(99 1)(101 1)(102 2)(105 2)(106 1)(107 1)(111 1)(112 1)(117 1)(144 1)
---area label--- : 3
area size : 5
mean x : 89.00
mean y : 249.00
mean E_x^2 : 0.40
mean E_y^2 : 0.80
mean E_xy^2 : 0.40
theta : -0.51
average greyscal : 30.40
average RGB [46.60,30.40,15.20]
(5 1)(23 1)(32 1)(42 1)(50 1)
