NUMBER OF AREAS : 2
---area label--- : 1
area size : 224
mean x : 145.85
mean y : 161.28
mean E_x^2 : 15.54
mean E_y^2 : 24.40
mean E_xy^2 : -4.75
theta : -0.78
average greyscal : 63.31
average RGB [66.75,61.19,62.94]
(8 1)(15 1)(21 1)(31 1)(32 1)(33 2)(35 1)(38 2)(39 1)(41 3)(42 3)(43 2)(44 4)(45 4)(46 2)(47 7)(48 3)(49 4)(50 6)(51 6)(52 4)(53 3)(54 2)(55 4)(56 7)(57 2)(58 3)(59 5)(60 3)(61 7)(62 4)(63 8)(64 10)(65 12)(66 12)(67 11)(68 10)(69 7)(70 10)(71 4)(72 6)(73 2)(74 1)(75 5)(76 1)(78 1)(79 2)(80 1)(83 1)(87 1)(91 1)(92 2)(93 1)(95 1)(96 1)(100 2)(102 3)(107 2)(108 1)(110 2)(114 1)(117 1)(121 1)(127 1)
---area label--- : 2
area size : 384
mean x : 111.30
mean y : 167.71
mean E_x^2 : 133.00
mean E_y^2 : 25.61
mean E_xy^2 : 46.65
theta : 0.78
average greyscal : 50.99
average RGB [57.24,45.77,50.99]
(0 1)(1 1)(2 1)(3 3)(4 1)(5 3)(6 2)(7 3)(8 4)(9 3)(10 4)(11 3)(13 2)(14 2)(16 1)(17 2)(18 1)(19 4)(20 5)(21 4)(22 1)(23 1)(24 1)(25 1)(26 3)(27 2)(28 5)(29 3)(30 3)(31 8)(32 6)(33 10)(34 5)(35 10)(36 8)(37 11)(38 7)(39 13)(40 6)(41 9)(42 10)(43 7)(44 5)(45 5)(46 11)(47 12)(48 5)(49 4)(50 7)(51 4)(52 8)(53 5)(54 5)(55 7)(56 5)(57 6)(58 3)(59 6)(60 4)(61 5)(62 3)(63 6)(65 7)(66 1)(67 5)(68 1)(69 3)(70 4)(71 1)(72 3)(73 2)(75 1)(76 1)(77 3)(78 2)(79 1)(80 2)(81 1)(82 3)(83 1)(84 2)(86 1)(87 2)(88 1)(90 1)(91 1)(94 1)(96 1)(97 1)(98 3)(100 1)(102 4)(103 2)(108 2)(109 2)(112 1)(114 1)(116 1)(117 3)(118 2)(119 1)(122 1)(125 1)(129 1)(131 1)(137 1)(138 2)(142 1)(151 1)(171 1)(189 1)(193 1)
