NUMBER OF AREAS : 1
---area label--- : 1
area size : 560
mean x : 133.16
mean y : 154.13
mean E_x^2 : 161.88
mean E_y^2 : 51.55
mean E_xy^2 : 68.70
theta : 0.78
average greyscal : 53.61
average RGB [57.54,50.09,54.15]
(0 6)(1 1)(2 4)(3 6)(4 1)(5 2)(6 5)(7 2)(8 1)(9 3)(10 4)(11 1)(12 3)(13 3)(14 1)(15 3)(16 6)(17 7)(18 4)(19 4)(20 5)(21 3)(22 3)(23 5)(24 8)(25 8)(26 15)(27 6)(28 8)(29 7)(30 3)(31 11)(32 4)(33 10)(34 9)(35 7)(36 3)(37 5)(38 4)(39 4)(40 4)(41 5)(42 7)(43 5)(44 2)(45 6)(46 10)(47 7)(48 7)(49 2)(50 6)(51 12)(52 10)(53 10)(54 5)(55 3)(56 9)(57 8)(58 7)(59 9)(60 17)(61 9)(62 3)(63 4)(64 11)(65 7)(66 12)(67 9)(68 10)(69 5)(70 6)(71 12)(72 7)(73 6)(74 5)(75 10)(76 3)(77 1)(78 2)(79 4)(80 4)(81 4)(82 1)(83 4)(84 5)(85 1)(86 4)(87 2)(88 1)(89 5)(90 1)(91 2)(93 2)(94 2)(95 1)(96 1)(97 2)(98 5)(99 2)(100 1)(101 2)(103 2)(104 2)(105 2)(107 2)(109 2)(110 1)(113 1)(114 1)(115 2)(116 1)(117 2)(119 1)(120 1)(122 2)(124 1)(125 1)(129 1)(133 1)(137 1)(140 1)(144 1)(148 1)(150 1)(151 1)(152 1)(168 1)(169 1)(188 1)
