NUMBER OF AREAS : 1
---area label--- : 1
area size : 526
mean x : 160.22
mean y : 150.64
mean E_x^2 : 168.80
mean E_y^2 : 42.26
mean E_xy^2 : 70.86
theta : 0.78
average greyscal : 55.43
average RGB [47.87,54.54,64.75]
(0 1)(3 1)(4 2)(5 1)(7 2)(8 2)(10 1)(12 2)(13 3)(14 2)(15 7)(16 3)(17 6)(18 3)(19 5)(20 1)(21 5)(22 5)(23 6)(24 5)(25 11)(26 10)(27 11)(28 11)(29 3)(30 14)(31 5)(32 11)(33 7)(34 3)(35 4)(36 6)(37 13)(38 6)(39 4)(40 6)(41 6)(42 4)(43 4)(44 3)(45 3)(46 8)(47 3)(48 8)(49 8)(50 5)(51 6)(52 3)(53 7)(54 7)(55 7)(56 4)(57 8)(58 6)(59 8)(60 8)(61 9)(62 6)(63 6)(64 9)(65 7)(66 8)(67 11)(68 9)(69 4)(70 7)(71 9)(72 6)(73 11)(74 9)(75 5)(76 4)(77 6)(79 1)(80 4)(81 7)(82 6)(83 3)(84 2)(85 3)(86 3)(87 4)(89 2)(90 2)(91 3)(92 1)(93 6)(94 3)(95 2)(96 2)(97 6)(98 3)(99 3)(100 2)(101 1)(102 1)(103 1)(104 1)(105 1)(106 1)(110 1)(111 2)(113 1)(115 3)(116 2)(119 1)(120 1)(131 1)(137 2)(138 1)(139 1)(140 1)(149 1)(154 2)(160 1)(172 1)
