NUMBER OF AREAS : 1
---area label--- : 1
area size : 611
mean x : 170.24
mean y : 172.26
mean E_x^2 : 179.54
mean E_y^2 : 69.27
mean E_xy^2 : 64.21
theta : 0.78
average greyscal : 53.33
average RGB [47.47,51.82,61.76]
(0 1)(4 3)(5 1)(6 3)(8 3)(9 2)(10 3)(11 3)(12 5)(13 2)(14 1)(16 1)(17 4)(18 2)(19 2)(20 4)(21 4)(22 3)(23 8)(24 7)(25 14)(26 5)(27 12)(28 13)(29 9)(30 13)(31 10)(32 16)(33 18)(34 13)(35 10)(36 15)(37 8)(38 13)(39 9)(40 8)(41 10)(42 9)(43 8)(44 4)(45 3)(46 2)(47 10)(48 6)(49 2)(50 4)(51 8)(52 5)(53 6)(54 3)(55 8)(56 7)(57 8)(58 4)(59 4)(60 8)(61 8)(62 8)(63 10)(64 14)(65 9)(66 7)(67 8)(68 9)(69 8)(70 9)(71 8)(72 5)(73 4)(74 8)(75 4)(76 2)(77 6)(78 6)(79 5)(80 10)(81 4)(82 8)(83 3)(84 7)(85 2)(86 1)(87 2)(88 5)(89 2)(90 3)(91 3)(92 5)(93 2)(94 3)(95 2)(96 2)(97 3)(98 2)(99 3)(100 2)(102 2)(103 1)(104 1)(105 4)(106 3)(107 1)(109 1)(110 1)(111 2)(112 1)(113 1)(115 1)(117 2)(118 2)(121 1)(122 2)(123 3)(124 1)(126 1)(134 1)
