NUMBER OF AREAS : 1
---area label--- : 1
area size : 437
mean x : 111.49
mean y : 134.96
mean E_x^2 : 87.60
mean E_y^2 : 31.01
mean E_xy^2 : 33.44
theta : 0.78
average greyscal : 61.05
average RGB [68.95,55.49,59.57]
(0 3)(1 3)(2 2)(3 2)(4 5)(5 1)(7 5)(9 2)(10 1)(11 2)(12 1)(13 7)(16 3)(17 1)(18 4)(19 3)(20 1)(22 3)(23 3)(24 1)(25 2)(26 4)(27 2)(28 5)(29 2)(30 4)(31 4)(32 3)(33 4)(34 4)(35 5)(36 7)(37 4)(38 2)(39 3)(40 5)(41 4)(42 2)(43 6)(44 7)(45 4)(46 7)(47 6)(48 3)(49 8)(50 5)(51 6)(52 12)(53 7)(54 3)(55 7)(56 8)(57 6)(58 1)(59 3)(60 4)(61 3)(62 3)(63 2)(64 4)(65 8)(66 7)(67 6)(68 13)(69 6)(70 7)(71 6)(72 5)(73 11)(74 16)(75 12)(76 6)(77 1)(78 4)(79 2)(80 5)(81 1)(82 3)(83 3)(85 2)(86 2)(87 1)(88 1)(89 2)(90 1)(91 1)(92 2)(93 3)(94 3)(95 1)(96 4)(97 1)(98 3)(101 2)(103 2)(104 2)(105 2)(107 1)(109 2)(110 3)(111 1)(114 4)(115 3)(116 2)(117 2)(118 2)(119 4)(120 2)(123 3)(126 3)(127 2)(128 1)(131 2)(133 1)(134 1)(136 1)(139 1)(141 1)(142 1)(155 1)(158 1)(193 1)
