NUMBER OF AREAS : 2
---area label--- : 1
area size : 140
mean x : 82.44
mean y : 93.62
mean E_x^2 : 40.50
mean E_y^2 : 21.11
mean E_xy^2 : 26.20
theta : 0.78
average greyscal : 37.46
average RGB [44.26,32.89,36.51]
(0 2)(1 1)(3 2)(5 3)(7 2)(8 2)(9 2)(10 2)(11 2)(12 1)(13 2)(15 1)(18 1)(19 3)(20 3)(22 1)(23 1)(24 3)(25 3)(26 3)(27 4)(28 3)(29 1)(30 9)(31 3)(32 4)(33 2)(34 2)(35 4)(36 2)(37 3)(38 4)(39 4)(40 6)(41 1)(42 2)(43 1)(45 1)(46 6)(47 3)(48 3)(49 1)(50 1)(51 2)(52 4)(53 2)(54 3)(55 2)(58 1)(59 2)(65 3)(67 1)(71 1)(75 1)(76 1)(80 1)(82 1)(92 1)(102 1)(107 1)(123 1)(150 1)
---area label--- : 2
area size : 219
mean x : 145.58
mean y : 161.38
mean E_x^2 : 14.89
mean E_y^2 : 23.64
mean E_xy^2 : -3.98
theta : -0.78
average greyscal : 64.44
average RGB [67.32,60.38,66.67]
(2 1)(10 1)(20 1)(23 1)(26 1)(32 1)(33 1)(34 2)(37 1)(40 1)(41 2)(42 3)(43 2)(44 4)(45 3)(46 2)(47 6)(48 4)(49 2)(50 7)(51 4)(52 3)(53 3)(54 6)(55 3)(56 5)(57 2)(58 4)(59 4)(60 3)(61 6)(62 3)(63 10)(64 8)(65 9)(66 12)(67 10)(68 8)(69 8)(70 3)(71 3)(72 2)(73 2)(74 7)(75 4)(76 4)(77 2)(79 3)(80 2)(81 3)(82 1)(83 1)(84 1)(85 1)(87 1)(91 1)(92 2)(94 2)(95 1)(96 2)(98 2)(99 1)(100 2)(101 1)(103 2)(106 1)(110 1)(116 2)(122 1)(144 1)
