NUMBER OF AREAS : 1
---area label--- : 1
area size : 660
mean x : 187.56
mean y : 145.08
mean E_x^2 : 147.00
mean E_y^2 : 54.13
mean E_xy^2 : 48.92
theta : 0.78
average greyscal : 50.74
average RGB [42.84,49.73,60.67]
(3 2)(6 4)(7 2)(8 3)(9 2)(10 2)(11 1)(12 5)(13 6)(14 4)(15 4)(16 2)(17 3)(18 5)(19 6)(20 4)(21 6)(22 10)(23 7)(24 2)(25 8)(26 14)(27 6)(28 9)(29 11)(30 11)(31 16)(32 14)(33 16)(34 8)(35 10)(36 5)(37 7)(38 14)(39 9)(40 16)(41 11)(42 10)(43 7)(44 6)(45 19)(46 12)(47 6)(48 18)(49 21)(50 11)(51 9)(52 11)(53 7)(54 9)(55 9)(56 9)(57 11)(58 6)(59 5)(60 7)(61 5)(62 13)(63 8)(64 2)(65 10)(66 7)(67 5)(68 10)(69 3)(70 6)(71 5)(72 4)(73 3)(74 8)(75 4)(76 7)(77 5)(78 3)(79 6)(80 3)(81 3)(82 4)(83 9)(84 5)(85 7)(86 3)(87 3)(88 2)(89 1)(90 5)(91 7)(92 1)(93 3)(95 1)(96 1)(97 1)(98 1)(99 1)(102 5)(103 3)(104 2)(105 2)(108 2)(109 1)(118 1)(119 1)(121 1)(126 1)(129 2)(130 1)(136 1)(137 1)(142 1)(158 1)(183 1)
