NUMBER OF AREAS : 4
---area label--- : 1
area size : 62
mean x : 85.06
mean y : 78.98
mean E_x^2 : 10.96
mean E_y^2 : 8.47
mean E_xy^2 : 8.08
theta : 0.78
average greyscal : 26.47
average RGB [26.52,24.94,28.89]
(3 1)(10 1)(11 2)(12 2)(14 1)(16 2)(17 4)(18 4)(19 1)(20 2)(21 5)(22 1)(23 1)(24 2)(25 3)(26 2)(27 2)(29 2)(30 5)(31 3)(32 1)(34 1)(35 2)(37 3)(38 1)(39 1)(42 2)(45 3)(46 1)(68 1)
---area label--- : 2
area size : 668
mean x : 170.10
mean y : 143.01
mean E_x^2 : 154.84
mean E_y^2 : 51.85
mean E_xy^2 : 64.87
theta : 0.78
average greyscal : 50.34
average RGB [40.12,49.09,62.90]
(0 1)(1 1)(3 1)(4 5)(5 1)(6 1)(7 2)(9 2)(10 3)(11 4)(12 2)(13 2)(14 1)(15 2)(16 5)(17 4)(18 4)(19 4)(20 4)(21 9)(22 9)(23 3)(24 4)(25 9)(26 12)(27 18)(28 12)(29 10)(30 12)(31 17)(32 11)(33 21)(34 14)(35 13)(36 13)(37 11)(38 10)(39 7)(40 12)(41 8)(42 6)(43 8)(44 6)(45 5)(46 7)(47 5)(48 8)(49 7)(50 9)(51 13)(52 8)(53 14)(54 8)(55 11)(56 7)(57 11)(58 9)(59 12)(60 5)(61 10)(62 14)(63 11)(64 12)(65 8)(66 12)(67 8)(68 13)(69 4)(70 10)(71 7)(72 3)(73 5)(74 6)(75 8)(76 9)(77 2)(78 8)(79 6)(80 2)(81 5)(82 4)(83 4)(84 3)(85 4)(86 4)(87 2)(88 4)(89 3)(90 1)(91 3)(93 2)(94 2)(95 1)(96 3)(97 2)(98 3)(99 1)(100 1)(102 3)(103 2)(120 1)(136 2)(139 1)(140 1)(141 1)(145 1)(148 1)(152 2)
---area label--- : 3
area size : 5
mean x : 170.00
mean y : 156.00
mean E_x^2 : 0.40
mean E_y^2 : 0.80
mean E_xy^2 : 0.40
theta : -0.51
average greyscal : 47.00
average RGB [54.20,44.00,44.40]
(20 1)(21 1)(34 1)(61 1)(99 1)
---area label--- : 4
area size : 5
mean x : 84.00
mean y : 253.00
mean E_x^2 : 0.40
mean E_y^2 : 0.80
mean E_xy^2 : 0.40
theta : -0.51
average greyscal : 56.80
average RGB [54.80,55.80,61.40]
(7 1)(10 1)(19 1)(95 1)(153 1)
