NUMBER OF AREAS : 3
---area label--- : 1
area size : 260
mean x : 86.79
mean y : 123.32
mean E_x^2 : 65.70
mean E_y^2 : 20.24
mean E_xy^2 : 27.85
theta : 0.78
average greyscal : 48.46
average RGB [53.83,44.69,47.88]
(0 8)(1 8)(2 7)(3 1)(4 1)(5 6)(7 3)(8 1)(9 4)(10 3)(11 3)(12 3)(13 2)(14 1)(15 2)(16 1)(17 1)(18 2)(19 1)(20 3)(21 2)(22 2)(23 1)(24 1)(25 4)(26 5)(28 3)(29 5)(30 2)(31 2)(32 9)(33 7)(34 4)(35 7)(36 3)(37 4)(38 4)(39 4)(40 4)(41 4)(42 3)(43 3)(44 4)(45 2)(46 3)(47 2)(48 3)(49 1)(50 3)(51 7)(52 5)(53 3)(54 1)(55 1)(57 2)(58 2)(59 5)(60 4)(61 1)(62 4)(63 1)(64 2)(65 1)(66 2)(67 1)(68 1)(69 1)(70 1)(72 3)(74 1)(75 1)(76 2)(77 2)(78 1)(84 1)(86 1)(87 1)(90 3)(91 1)(92 2)(94 2)(95 1)(96 1)(103 2)(104 1)(106 1)(107 2)(108 1)(109 1)(110 1)(111 1)(112 1)(113 1)(117 1)(118 1)(122 1)(126 1)(139 1)(143 2)(147 1)(152 1)(155 1)(160 1)(163 1)(165 1)(167 1)(168 1)(171 1)(172 1)(188 1)
---area label--- : 2
area size : 222
mean x : 145.80
mean y : 161.26
mean E_x^2 : 15.31
mean E_y^2 : 24.26
mean E_xy^2 : -4.80
theta : -0.78
average greyscal : 63.91
average RGB [68.15,60.57,63.86]
(6 1)(8 1)(12 1)(19 1)(24 1)(31 1)(32 1)(33 1)(36 1)(39 1)(40 1)(41 4)(42 4)(43 2)(44 3)(45 3)(46 4)(47 4)(48 5)(49 7)(50 4)(51 3)(52 5)(53 3)(54 3)(55 5)(56 1)(57 3)(58 2)(59 2)(60 8)(61 6)(62 3)(63 3)(64 7)(65 13)(66 9)(67 9)(68 11)(69 4)(70 8)(71 6)(72 10)(73 3)(74 5)(75 7)(76 2)(77 3)(80 2)(82 1)(83 1)(86 3)(88 3)(89 1)(90 1)(96 1)(98 1)(99 1)(100 3)(105 1)(106 1)(107 1)(112 1)(114 1)(115 1)(117 2)(147 1)
---area label--- : 3
area size : 5
mean x : 89.00
mean y : 249.00
mean E_x^2 : 0.40
mean E_y^2 : 0.80
mean E_xy^2 : 0.40
theta : -0.51
average greyscal : 28.80
average RGB [31.20,42.00,14.20]
(2 1)(12 1)(21 1)(54 1)(55 1)
