NUMBER OF AREAS : 2
---area label--- : 1
area size : 229
mean x : 145.81
mean y : 161.32
mean E_x^2 : 16.27
mean E_y^2 : 24.02
mean E_xy^2 : -4.76
theta : -0.78
average greyscal : 62.30
average RGB [64.96,59.91,62.99]
(6 1)(7 1)(16 1)(22 1)(27 1)(28 1)(30 1)(31 1)(33 1)(34 1)(35 1)(36 1)(37 2)(38 3)(39 3)(40 2)(41 4)(42 4)(44 4)(45 8)(46 7)(47 3)(48 2)(49 3)(50 4)(51 6)(52 5)(54 4)(55 2)(56 3)(57 8)(58 2)(59 7)(60 6)(61 11)(62 6)(63 5)(64 8)(65 10)(66 14)(67 6)(68 6)(69 6)(70 3)(71 5)(72 3)(73 1)(74 4)(75 2)(76 3)(77 1)(78 1)(80 1)(81 2)(84 1)(85 1)(86 1)(88 2)(92 1)(95 2)(96 2)(97 1)(98 1)(101 1)(102 3)(104 2)(108 2)(110 1)(114 1)(117 1)(118 1)(123 1)(138 1)(154 1)
---area label--- : 2
area size : 482
mean x : 128.38
mean y : 188.00
mean E_x^2 : 108.22
mean E_y^2 : 31.71
mean E_xy^2 : 41.10
theta : 0.78
average greyscal : 72.42
average RGB [79.90,67.71,70.67]
(0 3)(1 1)(2 3)(3 3)(4 1)(5 3)(6 4)(7 1)(9 2)(10 2)(12 3)(13 4)(14 5)(16 2)(17 3)(18 3)(19 4)(20 7)(21 5)(22 3)(24 2)(25 5)(26 1)(27 5)(28 7)(29 5)(30 8)(31 1)(32 4)(33 3)(34 4)(35 11)(36 4)(37 2)(38 5)(39 4)(40 5)(41 1)(42 7)(43 1)(44 6)(45 6)(46 2)(47 4)(48 4)(49 5)(50 5)(51 6)(52 7)(53 7)(54 8)(55 5)(56 3)(57 5)(58 3)(59 1)(60 3)(61 5)(62 4)(63 7)(64 6)(65 1)(66 4)(67 3)(68 4)(69 4)(70 3)(71 6)(72 6)(73 6)(74 5)(75 6)(76 2)(77 4)(78 8)(79 2)(80 7)(81 5)(82 3)(83 6)(84 3)(85 3)(86 5)(87 1)(88 2)(89 2)(90 2)(91 3)(92 1)(93 4)(94 1)(96 4)(97 2)(98 2)(99 3)(100 1)(101 1)(102 2)(103 2)(104 2)(105 4)(106 1)(108 2)(109 3)(110 1)(111 2)(112 2)(113 2)(115 1)(116 1)(117 3)(118 2)(119 1)(121 3)(122 1)(123 1)(124 2)(127 1)(129 2)(130 1)(131 2)(134 1)(135 2)(136 1)(137 2)(138 1)(139 1)(140 1)(141 1)(142 3)(143 2)(144 1)(146 1)(148 1)(151 1)(152 2)(154 3)(155 1)(156 1)(159 1)(161 2)(162 2)(163 1)(165 1)(169 2)(170 2)(172 2)(174 2)(175 2)(176 1)(180 1)(184 1)(185 2)(186 1)(188 2)(190 1)(191 1)(194 1)(195 1)(197 1)(198 1)(200 1)(202 1)(208 1)(209 1)(214 1)(219 1)(244 1)
