NUMBER OF AREAS : 1
---area label--- : 1
area size : 589
mean x : 127.44
mean y : 157.96
mean E_x^2 : 305.09
mean E_y^2 : 29.91
mean E_xy^2 : 62.07
theta : 0.78
average greyscal : 56.22
average RGB [59.54,53.75,56.39]
(0 8)(1 4)(2 7)(3 1)(4 8)(5 3)(6 3)(7 1)(9 6)(10 2)(11 5)(12 3)(13 6)(14 3)(15 3)(16 2)(17 4)(18 4)(19 3)(20 7)(21 5)(22 7)(23 2)(24 7)(25 10)(26 10)(27 6)(28 5)(29 4)(30 9)(31 13)(32 7)(33 8)(34 11)(35 11)(36 5)(37 5)(38 6)(39 5)(40 4)(41 5)(42 4)(43 6)(44 5)(45 6)(47 1)(48 11)(49 4)(50 10)(51 5)(52 2)(53 4)(54 4)(55 2)(56 5)(57 6)(58 10)(59 5)(60 8)(61 8)(62 5)(63 12)(64 13)(65 5)(66 16)(67 12)(68 14)(69 8)(70 9)(71 8)(72 9)(73 8)(74 4)(75 1)(76 5)(78 2)(79 3)(80 1)(81 2)(82 3)(83 1)(84 4)(85 1)(86 1)(87 2)(88 6)(89 4)(91 2)(92 1)(93 6)(94 6)(95 2)(96 4)(97 2)(98 2)(99 2)(100 7)(101 3)(102 2)(103 3)(104 1)(105 2)(108 3)(109 3)(110 2)(111 2)(112 2)(113 1)(114 2)(115 4)(116 2)(118 3)(120 1)(121 1)(122 1)(123 1)(124 1)(126 2)(128 1)(131 1)(133 2)(134 1)(135 1)(136 1)(140 1)(144 1)(146 1)(152 1)(154 2)(160 1)(166 1)(169 1)(172 1)(173 1)(186 1)(199 1)
