NUMBER OF AREAS : 3
---area label--- : 1
area size : 64
mean x : 86.88
mean y : 80.50
mean E_x^2 : 10.70
mean E_y^2 : 10.50
mean E_xy^2 : 8.64
theta : 0.78
average greyscal : 34.56
average RGB [34.86,31.33,38.12]
(5 2)(6 1)(7 1)(8 1)(9 1)(10 1)(11 1)(14 1)(15 2)(16 1)(17 1)(18 3)(19 1)(20 2)(21 2)(22 2)(23 2)(25 2)(26 1)(27 1)(28 1)(29 1)(30 2)(31 3)(32 1)(34 1)(35 1)(37 3)(38 2)(40 2)(41 1)(42 1)(44 3)(45 1)(46 1)(51 1)(52 1)(54 1)(55 1)(58 1)(63 1)(74 1)(91 1)(103 1)(117 1)(124 1)
---area label--- : 2
area size : 220
mean x : 145.68
mean y : 161.37
mean E_x^2 : 15.12
mean E_y^2 : 23.64
mean E_xy^2 : -4.23
theta : -0.78
average greyscal : 63.36
average RGB [65.17,62.73,63.31]
(8 1)(12 1)(24 1)(26 1)(31 1)(32 2)(33 1)(35 1)(36 2)(37 3)(38 3)(41 1)(42 1)(43 1)(44 4)(45 3)(46 6)(47 3)(48 2)(49 2)(50 4)(51 6)(52 3)(53 3)(54 7)(55 2)(56 3)(57 3)(58 4)(59 4)(60 9)(61 6)(62 4)(63 8)(64 14)(65 14)(66 13)(67 6)(68 11)(69 7)(70 4)(71 4)(72 3)(73 2)(74 1)(75 3)(76 1)(77 1)(78 3)(79 2)(81 1)(82 1)(83 1)(84 1)(86 1)(87 1)(88 1)(89 1)(90 1)(93 1)(94 1)(96 1)(101 3)(102 1)(103 2)(109 1)(111 1)(116 2)(118 1)(131 1)(155 1)
---area label--- : 3
area size : 5
mean x : 89.00
mean y : 249.00
mean E_x^2 : 0.40
mean E_y^2 : 0.80
mean E_xy^2 : 0.40
theta : -0.51
average greyscal : 38.40
average RGB [55.80,34.00,26.60]
(22 1)(25 1)(29 1)(50 1)(66 1)
