NUMBER OF AREAS : 1
---area label--- : 1
area size : 231
mean x : 92.11
mean y : 109.36
mean E_x^2 : 49.71
mean E_y^2 : 28.47
mean E_xy^2 : 24.91
theta : 0.78
average greyscal : 53.84
average RGB [63.87,47.14,51.50]
(0 1)(1 1)(2 3)(3 4)(7 2)(9 2)(10 1)(11 1)(12 1)(14 1)(17 1)(19 1)(21 2)(22 2)(23 3)(24 2)(25 1)(26 5)(27 1)(28 2)(29 4)(30 1)(31 4)(32 2)(33 2)(34 1)(35 3)(36 6)(37 1)(38 3)(39 3)(40 2)(41 3)(42 2)(43 1)(44 4)(45 2)(46 1)(47 6)(48 3)(49 7)(50 6)(51 3)(52 1)(53 4)(54 2)(55 4)(56 2)(57 7)(58 4)(59 2)(60 5)(61 7)(62 4)(63 8)(64 2)(65 4)(66 6)(67 8)(68 5)(70 4)(71 3)(72 2)(73 3)(75 5)(76 1)(77 1)(78 3)(79 1)(81 1)(82 1)(83 1)(84 1)(86 1)(91 1)(94 1)(95 1)(97 1)(98 1)(99 2)(103 2)(105 1)(107 2)(108 1)(111 1)(113 1)(114 1)(119 1)(122 2)(125 1)(137 1)
