NUMBER OF AREAS : 2
---area label--- : 1
area size : 103
mean x : 81.28
mean y : 90.03
mean E_x^2 : 25.58
mean E_y^2 : 13.15
mean E_xy^2 : 14.87
theta : 0.78
average greyscal : 33.32
average RGB [37.59,28.37,34.92]
(2 1)(3 2)(7 1)(8 1)(9 2)(14 2)(15 2)(17 1)(18 3)(20 2)(21 2)(22 5)(23 1)(24 2)(25 4)(26 2)(27 4)(28 4)(29 1)(30 3)(32 4)(33 2)(34 3)(35 5)(36 3)(37 9)(38 1)(39 2)(40 1)(41 2)(43 1)(44 3)(45 2)(46 2)(47 5)(48 2)(51 1)(52 1)(53 1)(56 2)(57 1)(62 1)(67 1)(68 1)(73 1)(75 1)
---area label--- : 2
area size : 796
mean x : 190.72
mean y : 166.35
mean E_x^2 : 186.77
mean E_y^2 : 41.51
mean E_xy^2 : 55.14
theta : 0.78
average greyscal : 52.16
average RGB [42.84,50.82,63.84]
(0 3)(1 1)(2 1)(3 3)(4 1)(5 2)(6 7)(7 2)(9 3)(10 4)(11 2)(12 4)(13 2)(14 4)(15 5)(16 1)(17 4)(18 7)(19 7)(20 8)(21 6)(22 7)(23 4)(24 12)(25 6)(26 12)(27 17)(28 19)(29 12)(30 18)(31 20)(32 25)(33 20)(34 13)(35 10)(36 9)(37 2)(38 11)(39 12)(40 9)(41 9)(42 14)(43 6)(44 4)(45 7)(46 7)(47 6)(48 10)(49 14)(50 5)(51 8)(52 5)(53 9)(54 8)(55 9)(56 12)(57 14)(58 16)(59 14)(60 8)(61 14)(62 18)(63 7)(64 15)(65 10)(66 12)(67 7)(68 13)(69 10)(70 11)(71 7)(72 7)(73 8)(74 10)(75 13)(76 5)(77 10)(78 10)(79 6)(80 6)(81 5)(82 8)(83 6)(84 4)(85 2)(86 5)(87 4)(88 2)(89 4)(90 4)(91 2)(92 2)(94 2)(96 1)(97 2)(98 5)(99 2)(100 1)(102 2)(103 4)(105 3)(106 1)(109 1)(111 2)(112 1)(114 1)(118 1)(120 1)(123 1)(124 1)(126 1)(128 2)(129 1)(135 3)(138 2)(139 1)(142 1)(143 1)(146 1)(149 2)(150 1)(153 1)
