NUMBER OF AREAS : 2
---area label--- : 1
area size : 580
mean x : 154.98
mean y : 130.18
mean E_x^2 : 111.85
mean E_y^2 : 49.73
mean E_xy^2 : 50.54
theta : 0.78
average greyscal : 48.74
average RGB [40.61,47.43,59.08]
(0 1)(1 1)(3 3)(4 2)(5 1)(8 3)(9 3)(10 7)(11 3)(12 4)(13 5)(14 2)(15 2)(16 3)(17 3)(18 1)(19 5)(20 3)(21 3)(22 3)(23 6)(24 6)(25 3)(26 10)(27 10)(28 13)(29 17)(30 11)(31 13)(32 24)(33 15)(34 8)(35 11)(36 6)(37 12)(38 9)(39 11)(40 10)(41 7)(42 8)(43 9)(44 5)(45 5)(46 14)(47 9)(48 7)(49 4)(50 10)(51 10)(52 12)(53 15)(54 14)(55 17)(56 13)(57 9)(58 7)(59 5)(60 4)(61 3)(62 5)(63 4)(64 7)(65 4)(66 6)(67 7)(68 6)(69 7)(71 5)(72 3)(73 4)(74 2)(76 2)(77 7)(78 3)(79 2)(80 2)(81 2)(82 2)(83 2)(84 3)(85 4)(86 4)(87 2)(88 1)(89 3)(90 3)(91 5)(92 1)(95 3)(97 1)(98 2)(99 1)(100 5)(102 1)(103 1)(104 2)(105 1)(107 1)(109 1)(113 2)(120 1)(122 1)(125 1)(130 1)(133 1)(135 1)(142 1)(146 1)(165 1)(170 1)(173 1)
---area label--- : 2
area size : 5
mean x : 167.00
mean y : 118.00
mean E_x^2 : 0.40
mean E_y^2 : 0.80
mean E_xy^2 : 0.40
theta : -0.51
average greyscal : 84.60
average RGB [92.60,79.40,82.20]
(73 1)(81 1)(83 1)(91 1)(95 1)
