NUMBER OF AREAS : 1
---area label--- : 1
area size : 736
mean x : 208.97
mean y : 167.38
mean E_x^2 : 144.68
mean E_y^2 : 69.04
mean E_xy^2 : 65.21
theta : 0.78
average greyscal : 49.11
average RGB [41.60,47.81,59.03]
(0 2)(2 1)(7 2)(8 2)(9 1)(10 1)(11 1)(12 3)(13 2)(14 1)(15 2)(16 4)(17 6)(18 7)(19 5)(20 6)(21 3)(22 2)(23 7)(24 11)(25 11)(26 12)(27 18)(28 14)(29 20)(30 13)(31 13)(32 19)(33 16)(34 10)(35 14)(36 20)(37 14)(38 12)(39 12)(40 17)(41 23)(42 17)(43 15)(44 14)(45 23)(46 14)(47 10)(48 14)(49 13)(50 12)(51 10)(52 14)(53 11)(54 7)(55 9)(56 11)(57 9)(58 12)(59 7)(60 7)(61 4)(62 8)(63 7)(64 6)(65 6)(66 7)(67 6)(68 5)(69 3)(70 1)(71 6)(72 3)(73 5)(74 4)(75 5)(76 4)(77 2)(78 4)(79 3)(80 5)(81 3)(82 3)(83 5)(84 4)(85 8)(86 4)(87 2)(88 1)(89 4)(90 4)(91 4)(92 3)(94 1)(95 2)(96 2)(97 1)(100 2)(101 1)(102 2)(103 3)(104 5)(106 1)(107 1)(108 1)(110 1)(111 2)(113 3)(115 2)(116 1)(117 1)(123 2)(125 1)(126 1)(128 1)(134 2)(152 1)(153 1)
