NUMBER OF AREAS : 1
---area label--- : 1
area size : 191
mean x : 88.40
mean y : 101.32
mean E_x^2 : 32.83
mean E_y^2 : 32.32
mean E_xy^2 : 23.57
theta : 0.79
average greyscal : 51.09
average RGB [58.53,46.84,48.92]
(1 1)(2 2)(3 1)(4 2)(5 2)(6 2)(8 2)(9 2)(10 2)(11 1)(12 3)(13 1)(14 1)(15 1)(16 1)(17 3)(18 1)(19 1)(21 2)(23 3)(24 1)(25 4)(26 3)(27 4)(28 1)(29 1)(30 4)(31 2)(32 1)(33 1)(34 2)(35 1)(36 1)(37 2)(38 4)(39 4)(40 2)(41 1)(42 4)(44 3)(45 6)(46 4)(47 1)(48 2)(49 1)(50 2)(51 2)(52 8)(53 1)(54 4)(55 5)(56 2)(57 3)(58 2)(59 3)(60 4)(61 6)(62 7)(63 1)(65 3)(66 1)(67 4)(68 1)(69 1)(70 1)(71 1)(72 1)(74 1)(75 1)(76 2)(77 1)(79 1)(80 2)(81 1)(83 1)(86 1)(87 1)(89 1)(90 1)(91 1)(94 2)(98 1)(99 1)(104 1)(105 1)(106 1)(109 1)(111 2)(116 2)(121 1)(124 1)(125 1)(128 1)(137 1)(156 1)(163 1)
