NUMBER OF AREAS : 2
---area label--- : 1
area size : 332
mean x : 98.18
mean y : 150.23
mean E_x^2 : 103.87
mean E_y^2 : 26.12
mean E_xy^2 : 43.18
theta : 0.78
average greyscal : 49.89
average RGB [54.61,44.78,51.28]
(0 5)(1 2)(2 2)(3 1)(4 4)(5 1)(6 5)(7 2)(8 1)(10 2)(11 3)(12 1)(13 1)(15 4)(16 3)(17 1)(18 2)(19 3)(20 2)(21 2)(22 3)(23 1)(24 5)(25 5)(26 1)(27 1)(28 9)(29 3)(30 4)(31 8)(32 17)(33 7)(34 5)(35 8)(36 6)(37 7)(38 9)(39 8)(40 7)(41 6)(42 4)(43 9)(44 4)(45 3)(47 6)(48 4)(49 6)(50 1)(51 3)(52 7)(53 9)(54 4)(55 3)(56 5)(57 3)(58 6)(59 4)(61 3)(62 4)(63 4)(64 1)(65 2)(67 2)(69 4)(71 2)(72 1)(73 1)(74 1)(75 5)(76 1)(77 1)(78 2)(81 2)(83 1)(88 2)(89 2)(94 1)(98 1)(99 2)(100 1)(101 1)(102 1)(104 2)(106 2)(108 1)(109 1)(110 3)(111 4)(113 2)(114 2)(115 2)(118 2)(121 1)(122 2)(125 4)(126 2)(128 1)(129 1)(154 1)(174 1)(176 1)(202 1)
---area label--- : 2
area size : 224
mean x : 145.86
mean y : 161.26
mean E_x^2 : 15.58
mean E_y^2 : 24.20
mean E_xy^2 : -4.78
theta : -0.78
average greyscal : 63.37
average RGB [66.08,61.65,63.45]
(7 1)(13 1)(17 1)(18 1)(21 1)(24 1)(32 1)(35 1)(39 1)(41 5)(42 3)(43 2)(44 3)(45 2)(46 3)(47 7)(48 5)(49 9)(50 3)(51 5)(52 4)(53 5)(54 5)(56 3)(57 2)(58 5)(59 9)(60 6)(61 9)(62 6)(63 5)(64 4)(65 10)(66 12)(67 5)(68 9)(69 10)(70 7)(71 6)(72 9)(73 2)(74 2)(75 3)(76 1)(79 2)(80 1)(82 1)(87 1)(88 1)(89 3)(92 2)(96 1)(97 3)(98 1)(100 1)(101 1)(102 1)(103 1)(105 1)(106 1)(109 3)(112 1)(114 1)(117 1)(143 1)
