NUMBER OF AREAS : 2
---area label--- : 1
area size : 81
mean x : 81.88
mean y : 95.05
mean E_x^2 : 19.34
mean E_y^2 : 17.82
mean E_xy^2 : 13.86
theta : 0.78
average greyscal : 35.98
average RGB [39.73,32.48,36.64]
(0 1)(1 1)(2 3)(4 2)(5 1)(7 2)(8 1)(9 1)(10 1)(11 1)(12 1)(13 1)(15 1)(17 1)(18 2)(19 3)(20 3)(21 1)(22 1)(24 2)(25 2)(28 1)(29 2)(31 2)(32 1)(33 2)(34 1)(36 3)(37 2)(38 1)(39 4)(40 1)(41 1)(43 2)(44 2)(45 1)(46 2)(47 3)(48 1)(51 1)(52 1)(54 2)(59 1)(60 1)(61 1)(69 1)(71 1)(72 1)(78 1)(83 1)(87 1)(95 1)(100 2)(108 1)
---area label--- : 2
area size : 692
mean x : 204.60
mean y : 186.31
mean E_x^2 : 210.21
mean E_y^2 : 34.07
mean E_xy^2 : 57.85
theta : 0.78
average greyscal : 48.96
average RGB [41.05,49.48,57.24]
(4 1)(5 1)(6 1)(7 1)(10 1)(12 1)(13 3)(14 3)(15 1)(16 1)(17 5)(18 5)(19 1)(20 4)(22 6)(23 7)(24 11)(25 12)(26 15)(27 20)(28 15)(29 16)(30 20)(31 16)(32 18)(33 18)(34 20)(35 18)(36 14)(37 7)(38 12)(39 14)(40 4)(41 7)(42 6)(43 7)(44 6)(45 10)(46 9)(47 14)(48 12)(49 8)(50 8)(51 13)(52 3)(53 18)(54 11)(55 11)(56 15)(57 10)(58 14)(59 10)(60 8)(61 15)(62 15)(63 11)(64 11)(65 4)(66 3)(67 9)(68 4)(69 9)(70 5)(71 3)(72 5)(73 9)(74 4)(75 4)(76 9)(77 3)(78 7)(79 2)(80 4)(81 4)(82 4)(83 5)(84 4)(85 4)(86 2)(87 5)(88 5)(89 3)(90 5)(91 7)(92 1)(93 1)(95 4)(96 2)(97 1)(98 1)(99 2)(100 2)(102 1)(110 1)
