NUMBER OF AREAS : 2
---area label--- : 1
area size : 128
mean x : 87.84
mean y : 96.88
mean E_x^2 : 21.57
mean E_y^2 : 34.16
mean E_xy^2 : 23.57
theta : -0.78
average greyscal : 42.76
average RGB [45.91,40.44,42.87]
(0 2)(1 1)(2 1)(5 3)(9 2)(10 2)(11 1)(13 2)(14 1)(15 2)(16 1)(17 1)(19 3)(20 1)(22 1)(24 3)(26 3)(27 1)(29 3)(30 1)(31 1)(32 3)(33 2)(34 2)(36 1)(37 2)(38 3)(39 2)(40 3)(41 3)(42 2)(43 2)(44 3)(45 2)(46 2)(47 3)(48 3)(49 3)(50 6)(51 2)(52 1)(53 1)(54 3)(55 1)(56 1)(57 2)(58 5)(59 7)(60 4)(61 2)(62 2)(63 2)(64 1)(66 1)(68 1)(69 1)(71 1)(74 1)(78 1)(84 1)(86 1)(97 1)(102 1)(120 1)
---area label--- : 2
area size : 5
mean x : 74.00
mean y : 92.00
mean E_x^2 : 0.40
mean E_y^2 : 0.80
mean E_xy^2 : 0.40
theta : -0.51
average greyscal : 25.80
average RGB [33.40,20.20,25.40]
(5 2)(26 1)(43 1)(50 1)
