NUMBER OF AREAS : 2
---area label--- : 1
area size : 227
mean x : 145.88
mean y : 161.30
mean E_x^2 : 15.76
mean E_y^2 : 24.24
mean E_xy^2 : -4.48
theta : -0.78
average greyscal : 62.62
average RGB [65.74,61.33,61.85]
(4 1)(11 2)(30 2)(32 2)(34 2)(36 2)(37 1)(38 2)(39 4)(40 1)(41 2)(43 2)(44 6)(45 5)(46 2)(47 4)(48 4)(49 9)(50 4)(51 5)(52 6)(53 3)(54 1)(55 1)(56 5)(57 4)(58 7)(59 4)(60 9)(61 5)(62 6)(63 7)(64 13)(65 13)(66 8)(67 6)(68 2)(69 6)(70 7)(71 5)(72 7)(73 6)(74 2)(75 1)(79 2)(81 2)(82 1)(84 2)(85 1)(87 1)(88 1)(94 1)(95 1)(96 2)(98 1)(99 2)(100 4)(103 1)(105 1)(108 1)(109 1)(110 1)(111 1)(112 1)(113 2)(144 1)
---area label--- : 2
area size : 458
mean x : 126.30
mean y : 186.59
mean E_x^2 : 96.66
mean E_y^2 : 28.53
mean E_xy^2 : 33.42
theta : 0.78
average greyscal : 73.05
average RGB [81.89,68.59,69.58]
(0 6)(1 2)(2 2)(3 1)(4 1)(5 1)(6 2)(8 1)(9 1)(10 3)(11 4)(12 1)(13 2)(14 1)(15 5)(16 1)(17 2)(18 3)(19 3)(20 4)(21 5)(24 5)(25 4)(26 4)(28 3)(29 1)(30 1)(31 4)(32 2)(33 5)(34 2)(35 3)(36 4)(37 10)(38 5)(39 8)(40 14)(41 11)(42 6)(43 7)(44 7)(45 4)(46 8)(47 3)(48 5)(49 7)(50 3)(51 2)(52 5)(53 1)(54 10)(55 4)(56 8)(57 6)(58 1)(59 7)(60 4)(61 4)(62 4)(63 4)(64 4)(65 5)(66 5)(67 3)(68 4)(69 1)(70 1)(71 2)(72 2)(73 6)(74 4)(75 2)(76 7)(77 4)(78 3)(79 4)(80 2)(81 4)(82 2)(83 1)(84 2)(85 2)(86 4)(87 3)(88 1)(89 3)(90 3)(91 1)(92 1)(93 3)(94 3)(95 1)(96 2)(97 3)(98 1)(100 2)(101 2)(102 1)(103 2)(104 1)(105 3)(106 2)(107 5)(108 2)(109 1)(110 1)(111 1)(112 2)(113 3)(114 3)(115 1)(116 1)(117 1)(119 1)(122 1)(123 3)(124 1)(125 2)(126 1)(128 2)(129 1)(130 2)(132 1)(133 1)(134 1)(136 1)(137 1)(138 1)(139 3)(142 1)(143 2)(145 1)(146 1)(147 2)(150 1)(152 2)(156 2)(157 1)(158 1)(161 1)(162 2)(164 3)(168 1)(169 1)(171 1)(172 1)(175 2)(179 1)(180 1)(181 1)(182 1)(183 2)(184 1)(185 2)(186 3)(187 3)(188 1)(189 2)(190 1)(191 1)(195 1)(198 1)(200 1)(203 1)(204 1)(205 1)(212 1)(228 1)(229 1)
