NUMBER OF AREAS : 1
---area label--- : 1
area size : 493
mean x : 117.04
mean y : 141.31
mean E_x^2 : 110.79
mean E_y^2 : 31.33
mean E_xy^2 : 38.88
theta : 0.78
average greyscal : 60.20
average RGB [66.62,55.65,59.33]
(0 3)(1 3)(2 1)(3 4)(4 1)(5 3)(6 1)(7 2)(8 2)(9 3)(10 2)(11 3)(12 4)(13 4)(14 3)(15 1)(16 3)(17 2)(18 1)(19 1)(20 2)(22 3)(23 1)(24 3)(25 5)(26 4)(27 5)(28 6)(29 9)(30 1)(31 6)(32 6)(33 5)(34 9)(35 5)(36 4)(37 4)(38 10)(39 4)(40 10)(41 3)(42 2)(43 2)(44 7)(45 9)(46 7)(47 6)(48 8)(49 5)(50 3)(51 9)(52 7)(53 4)(54 8)(55 6)(56 4)(57 2)(58 5)(59 3)(60 4)(61 8)(62 7)(63 4)(64 8)(65 10)(66 6)(67 8)(68 5)(69 8)(70 13)(71 13)(72 4)(73 8)(74 6)(75 11)(76 4)(77 3)(78 2)(79 5)(80 3)(81 4)(82 7)(83 3)(84 1)(85 4)(86 1)(87 2)(88 3)(89 1)(90 1)(91 3)(92 3)(94 1)(95 3)(96 2)(97 2)(98 1)(99 2)(100 3)(101 1)(102 1)(103 2)(104 2)(105 2)(106 2)(107 3)(108 2)(109 1)(110 3)(111 4)(112 1)(114 1)(115 1)(116 1)(117 1)(118 4)(119 1)(120 1)(121 1)(122 1)(126 1)(127 1)(129 2)(130 2)(133 1)(140 1)(142 2)(152 1)(154 1)(156 1)(157 2)(163 2)(164 1)(168 2)(185 1)
