NUMBER OF AREAS : 1
---area label--- : 1
area size : 457
mean x : 147.25
mean y : 123.21
mean E_x^2 : 155.23
mean E_y^2 : 46.21
mean E_xy^2 : 73.47
theta : 0.78
average greyscal : 54.24
average RGB [48.81,52.16,62.69]
(3 5)(4 2)(5 4)(6 1)(7 4)(8 2)(9 2)(10 1)(12 3)(13 1)(14 3)(15 4)(16 1)(17 4)(18 2)(19 4)(20 2)(21 5)(22 7)(23 7)(24 7)(25 9)(26 9)(27 8)(28 7)(29 9)(30 5)(31 9)(32 7)(33 7)(34 5)(35 5)(36 2)(37 6)(38 4)(39 10)(40 5)(41 7)(42 5)(43 2)(44 2)(45 7)(46 6)(47 2)(48 7)(49 3)(50 4)(51 5)(52 10)(53 4)(54 7)(55 6)(56 3)(57 8)(58 8)(59 7)(60 6)(61 9)(62 1)(63 3)(64 7)(65 6)(66 5)(67 5)(68 5)(69 5)(70 5)(71 2)(72 5)(73 3)(74 2)(75 1)(76 4)(77 2)(78 5)(79 6)(80 4)(81 4)(82 2)(83 2)(84 3)(85 2)(86 3)(87 1)(88 2)(89 4)(90 2)(91 3)(92 1)(93 1)(94 3)(95 1)(96 5)(98 4)(99 2)(100 2)(101 3)(102 2)(103 1)(105 1)(106 1)(107 1)(108 2)(109 2)(110 2)(111 1)(112 3)(115 3)(117 1)(119 1)(122 1)(123 1)(127 1)(129 1)(131 1)(132 1)(135 1)(137 2)(140 1)(150 1)(153 1)(154 1)(158 1)
