NUMBER OF AREAS : 3
---area label--- : 1
area size : 304
mean x : 94.56
mean y : 145.21
mean E_x^2 : 84.17
mean E_y^2 : 21.12
mean E_xy^2 : 33.05
theta : 0.78
average greyscal : 49.88
average RGB [56.11,43.97,50.55]
(0 2)(1 1)(2 1)(3 4)(4 8)(6 1)(8 2)(9 2)(10 1)(11 6)(12 1)(13 1)(14 1)(15 1)(17 4)(18 4)(19 3)(20 3)(21 5)(22 3)(23 2)(24 1)(25 3)(26 3)(27 3)(28 4)(29 1)(30 7)(31 11)(32 10)(33 6)(34 4)(35 5)(36 6)(37 10)(38 7)(39 8)(40 4)(41 7)(42 5)(43 2)(44 1)(45 3)(46 6)(47 2)(48 3)(49 4)(50 5)(51 4)(52 2)(53 6)(54 7)(55 1)(56 3)(57 6)(58 4)(59 1)(60 6)(61 3)(62 4)(63 3)(65 1)(67 1)(68 2)(69 1)(70 1)(71 2)(73 1)(74 1)(75 1)(78 3)(79 1)(81 1)(83 3)(85 1)(87 1)(88 1)(89 1)(90 3)(91 1)(93 1)(95 3)(100 4)(102 1)(104 3)(106 1)(107 2)(108 1)(109 2)(110 4)(111 3)(112 2)(119 1)(122 2)(123 1)(124 1)(129 1)(131 1)(134 1)(141 1)(143 1)(180 1)(183 1)(196 1)
---area label--- : 2
area size : 222
mean x : 145.80
mean y : 161.24
mean E_x^2 : 15.37
mean E_y^2 : 24.27
mean E_xy^2 : -4.92
theta : -0.78
average greyscal : 63.60
average RGB [67.71,59.65,64.45]
(2 1)(7 1)(15 1)(20 1)(26 1)(33 1)(34 1)(36 2)(37 1)(38 2)(40 6)(41 2)(42 2)(43 3)(44 1)(45 3)(46 3)(47 2)(48 5)(49 3)(50 2)(51 4)(52 5)(53 6)(54 6)(55 7)(56 4)(57 2)(58 4)(59 3)(60 8)(61 3)(62 7)(63 7)(64 7)(65 9)(66 9)(67 10)(68 6)(69 6)(70 5)(71 9)(72 4)(73 3)(74 3)(75 7)(76 4)(77 3)(78 2)(83 1)(84 1)(85 2)(86 2)(90 1)(93 1)(95 1)(96 1)(97 2)(99 1)(101 2)(102 1)(104 1)(110 1)(113 2)(114 2)(115 1)(125 1)(147 1)
---area label--- : 3
area size : 5
mean x : 89.00
mean y : 249.00
mean E_x^2 : 0.40
mean E_y^2 : 0.80
mean E_xy^2 : 0.40
theta : -0.51
average greyscal : 31.20
average RGB [45.00,37.40,12.20]
(2 1)(14 1)(31 1)(52 1)(57 1)
