NUMBER OF AREAS : 3
---area label--- : 1
area size : 567
mean x : 155.00
mean y : 133.80
mean E_x^2 : 124.04
mean E_y^2 : 59.76
mean E_xy^2 : 61.09
theta : 0.78
average greyscal : 48.86
average RGB [39.74,48.88,58.99]
(0 9)(1 2)(2 1)(3 2)(4 4)(5 3)(6 2)(7 1)(8 2)(9 3)(10 2)(11 1)(12 1)(13 3)(14 1)(15 4)(16 8)(17 3)(18 3)(19 10)(20 2)(21 4)(22 7)(23 6)(24 12)(25 10)(26 8)(27 13)(28 12)(29 5)(30 8)(31 24)(32 8)(33 11)(34 10)(35 8)(36 5)(37 8)(38 3)(39 11)(40 8)(41 5)(42 6)(43 5)(44 5)(45 10)(46 7)(47 11)(48 12)(49 5)(50 13)(51 9)(52 7)(53 13)(54 12)(55 9)(56 5)(57 11)(58 14)(59 4)(60 7)(61 2)(62 7)(63 5)(64 4)(65 3)(66 7)(67 1)(68 5)(69 6)(70 2)(71 2)(72 2)(73 4)(74 6)(75 4)(76 5)(77 3)(78 1)(79 3)(80 4)(81 1)(82 3)(83 1)(84 5)(85 3)(86 2)(87 2)(88 1)(89 2)(90 2)(91 3)(92 1)(93 3)(94 2)(96 3)(97 2)(98 5)(99 3)(101 3)(103 2)(104 2)(105 1)(106 2)(107 1)(108 1)(109 2)(111 1)(118 2)(119 1)(128 1)(129 2)(130 2)(136 1)(139 1)(140 1)(144 1)(177 1)(179 1)
---area label--- : 2
area size : 5
mean x : 165.00
mean y : 121.00
mean E_x^2 : 0.40
mean E_y^2 : 0.80
mean E_xy^2 : 0.40
theta : -0.51
average greyscal : 83.60
average RGB [88.00,81.40,82.60]
(68 1)(79 1)(87 1)(90 1)(94 1)
---area label--- : 3
area size : 8
mean x : 155.50
mean y : 151.00
mean E_x^2 : 0.75
mean E_y^2 : 0.75
mean E_xy^2 : 0.38
theta : 0.79
average greyscal : 67.75
average RGB [68.62,62.75,72.50]
(19 1)(37 1)(51 1)(67 1)(85 1)(89 1)(92 1)(102 1)
