NUMBER OF AREAS : 2
---area label--- : 1
area size : 143
mean x : 79.48
mean y : 98.73
mean E_x^2 : 53.14
mean E_y^2 : 26.34
mean E_xy^2 : 34.83
theta : 0.78
average greyscal : 38.23
average RGB [41.43,35.11,39.07]
(2 1)(4 1)(6 1)(8 1)(9 2)(10 2)(11 2)(12 2)(14 2)(17 1)(18 1)(19 2)(21 3)(22 4)(23 5)(24 2)(25 2)(26 3)(27 8)(28 5)(29 2)(30 2)(31 6)(32 6)(33 6)(34 3)(35 1)(36 2)(37 9)(38 2)(39 3)(41 5)(42 1)(43 1)(44 2)(45 2)(46 2)(47 3)(48 2)(50 3)(51 1)(52 2)(53 4)(54 1)(55 1)(57 1)(60 1)(61 1)(62 1)(63 1)(65 1)(66 2)(70 1)(72 1)(73 1)(78 1)(81 2)(83 1)(84 1)(88 1)(94 1)(99 1)(100 1)(109 1)
---area label--- : 2
area size : 938
mean x : 213.01
mean y : 195.10
mean E_x^2 : 154.00
mean E_y^2 : 82.19
mean E_xy^2 : 53.05
theta : 0.78
average greyscal : 53.28
average RGB [45.10,53.33,62.39]
(1 1)(2 2)(3 2)(5 3)(6 1)(7 3)(8 1)(10 1)(12 2)(13 4)(14 9)(15 1)(16 4)(17 5)(18 7)(19 10)(20 6)(21 6)(22 5)(23 8)(24 15)(25 13)(26 15)(27 15)(28 16)(29 17)(30 14)(31 28)(32 22)(33 24)(34 16)(35 13)(36 8)(37 8)(38 13)(39 18)(40 23)(41 12)(42 11)(43 9)(44 7)(45 18)(46 17)(47 17)(48 13)(49 19)(50 18)(51 9)(52 20)(53 19)(54 16)(55 17)(56 17)(57 9)(58 11)(59 16)(60 8)(61 16)(62 14)(63 16)(64 11)(65 7)(66 9)(67 11)(68 13)(69 9)(70 9)(71 8)(72 14)(73 9)(74 5)(75 4)(76 6)(77 4)(78 8)(79 1)(80 6)(81 1)(82 2)(83 3)(84 5)(85 2)(86 3)(87 2)(88 1)(89 1)(90 5)(91 4)(92 3)(93 2)(94 5)(95 1)(96 1)(97 5)(98 3)(99 3)(100 1)(101 2)(102 3)(103 2)(104 4)(105 3)(106 2)(108 1)(109 3)(110 2)(111 1)(113 4)(114 1)(118 1)(120 1)(125 2)(126 2)(127 1)(128 1)(137 1)(142 1)(143 1)(147 1)(148 2)(151 1)(153 1)(154 1)(155 1)(159 3)(160 1)(161 1)(163 2)(164 1)(167 2)(168 1)(174 2)(176 1)(177 1)(180 1)(182 1)
