NUMBER OF AREAS : 4
---area label--- : 1
area size : 522
mean x : 152.69
mean y : 122.94
mean E_x^2 : 94.49
mean E_y^2 : 40.09
mean E_xy^2 : 38.95
theta : 0.78
average greyscal : 51.65
average RGB [42.96,51.53,61.32]
(0 1)(1 1)(2 1)(3 1)(4 3)(5 1)(7 2)(8 1)(9 5)(10 2)(11 4)(12 2)(13 2)(14 4)(15 4)(16 4)(17 3)(18 3)(19 4)(20 1)(21 3)(22 2)(23 4)(24 8)(25 7)(26 9)(27 11)(28 5)(29 3)(30 12)(31 20)(32 11)(33 6)(34 13)(35 8)(36 11)(37 10)(38 6)(39 7)(40 7)(41 8)(42 7)(43 5)(44 7)(45 8)(46 6)(47 12)(48 4)(49 14)(50 9)(51 4)(52 10)(53 5)(54 12)(55 10)(56 5)(57 6)(58 8)(59 7)(60 4)(61 13)(62 5)(63 7)(64 3)(65 10)(66 6)(67 4)(68 3)(69 1)(70 1)(71 4)(72 4)(73 3)(74 6)(75 2)(76 2)(77 3)(78 3)(79 5)(80 1)(81 4)(82 2)(83 4)(84 2)(85 1)(86 1)(87 3)(88 1)(89 5)(90 2)(91 1)(92 1)(93 1)(94 2)(95 2)(96 2)(97 2)(98 3)(99 1)(101 1)(103 2)(105 3)(108 2)(109 3)(110 1)(113 1)(115 1)(116 1)(118 1)(125 2)(127 1)(133 1)(135 1)(138 1)(140 1)(143 1)(146 1)(148 2)(152 1)(155 1)(157 1)(162 1)(168 1)(178 1)
---area label--- : 2
area size : 10
mean x : 105.70
mean y : 264.40
mean E_x^2 : 0.81
mean E_y^2 : 1.24
mean E_xy^2 : 0.62
theta : -0.68
average greyscal : 120.30
average RGB [158.50,108.50,95.30]
(32 1)(91 1)(102 1)(104 1)(110 1)(128 1)(140 1)(157 2)(182 1)
---area label--- : 3
area size : 5
mean x : 102.00
mean y : 269.00
mean E_x^2 : 0.40
mean E_y^2 : 0.80
mean E_xy^2 : 0.40
theta : -0.51
average greyscal : 66.80
average RGB [84.20,61.20,55.00]
(6 1)(31 1)(34 1)(106 1)(157 1)
---area label--- : 4
area size : 5
mean x : 112.00
mean y : 272.00
mean E_x^2 : 0.40
mean E_y^2 : 0.80
mean E_xy^2 : 0.40
theta : -0.51
average greyscal : 118.00
average RGB [126.80,110.20,117.00]
(49 1)(107 1)(121 1)(134 1)(179 1)
