NUMBER OF AREAS : 1
---area label--- : 1
area size : 561
mean x : 129.40
mean y : 154.92
mean E_x^2 : 264.06
mean E_y^2 : 47.44
mean E_xy^2 : 91.64
theta : 0.78
average greyscal : 56.34
average RGB [62.08,52.06,55.76]
(0 8)(1 3)(2 3)(3 1)(4 6)(5 2)(6 2)(7 1)(8 6)(9 1)(10 7)(11 2)(12 1)(13 1)(15 3)(16 3)(17 2)(19 4)(20 2)(21 1)(22 3)(23 8)(24 4)(25 12)(26 8)(27 6)(28 6)(29 6)(30 7)(31 8)(32 7)(33 9)(34 6)(35 6)(36 4)(37 9)(38 4)(39 4)(40 2)(41 3)(42 8)(43 5)(44 7)(45 12)(46 7)(47 8)(48 5)(49 5)(50 5)(51 5)(52 6)(53 6)(54 13)(55 7)(56 2)(57 6)(58 9)(59 12)(60 7)(61 7)(62 8)(63 10)(64 6)(65 20)(66 15)(67 10)(68 8)(69 8)(70 12)(71 11)(72 12)(73 3)(74 4)(75 5)(76 1)(77 3)(78 2)(79 2)(80 3)(81 2)(82 2)(83 7)(84 2)(85 2)(87 1)(88 3)(89 2)(90 1)(91 2)(92 1)(93 1)(95 1)(96 2)(97 4)(98 2)(99 3)(100 5)(101 1)(102 1)(103 3)(104 3)(105 4)(106 1)(107 1)(108 4)(109 2)(110 4)(111 1)(114 2)(115 1)(116 1)(117 2)(120 1)(122 1)(123 1)(124 1)(125 1)(128 1)(129 1)(131 1)(133 1)(138 1)(139 1)(140 1)(148 1)(150 1)(151 1)(158 1)(159 1)(160 1)(161 1)(164 1)(174 1)
