NUMBER OF AREAS : 1
---area label--- : 1
area size : 478
mean x : 139.86
mean y : 118.46
mean E_x^2 : 128.36
mean E_y^2 : 44.59
mean E_xy^2 : 62.99
theta : 0.78
average greyscal : 53.95
average RGB [44.69,53.10,65.10]
(0 3)(1 2)(2 3)(3 2)(4 4)(5 2)(6 2)(7 3)(9 1)(10 3)(12 2)(13 2)(14 3)(15 3)(17 1)(18 2)(19 4)(21 1)(22 6)(23 1)(24 4)(25 10)(26 6)(27 6)(28 5)(29 6)(30 5)(31 8)(32 9)(33 13)(34 10)(35 8)(36 4)(37 10)(38 10)(39 14)(40 7)(41 12)(42 3)(43 9)(44 3)(45 7)(46 5)(47 8)(48 6)(49 11)(50 4)(51 3)(52 2)(53 6)(54 2)(55 5)(56 6)(57 12)(58 6)(59 6)(60 3)(61 8)(62 7)(63 6)(64 11)(65 5)(66 4)(67 3)(68 3)(69 5)(70 2)(71 3)(72 6)(73 5)(74 2)(75 2)(76 2)(77 4)(78 2)(79 12)(80 3)(81 1)(82 5)(83 2)(84 2)(85 1)(86 2)(87 3)(88 3)(89 4)(90 4)(91 3)(92 1)(93 2)(94 4)(95 1)(96 2)(97 4)(98 1)(99 2)(100 1)(101 2)(102 1)(103 1)(104 1)(106 2)(107 2)(108 2)(109 2)(110 1)(113 1)(117 1)(118 1)(121 2)(123 1)(133 1)(137 1)(139 1)(151 1)(158 1)(159 2)(173 2)(175 1)(191 1)
