NUMBER OF AREAS : 2
---area label--- : 1
area size : 12
mean x : 162.50
mean y : 124.50
mean E_x^2 : 0.92
mean E_y^2 : 1.25
mean E_xy^2 : 0.50
theta : -0.71
average greyscal : 78.67
average RGB [82.33,73.17,81.83]
(53 1)(61 1)(72 1)(73 1)(77 1)(79 1)(82 1)(84 1)(87 1)(88 1)(89 1)(99 1)
---area label--- : 2
area size : 562
mean x : 156.46
mean y : 138.55
mean E_x^2 : 133.13
mean E_y^2 : 49.69
mean E_xy^2 : 59.80
theta : 0.78
average greyscal : 49.43
average RGB [41.34,48.69,59.28]
(0 2)(1 3)(2 4)(3 4)(4 3)(6 3)(7 2)(8 3)(9 3)(10 3)(11 1)(12 1)(13 2)(14 2)(15 2)(17 4)(18 4)(19 4)(20 4)(21 3)(22 3)(23 9)(24 8)(25 13)(26 13)(27 14)(28 10)(29 13)(30 12)(31 7)(32 16)(33 12)(34 13)(35 11)(36 6)(37 9)(38 8)(39 5)(40 10)(41 9)(42 6)(43 8)(44 9)(45 5)(46 5)(47 13)(48 13)(49 15)(50 14)(51 13)(52 7)(53 8)(54 2)(55 11)(56 7)(57 8)(58 4)(59 3)(60 3)(61 5)(62 4)(63 1)(64 3)(66 3)(67 3)(68 5)(69 3)(70 4)(71 3)(72 4)(73 4)(74 9)(75 5)(76 6)(77 6)(78 2)(79 4)(80 3)(81 6)(82 1)(83 3)(84 3)(85 2)(87 2)(88 3)(89 4)(91 5)(92 2)(93 2)(94 2)(95 4)(96 1)(97 1)(99 1)(100 1)(101 3)(102 2)(103 1)(104 2)(107 2)(108 1)(109 2)(110 1)(111 1)(112 1)(113 1)(131 2)(133 1)(146 1)(148 1)(150 1)(159 1)(160 1)(168 1)(173 1)(175 1)(176 1)(187 1)
