NUMBER OF AREAS : 2
---area label--- : 1
area size : 775
mean x : 221.68
mean y : 179.15
mean E_x^2 : 123.90
mean E_y^2 : 34.07
mean E_xy^2 : 9.99
theta : 0.78
average greyscal : 50.72
average RGB [43.51,50.36,59.30]
(8 1)(9 1)(10 2)(12 2)(13 1)(14 1)(16 2)(18 1)(19 4)(20 2)(21 4)(22 3)(23 3)(24 9)(25 15)(26 12)(27 21)(28 13)(29 15)(30 12)(31 34)(32 21)(33 20)(34 19)(35 11)(36 9)(37 10)(38 18)(39 15)(40 13)(41 21)(42 13)(43 21)(44 14)(45 22)(46 18)(47 13)(48 8)(49 11)(50 18)(51 14)(52 8)(53 10)(54 17)(55 12)(56 12)(57 12)(58 8)(59 11)(60 11)(61 7)(62 8)(63 3)(64 10)(65 7)(66 6)(67 7)(68 9)(69 6)(70 8)(71 12)(72 7)(73 8)(74 4)(75 11)(76 7)(77 1)(78 2)(79 4)(80 3)(81 5)(82 3)(83 2)(84 2)(85 2)(86 2)(89 4)(90 1)(91 5)(92 4)(93 2)(94 4)(95 3)(96 1)(97 4)(98 3)(99 1)(100 3)(101 1)(102 2)(103 1)(104 1)(106 2)(107 3)(108 1)(113 1)(114 2)(116 1)(123 1)(125 2)(131 2)(134 1)(136 1)(144 1)(145 1)(147 2)
---area label--- : 2
area size : 5
mean x : 219.00
mean y : 193.00
mean E_x^2 : 0.40
mean E_y^2 : 0.80
mean E_xy^2 : 0.40
theta : -0.51
average greyscal : 61.20
average RGB [59.80,57.00,67.60]
(34 1)(60 1)(62 1)(74 1)(76 1)
