NUMBER OF AREAS : 3
---area label--- : 1
area size : 28
mean x : 83.18
mean y : 75.96
mean E_x^2 : 2.08
mean E_y^2 : 4.03
mean E_xy^2 : 0.33
theta : -0.73
average greyscal : 34.79
average RGB [35.86,31.86,37.64]
(0 1)(1 1)(2 1)(5 1)(9 1)(12 2)(17 2)(18 1)(19 1)(23 1)(25 1)(26 1)(27 1)(32 1)(34 1)(36 1)(37 1)(39 1)(42 2)(45 1)(74 1)(80 1)(81 1)(90 1)(129 1)
---area label--- : 2
area size : 8
mean x : 137.50
mean y : 83.50
mean E_x^2 : 0.75
mean E_y^2 : 1.25
mean E_xy^2 : 0.75
theta : -0.66
average greyscal : 69.75
average RGB [78.25,63.75,67.75]
(27 1)(43 1)(50 1)(66 1)(71 1)(99 1)(100 1)(102 1)
---area label--- : 3
area size : 633
mean x : 156.48
mean y : 112.21
mean E_x^2 : 155.51
mean E_y^2 : 66.23
mean E_xy^2 : 84.58
theta : 0.78
average greyscal : 52.03
average RGB [44.09,51.45,61.57]
(0 1)(1 2)(2 2)(3 1)(4 4)(5 2)(7 4)(8 1)(10 3)(11 5)(12 3)(13 3)(14 1)(15 3)(16 3)(18 2)(19 3)(20 6)(21 8)(22 6)(23 8)(24 3)(25 10)(26 13)(27 13)(28 10)(29 10)(30 17)(31 16)(32 11)(33 15)(34 12)(35 8)(36 7)(37 12)(38 11)(39 8)(40 11)(41 11)(42 10)(43 7)(44 7)(45 12)(46 7)(47 9)(48 7)(49 11)(50 6)(51 6)(52 11)(53 9)(54 7)(55 9)(56 10)(57 8)(58 9)(59 4)(60 11)(61 6)(62 4)(63 7)(64 9)(65 9)(66 4)(67 10)(68 4)(69 4)(70 5)(71 7)(72 2)(73 5)(74 5)(75 4)(76 9)(77 2)(78 4)(79 5)(80 1)(81 6)(82 3)(83 5)(84 4)(86 6)(87 5)(88 4)(89 4)(90 3)(91 3)(92 4)(94 1)(95 4)(96 1)(97 3)(98 2)(99 3)(100 2)(101 1)(103 1)(104 3)(105 1)(107 2)(108 2)(110 2)(114 2)(115 2)(119 1)(120 1)(122 1)(123 1)(124 1)(126 1)(133 1)(136 1)(137 2)(138 1)(139 1)(140 1)(144 1)(145 1)(146 1)(151 1)(161 1)(186 1)
