NUMBER OF AREAS : 3
---area label--- : 1
area size : 172
mean x : 88.29
mean y : 119.46
mean E_x^2 : 32.97
mean E_y^2 : 15.71
mean E_xy^2 : 17.45
theta : 0.78
average greyscal : 42.02
average RGB [44.62,39.03,43.66]
(0 5)(1 1)(2 1)(3 3)(4 2)(5 2)(6 3)(7 1)(8 2)(9 1)(10 1)(11 2)(12 3)(13 1)(15 3)(16 2)(17 2)(18 1)(19 3)(20 1)(21 4)(22 2)(23 4)(24 2)(25 3)(26 2)(27 4)(28 1)(29 4)(30 5)(31 6)(32 4)(33 4)(34 2)(35 3)(36 2)(37 3)(38 2)(39 5)(40 3)(41 4)(43 3)(44 2)(46 3)(47 3)(48 4)(49 1)(50 1)(51 5)(52 2)(53 1)(54 2)(55 1)(56 1)(57 2)(61 1)(64 2)(65 2)(66 1)(67 1)(71 1)(75 2)(78 1)(81 1)(91 1)(93 1)(94 1)(95 2)(97 1)(102 2)(106 1)(107 1)(108 1)(109 1)(111 1)(112 1)(131 1)(136 1)(138 1)(170 1)(171 1)(174 1)
---area label--- : 2
area size : 223
mean x : 145.80
mean y : 161.32
mean E_x^2 : 15.62
mean E_y^2 : 23.93
mean E_xy^2 : -4.85
theta : -0.78
average greyscal : 63.40
average RGB [65.98,61.45,63.88]
(5 1)(7 1)(15 1)(22 1)(25 1)(27 1)(31 1)(33 1)(34 2)(35 1)(36 3)(37 2)(38 1)(39 1)(41 2)(44 6)(45 2)(46 5)(47 3)(48 4)(49 3)(50 4)(51 1)(52 7)(53 8)(54 5)(55 3)(56 3)(57 3)(58 3)(59 6)(60 8)(61 6)(62 6)(63 1)(64 14)(65 4)(66 6)(67 10)(68 10)(69 10)(70 5)(71 8)(72 6)(73 6)(74 2)(75 3)(76 2)(77 1)(78 1)(79 1)(80 1)(82 1)(84 1)(85 1)(86 1)(87 1)(88 2)(90 1)(94 1)(96 1)(97 2)(99 2)(101 1)(102 1)(103 2)(105 1)(108 1)(109 1)(111 1)(114 1)(116 1)(134 1)(146 1)
---area label--- : 3
area size : 5
mean x : 89.00
mean y : 249.00
mean E_x^2 : 0.40
mean E_y^2 : 0.80
mean E_xy^2 : 0.40
theta : -0.51
average greyscal : 30.60
average RGB [35.60,37.00,19.40]
(7 1)(19 1)(27 1)(48 1)(52 1)
