NUMBER OF AREAS : 3
---area label--- : 1
area size : 113
mean x : 85.11
mean y : 86.96
mean E_x^2 : 16.20
mean E_y^2 : 13.91
mean E_xy^2 : 10.46
theta : 0.78
average greyscal : 37.68
average RGB [41.88,34.74,37.43]
(1 1)(3 1)(6 1)(7 2)(8 1)(9 2)(10 3)(12 1)(13 3)(15 5)(16 3)(17 3)(18 4)(20 3)(22 3)(24 3)(25 2)(26 5)(27 2)(28 3)(29 2)(30 1)(31 2)(32 6)(33 3)(34 4)(35 2)(36 2)(38 2)(39 4)(40 3)(41 3)(42 1)(43 1)(44 1)(45 1)(47 1)(48 1)(52 2)(54 1)(56 1)(59 1)(60 1)(64 1)(72 1)(76 1)(77 1)(79 1)(85 1)(92 1)(93 1)(97 1)(98 1)(104 1)(118 1)(123 1)(127 1)(128 1)(136 1)
---area label--- : 2
area size : 223
mean x : 145.70
mean y : 161.26
mean E_x^2 : 15.47
mean E_y^2 : 24.08
mean E_xy^2 : -4.74
theta : -0.78
average greyscal : 64.33
average RGB [68.66,59.93,65.45]
(8 1)(12 1)(25 1)(26 1)(31 1)(33 1)(35 2)(37 3)(40 1)(42 1)(44 4)(45 5)(46 2)(47 4)(48 5)(49 2)(50 3)(51 5)(52 7)(53 5)(54 2)(55 6)(56 5)(57 5)(58 3)(59 5)(60 2)(61 11)(62 14)(63 3)(64 5)(65 3)(66 18)(67 7)(68 8)(69 9)(70 7)(71 11)(72 2)(73 6)(74 1)(75 1)(76 3)(78 1)(79 2)(80 2)(81 1)(86 1)(87 1)(88 2)(89 2)(92 2)(93 1)(95 2)(96 1)(97 1)(98 1)(99 1)(100 1)(101 1)(105 1)(107 1)(108 1)(111 2)(114 1)(131 1)(159 1)
---area label--- : 3
area size : 5
mean x : 89.00
mean y : 249.00
mean E_x^2 : 0.40
mean E_y^2 : 0.80
mean E_xy^2 : 0.40
theta : -0.51
average greyscal : 28.60
average RGB [43.40,22.00,21.60]
(12 1)(19 1)(20 1)(46 2)
