NUMBER OF AREAS : 1
---area label--- : 1
area size : 577
mean x : 139.31
mean y : 118.33
mean E_x^2 : 131.52
mean E_y^2 : 57.38
mean E_xy^2 : 68.53
theta : 0.78
average greyscal : 52.93
average RGB [45.02,51.33,63.43]
(0 3)(1 1)(2 3)(3 1)(4 3)(5 3)(6 2)(7 2)(9 3)(10 5)(11 5)(13 3)(14 2)(15 2)(16 4)(17 4)(18 5)(19 7)(20 5)(21 4)(22 3)(23 2)(24 9)(25 13)(26 6)(27 14)(28 13)(29 7)(30 16)(31 9)(32 20)(33 10)(34 14)(35 4)(36 5)(37 10)(38 5)(39 5)(40 6)(41 7)(42 9)(43 6)(44 5)(45 5)(46 4)(47 5)(48 7)(49 8)(51 6)(52 7)(53 8)(54 3)(55 9)(56 3)(57 12)(58 7)(59 6)(60 13)(61 6)(62 5)(63 7)(64 5)(65 5)(66 6)(67 7)(68 14)(69 7)(70 4)(71 6)(72 5)(73 4)(74 6)(75 6)(76 12)(77 3)(78 6)(79 1)(80 6)(81 3)(82 4)(83 2)(84 5)(85 2)(86 1)(87 2)(88 4)(89 5)(90 2)(91 1)(92 1)(93 4)(94 1)(95 5)(96 5)(97 1)(98 2)(99 2)(100 1)(101 1)(102 2)(103 1)(104 1)(105 1)(107 1)(112 3)(113 1)(115 2)(117 1)(118 1)(120 2)(121 1)(125 1)(126 1)(128 2)(134 1)(135 1)(140 1)(148 1)(153 1)(154 1)(156 1)(160 1)(161 1)(163 1)(168 1)(175 1)(182 1)
