NUMBER OF AREAS : 1
---area label--- : 1
area size : 596
mean x : 152.31
mean y : 124.76
mean E_x^2 : 142.45
mean E_y^2 : 56.41
mean E_xy^2 : 71.50
theta : 0.78
average greyscal : 49.29
average RGB [42.25,48.01,58.66]
(0 2)(1 2)(2 7)(4 2)(5 4)(6 3)(7 3)(8 2)(9 2)(10 5)(11 4)(12 2)(13 3)(14 7)(15 2)(16 4)(17 2)(18 3)(19 5)(20 4)(21 3)(22 6)(23 11)(24 7)(25 6)(26 11)(27 11)(28 7)(29 9)(30 13)(31 11)(32 14)(33 11)(34 15)(35 7)(36 7)(37 11)(38 7)(39 13)(40 13)(41 9)(42 5)(43 6)(44 5)(45 9)(46 7)(47 11)(48 9)(49 11)(50 9)(51 9)(52 3)(53 6)(54 12)(55 5)(56 8)(57 11)(58 10)(59 10)(60 10)(61 8)(62 8)(63 11)(64 11)(65 4)(66 4)(67 4)(68 7)(69 11)(70 3)(71 3)(72 4)(73 2)(74 5)(75 2)(76 1)(77 1)(78 1)(79 3)(80 2)(81 3)(82 1)(83 5)(84 3)(85 4)(86 1)(87 1)(88 4)(89 5)(90 2)(91 5)(93 1)(94 3)(95 2)(96 2)(97 2)(98 1)(99 2)(100 1)(102 2)(103 2)(104 1)(105 1)(108 1)(109 1)(110 1)(112 1)(113 1)(115 1)(123 1)(129 1)(130 1)(132 1)(134 1)(137 2)(138 2)(139 1)(150 1)(164 1)(175 1)(177 1)(181 1)
