NUMBER OF AREAS : 3
---area label--- : 1
area size : 5
mean x : 149.00
mean y : 92.00
mean E_x^2 : 0.40
mean E_y^2 : 0.80
mean E_xy^2 : 0.40
theta : -0.51
average greyscal : 70.20
average RGB [77.00,64.00,70.80]
(34 1)(61 1)(71 1)(84 1)(101 1)
---area label--- : 2
area size : 644
mean x : 156.96
mean y : 116.36
mean E_x^2 : 151.36
mean E_y^2 : 64.65
mean E_xy^2 : 70.43
theta : 0.78
average greyscal : 48.14
average RGB [40.91,47.63,56.93]
(0 2)(1 4)(2 4)(3 5)(4 1)(5 3)(6 5)(7 2)(8 2)(9 3)(10 4)(11 4)(12 2)(13 3)(14 4)(15 2)(16 3)(17 1)(18 3)(19 5)(20 4)(21 5)(22 3)(23 5)(24 9)(25 15)(26 12)(27 14)(28 9)(29 13)(30 10)(31 19)(32 11)(33 15)(34 15)(35 3)(36 8)(37 8)(38 8)(39 15)(40 9)(41 9)(42 6)(43 9)(44 8)(45 7)(46 13)(47 13)(48 7)(49 11)(50 9)(51 10)(52 12)(53 10)(54 11)(55 21)(56 11)(57 16)(58 7)(59 7)(60 5)(61 8)(62 11)(63 5)(64 3)(65 9)(66 6)(67 2)(68 4)(69 9)(70 11)(71 8)(72 4)(73 2)(74 4)(75 4)(76 4)(77 5)(79 4)(80 1)(81 3)(82 1)(83 9)(84 3)(85 4)(86 2)(87 2)(88 4)(90 3)(91 1)(92 2)(93 2)(94 1)(95 1)(96 2)(97 1)(98 1)(99 4)(101 1)(103 2)(107 2)(108 1)(109 1)(110 1)(114 1)(115 1)(119 2)(127 1)(130 1)(132 1)(148 1)(154 1)(155 1)(156 1)(172 1)
---area label--- : 3
area size : 5
mean x : 131.00
mean y : 125.00
mean E_x^2 : 0.40
mean E_y^2 : 0.80
mean E_xy^2 : 0.40
theta : -0.51
average greyscal : 81.00
average RGB [84.80,81.80,76.80]
(58 2)(71 1)(107 1)(111 1)
