NUMBER OF AREAS : 1
---area label--- : 1
area size : 677
mean x : 155.74
mean y : 124.11
mean E_x^2 : 133.68
mean E_y^2 : 64.36
mean E_xy^2 : 43.37
theta : 0.78
average greyscal : 49.75
average RGB [41.14,50.95,58.19]
(0 5)(1 3)(2 3)(3 9)(4 3)(5 4)(6 5)(8 6)(9 1)(10 2)(11 5)(12 5)(13 3)(15 3)(16 6)(17 2)(18 3)(19 3)(20 6)(21 4)(22 8)(23 6)(24 9)(25 15)(26 10)(27 16)(28 4)(29 9)(30 16)(31 11)(32 16)(33 14)(34 12)(35 9)(36 13)(37 12)(38 11)(39 7)(40 7)(41 6)(42 3)(43 11)(44 8)(45 4)(46 14)(47 11)(48 10)(49 11)(50 12)(51 7)(52 10)(53 10)(54 9)(55 13)(56 11)(57 10)(58 9)(59 9)(60 11)(61 8)(62 9)(63 11)(64 6)(65 14)(66 5)(67 5)(68 4)(69 4)(70 8)(71 6)(72 3)(73 3)(74 4)(75 5)(76 3)(77 4)(78 3)(79 3)(80 4)(81 4)(82 3)(83 4)(84 1)(85 2)(86 2)(87 2)(88 4)(89 4)(90 3)(91 2)(92 3)(93 2)(94 2)(95 2)(96 7)(97 1)(98 4)(99 1)(100 2)(101 1)(102 3)(103 2)(104 1)(105 3)(106 2)(107 3)(111 1)(112 1)(113 2)(117 1)(122 1)(125 2)(130 2)(132 1)(137 1)(139 1)(140 1)(143 2)(148 1)(150 1)(152 1)(156 1)
