NUMBER OF AREAS : 2
---area label--- : 1
area size : 74
mean x : 82.03
mean y : 94.18
mean E_x^2 : 10.84
mean E_y^2 : 11.06
mean E_xy^2 : 6.06
theta : -0.78
average greyscal : 35.78
average RGB [37.55,32.26,38.70]
(2 2)(5 2)(6 1)(8 2)(10 3)(11 1)(12 2)(13 3)(14 1)(15 2)(16 3)(17 1)(18 2)(19 2)(20 2)(23 2)(25 1)(26 1)(28 3)(30 2)(31 1)(32 1)(33 1)(35 1)(37 1)(38 2)(39 2)(40 2)(42 1)(43 1)(44 1)(45 2)(46 1)(47 1)(48 1)(49 2)(54 1)(59 1)(60 1)(62 1)(65 1)(66 1)(67 1)(69 1)(72 1)(77 1)(85 1)(98 1)(105 1)(122 1)(123 1)
---area label--- : 2
area size : 646
mean x : 193.09
mean y : 165.02
mean E_x^2 : 146.91
mean E_y^2 : 49.83
mean E_xy^2 : 49.33
theta : 0.78
average greyscal : 47.19
average RGB [39.14,47.27,56.07]
(1 1)(2 1)(3 1)(4 1)(6 2)(8 2)(9 1)(11 4)(12 1)(13 3)(14 1)(15 2)(16 4)(17 2)(18 6)(19 5)(20 8)(21 5)(22 3)(23 7)(24 10)(25 12)(26 15)(27 19)(28 8)(29 11)(30 15)(31 20)(32 17)(33 20)(34 15)(35 11)(36 8)(37 12)(38 18)(39 9)(40 12)(41 8)(42 7)(43 6)(44 9)(45 13)(46 15)(47 12)(48 10)(49 9)(50 11)(51 9)(52 14)(53 6)(54 7)(55 14)(56 12)(57 16)(58 5)(59 9)(60 6)(61 4)(62 10)(63 6)(64 8)(65 3)(66 7)(67 4)(68 6)(69 4)(70 5)(71 3)(72 1)(73 6)(74 3)(75 6)(76 5)(77 4)(78 6)(79 1)(80 4)(81 3)(82 2)(83 3)(84 8)(85 4)(86 4)(87 4)(88 3)(89 4)(90 4)(91 4)(92 2)(93 2)(94 1)(95 3)(97 1)(99 1)(102 1)(105 1)(106 1)(107 2)(112 1)(147 1)
