NUMBER OF AREAS : 2
---area label--- : 1
area size : 748
mean x : 229.09
mean y : 187.83
mean E_x^2 : 166.50
mean E_y^2 : 44.84
mean E_xy^2 : 24.61
theta : 0.78
average greyscal : 51.74
average RGB [44.95,49.84,61.45]
(2 1)(10 2)(11 4)(12 2)(13 1)(15 2)(16 1)(17 4)(19 2)(20 7)(21 4)(22 1)(23 2)(24 7)(25 7)(26 13)(27 15)(28 17)(29 16)(30 6)(31 14)(32 7)(33 18)(34 17)(35 21)(36 14)(37 12)(38 7)(39 9)(40 11)(41 18)(42 12)(43 14)(44 7)(45 19)(46 21)(47 24)(48 25)(49 16)(50 13)(51 16)(52 9)(53 12)(54 13)(55 11)(56 18)(57 10)(58 11)(59 11)(60 11)(61 7)(62 13)(63 8)(64 7)(65 7)(66 14)(67 9)(68 5)(69 6)(70 9)(71 8)(72 5)(73 6)(74 4)(75 8)(76 1)(77 2)(78 3)(79 4)(80 1)(81 4)(82 2)(83 8)(84 4)(85 5)(86 6)(87 6)(88 4)(89 3)(90 3)(92 4)(93 4)(94 1)(95 4)(96 3)(97 1)(98 1)(99 2)(101 1)(102 2)(103 2)(104 1)(105 2)(107 1)(109 1)(110 1)(112 1)(119 1)(120 1)(125 1)(128 1)(132 1)(135 1)(150 1)(155 1)(159 1)
---area label--- : 2
area size : 11
mean x : 227.00
mean y : 202.00
mean E_x^2 : 1.27
mean E_y^2 : 0.73
mean E_xy^2 : 0.36
theta : 0.64
average greyscal : 70.27
average RGB [75.45,64.91,71.73]
(32 1)(38 1)(55 1)(65 1)(66 1)(75 1)(81 1)(89 2)(90 1)(93 1)
