NUMBER OF AREAS : 3
---area label--- : 1
area size : 138
mean x : 86.88
mean y : 115.84
mean E_x^2 : 36.04
mean E_y^2 : 15.29
mean E_xy^2 : 19.92
theta : 0.78
average greyscal : 39.07
average RGB [41.01,35.16,41.90]
(0 3)(2 3)(3 4)(4 2)(6 1)(7 1)(8 2)(9 1)(10 2)(12 3)(13 1)(14 2)(15 1)(16 1)(17 2)(18 1)(20 3)(23 3)(24 1)(25 4)(26 1)(27 1)(29 2)(30 5)(31 3)(32 4)(33 4)(34 2)(35 5)(36 2)(37 2)(38 1)(39 5)(40 4)(41 6)(42 2)(43 3)(44 1)(45 3)(46 5)(47 2)(49 2)(50 3)(51 1)(52 2)(55 1)(56 3)(57 1)(62 1)(64 1)(69 2)(71 1)(75 1)(76 1)(81 1)(82 2)(83 1)(90 1)(92 1)(97 1)(101 1)(105 1)(106 1)(110 2)(112 1)(116 1)
---area label--- : 2
area size : 218
mean x : 145.70
mean y : 161.45
mean E_x^2 : 14.89
mean E_y^2 : 23.77
mean E_xy^2 : -4.04
theta : -0.78
average greyscal : 63.55
average RGB [65.80,60.39,65.34]
(2 1)(8 1)(9 1)(18 1)(27 1)(28 1)(33 2)(34 1)(37 1)(39 2)(40 3)(41 1)(42 2)(43 2)(44 4)(45 2)(46 5)(47 5)(48 4)(49 6)(50 1)(51 1)(52 5)(53 4)(54 8)(55 3)(56 1)(57 2)(58 5)(59 4)(60 4)(61 11)(62 5)(63 11)(64 7)(65 10)(66 9)(67 5)(68 5)(69 13)(70 1)(71 6)(72 5)(73 4)(74 4)(75 5)(76 4)(77 1)(79 2)(80 2)(81 1)(82 1)(83 1)(85 1)(86 1)(87 1)(89 3)(90 1)(102 1)(103 3)(105 1)(106 1)(109 1)(111 1)(113 1)(114 1)(117 1)(118 1)(119 1)(153 1)
---area label--- : 3
area size : 5
mean x : 89.00
mean y : 249.00
mean E_x^2 : 0.40
mean E_y^2 : 0.80
mean E_xy^2 : 0.40
theta : -0.51
average greyscal : 37.60
average RGB [54.80,23.40,35.40]
(15 1)(22 1)(28 1)(57 1)(66 1)
