NUMBER OF AREAS : 3
---area label--- : 1
area size : 78
mean x : 82.53
mean y : 95.74
mean E_x^2 : 18.43
mean E_y^2 : 18.52
mean E_xy^2 : 13.63
theta : -0.79
average greyscal : 36.74
average RGB [40.09,31.38,39.79]
(2 3)(4 1)(6 2)(7 3)(8 2)(9 1)(10 2)(13 2)(14 2)(15 1)(16 1)(18 1)(19 1)(21 1)(22 2)(24 2)(25 2)(26 2)(28 2)(29 4)(30 1)(31 2)(32 1)(33 1)(34 1)(36 1)(37 1)(38 1)(39 3)(40 1)(41 2)(42 1)(43 1)(44 1)(47 3)(48 2)(51 2)(52 1)(54 1)(57 1)(58 1)(60 1)(64 1)(66 1)(80 2)(81 1)(83 1)(86 1)(108 1)(109 2)(113 1)
---area label--- : 2
area size : 702
mean x : 209.68
mean y : 192.10
mean E_x^2 : 220.21
mean E_y^2 : 53.22
mean E_xy^2 : 89.85
theta : 0.78
average greyscal : 50.18
average RGB [44.09,49.59,57.93]
(0 1)(1 1)(2 2)(4 2)(7 1)(9 3)(10 1)(12 1)(13 1)(14 1)(15 2)(16 3)(17 2)(18 2)(19 6)(20 3)(21 6)(22 4)(23 16)(24 8)(25 11)(26 20)(27 18)(28 20)(29 17)(30 13)(31 23)(32 24)(33 22)(34 7)(35 17)(36 7)(37 8)(38 10)(39 7)(40 6)(41 10)(42 7)(43 5)(44 3)(45 7)(46 9)(47 9)(48 6)(49 5)(50 9)(51 16)(52 9)(53 19)(54 14)(55 11)(56 14)(57 8)(58 8)(59 12)(60 8)(61 10)(62 7)(63 9)(64 6)(65 8)(66 9)(67 7)(68 13)(69 7)(70 6)(71 6)(72 9)(73 3)(74 5)(75 5)(76 5)(77 5)(78 8)(79 3)(80 4)(81 5)(82 3)(83 8)(84 3)(85 2)(86 4)(87 6)(88 4)(89 5)(90 1)(91 2)(92 5)(93 2)(94 1)(95 4)(96 1)(97 3)(98 1)(99 3)(100 2)(102 1)(103 1)(105 1)(106 2)(108 1)(109 1)(110 3)(112 2)(114 1)(117 1)(123 1)(135 1)(197 1)
---area label--- : 3
area size : 21
mean x : 191.81
mean y : 204.00
mean E_x^2 : 2.92
mean E_y^2 : 1.33
mean E_xy^2 : 0.86
theta : 0.69
average greyscal : 146.71
average RGB [144.43,133.90,162.57]
(59 1)(84 1)(85 1)(93 1)(113 1)(137 1)(142 1)(144 1)(151 1)(155 1)(158 1)(159 1)(163 1)(164 1)(165 1)(167 1)(171 1)(177 1)(190 1)(199 1)(205 1)
