NUMBER OF AREAS : 1
---area label--- : 1
area size : 152
mean x : 86.48
mean y : 94.59
mean E_x^2 : 32.22
mean E_y^2 : 31.95
mean E_xy^2 : 27.90
theta : 0.79
average greyscal : 52.14
average RGB [57.00,48.28,52.35]
(1 1)(2 2)(3 3)(4 4)(5 2)(6 1)(7 3)(8 2)(9 3)(10 2)(11 3)(12 1)(14 2)(15 2)(16 1)(17 1)(19 1)(21 2)(22 2)(24 1)(25 2)(26 2)(27 1)(28 1)(30 2)(31 2)(32 1)(34 1)(35 1)(36 3)(37 2)(38 2)(39 8)(40 3)(41 2)(42 3)(43 2)(44 1)(45 2)(47 4)(48 3)(52 1)(53 5)(54 4)(55 1)(56 1)(57 4)(58 3)(59 5)(60 2)(62 1)(63 1)(66 2)(67 1)(70 1)(71 1)(74 2)(76 1)(80 1)(89 2)(94 1)(95 1)(106 2)(108 1)(109 1)(111 2)(121 1)(122 2)(124 1)(129 1)(130 1)(131 1)(133 1)(135 2)(137 1)(138 1)(139 1)(146 1)(151 2)(152 1)(156 1)
