NUMBER OF AREAS : 1
---area label--- : 1
area size : 391
mean x : 144.99
mean y : 122.74
mean E_x^2 : 156.97
mean E_y^2 : 58.03
mean E_xy^2 : 87.91
theta : 0.78
average greyscal : 51.06
average RGB [44.41,49.01,60.72]
(0 2)(2 2)(3 2)(4 1)(5 3)(6 1)(7 1)(8 1)(10 3)(11 3)(12 2)(13 2)(14 2)(15 2)(16 4)(17 3)(19 2)(20 2)(21 1)(22 3)(23 2)(24 7)(25 5)(26 8)(27 6)(28 9)(29 5)(30 8)(31 4)(32 11)(33 7)(34 10)(35 7)(36 6)(37 7)(38 10)(39 11)(40 7)(41 2)(42 8)(43 3)(44 6)(45 4)(46 5)(47 3)(48 6)(49 7)(50 3)(51 3)(52 4)(53 5)(54 5)(55 4)(56 2)(57 7)(58 5)(59 2)(60 4)(61 5)(62 3)(63 2)(64 4)(65 5)(66 9)(67 7)(68 1)(69 6)(70 3)(71 3)(72 4)(73 1)(74 1)(75 5)(76 3)(77 2)(78 5)(79 1)(80 3)(81 2)(82 1)(83 1)(84 1)(86 1)(87 4)(88 6)(89 5)(90 1)(91 1)(93 1)(94 2)(95 3)(96 2)(97 4)(99 2)(100 1)(102 1)(103 1)(105 1)(108 2)(110 2)(111 1)(112 1)(113 1)(116 2)(122 1)(123 1)(125 1)(127 2)(128 1)(132 1)(134 1)
