NUMBER OF AREAS : 1
---area label--- : 1
area size : 836
mean x : 235.39
mean y : 194.14
mean E_x^2 : 180.35
mean E_y^2 : 58.50
mean E_xy^2 : 33.95
theta : 0.78
average greyscal : 53.34
average RGB [45.33,52.01,63.70]
(3 1)(6 1)(8 1)(9 2)(11 3)(12 2)(13 3)(14 2)(15 3)(16 2)(17 4)(18 3)(19 4)(20 5)(21 3)(22 8)(23 9)(24 22)(25 17)(26 9)(27 15)(28 8)(29 9)(30 10)(31 14)(32 23)(33 13)(34 10)(35 15)(36 10)(37 15)(38 6)(39 8)(40 15)(41 12)(42 15)(43 18)(44 15)(45 14)(46 14)(47 20)(48 23)(49 14)(50 10)(51 14)(52 15)(53 14)(54 15)(55 25)(56 13)(57 17)(58 11)(59 10)(60 11)(61 8)(62 16)(63 8)(64 9)(65 5)(66 6)(67 13)(68 8)(69 7)(70 8)(71 3)(72 6)(73 9)(74 6)(75 6)(76 6)(77 9)(78 5)(79 5)(80 3)(81 5)(82 5)(83 5)(84 4)(85 6)(86 3)(87 9)(88 5)(89 2)(90 5)(91 6)(92 2)(93 7)(94 4)(95 1)(96 1)(97 2)(98 2)(99 5)(100 1)(101 1)(102 1)(103 2)(104 3)(107 2)(109 2)(110 3)(112 1)(120 1)(121 1)(126 1)(128 1)(131 1)(133 1)(137 1)(138 1)(140 2)(143 1)(144 1)(146 1)(147 3)(149 1)(152 1)(169 1)(174 1)
