NUMBER OF AREAS : 2
---area label--- : 1
area size : 105
mean x : 81.61
mean y : 90.76
mean E_x^2 : 27.63
mean E_y^2 : 11.78
mean E_xy^2 : 14.67
theta : 0.77
average greyscal : 35.85
average RGB [40.90,30.06,37.50]
(5 2)(6 1)(9 2)(10 1)(11 1)(12 1)(13 2)(14 2)(17 1)(18 1)(19 1)(20 3)(21 3)(24 1)(25 4)(26 4)(27 3)(28 2)(29 1)(30 2)(31 2)(32 5)(33 3)(34 1)(35 5)(36 4)(37 3)(38 5)(39 2)(40 4)(41 6)(42 1)(43 1)(45 1)(47 4)(48 1)(49 1)(50 1)(51 2)(52 1)(56 2)(57 2)(59 1)(61 1)(62 1)(67 1)(70 1)(71 1)(72 1)(74 1)(81 1)(91 1)
---area label--- : 2
area size : 771
mean x : 191.16
mean y : 167.45
mean E_x^2 : 184.47
mean E_y^2 : 40.92
mean E_xy^2 : 54.02
theta : 0.78
average greyscal : 52.30
average RGB [42.19,51.75,63.97]
(0 1)(1 1)(2 2)(3 1)(4 4)(5 4)(6 4)(7 1)(8 1)(9 3)(10 3)(11 2)(12 3)(13 1)(14 1)(15 3)(16 4)(17 6)(18 4)(19 3)(20 9)(21 10)(22 7)(23 8)(24 7)(25 15)(26 8)(27 13)(28 12)(29 22)(30 15)(31 8)(32 13)(33 12)(34 14)(35 16)(36 13)(37 10)(38 12)(39 9)(40 7)(41 11)(42 5)(43 10)(44 8)(45 7)(46 8)(47 9)(48 9)(49 16)(50 5)(51 9)(52 8)(53 8)(54 13)(55 15)(56 11)(57 15)(58 8)(59 10)(60 14)(61 4)(62 10)(63 18)(64 6)(65 11)(66 9)(67 13)(68 7)(69 13)(70 12)(71 12)(72 8)(73 11)(74 11)(75 2)(76 10)(77 8)(78 7)(79 7)(80 2)(81 4)(82 8)(83 5)(84 6)(85 5)(86 4)(87 3)(88 5)(89 4)(90 4)(91 4)(92 3)(93 2)(94 5)(95 4)(96 3)(97 2)(98 1)(99 1)(101 2)(103 3)(104 2)(106 1)(107 1)(115 1)(117 1)(118 1)(125 1)(129 1)(130 1)(131 1)(133 1)(135 2)(140 1)(144 2)(150 1)(151 1)(153 2)
