NUMBER OF AREAS : 1
---area label--- : 1
area size : 544
mean x : 140.35
mean y : 120.52
mean E_x^2 : 138.03
mean E_y^2 : 52.15
mean E_xy^2 : 68.80
theta : 0.78
average greyscal : 52.11
average RGB [43.15,51.37,62.79]
(1 1)(2 2)(3 3)(4 4)(5 2)(6 3)(8 1)(10 1)(11 4)(12 4)(13 1)(15 2)(16 2)(17 3)(18 3)(19 6)(20 2)(21 3)(22 3)(23 7)(24 6)(25 9)(26 10)(27 4)(28 5)(29 12)(30 7)(31 16)(32 16)(33 19)(34 12)(35 5)(36 19)(37 6)(38 6)(39 11)(40 8)(41 7)(42 5)(43 6)(44 2)(45 7)(46 1)(47 4)(48 7)(49 10)(50 8)(51 9)(52 5)(53 10)(54 8)(55 10)(56 4)(57 5)(58 3)(59 8)(60 8)(61 2)(62 11)(63 9)(64 11)(65 5)(66 5)(67 4)(68 4)(69 4)(70 7)(71 8)(72 4)(73 5)(74 6)(75 2)(76 3)(77 6)(78 4)(79 6)(80 7)(81 2)(82 2)(83 4)(84 4)(85 6)(86 2)(87 2)(88 2)(89 5)(91 1)(92 5)(93 2)(94 1)(95 1)(96 2)(97 1)(99 3)(100 4)(101 1)(103 4)(105 1)(107 2)(108 1)(111 1)(112 1)(113 1)(114 1)(116 2)(118 1)(119 1)(122 1)(125 1)(129 1)(138 1)(139 1)(143 1)(144 1)(148 1)(158 1)(159 1)
