NUMBER OF AREAS : 1
---area label--- : 1
area size : 513
mean x : 150.18
mean y : 123.82
mean E_x^2 : 150.31
mean E_y^2 : 46.18
mean E_xy^2 : 68.65
theta : 0.78
average greyscal : 48.72
average RGB [43.85,45.66,57.61]
(1 1)(2 1)(3 1)(5 3)(6 3)(7 3)(8 1)(9 3)(10 3)(11 1)(12 3)(13 4)(14 3)(15 5)(16 3)(17 3)(18 3)(19 1)(20 4)(21 4)(22 4)(23 6)(24 8)(25 13)(26 15)(27 12)(28 10)(29 11)(30 9)(31 13)(32 9)(33 9)(34 13)(35 13)(36 1)(37 9)(38 3)(39 3)(40 7)(41 3)(42 7)(43 5)(44 13)(45 4)(46 7)(47 4)(48 4)(49 6)(50 7)(51 11)(52 10)(53 10)(54 10)(55 5)(56 6)(57 8)(58 11)(59 4)(60 5)(61 8)(62 12)(63 4)(64 15)(65 1)(66 3)(67 7)(68 4)(69 5)(70 2)(71 4)(72 1)(73 3)(74 6)(75 4)(76 5)(77 7)(78 4)(79 1)(81 1)(82 1)(83 1)(84 3)(85 1)(86 2)(87 2)(88 2)(89 2)(90 3)(91 3)(92 1)(93 1)(94 2)(95 3)(96 3)(98 1)(99 2)(101 1)(102 2)(103 2)(104 2)(106 1)(107 1)(110 3)(112 1)(113 1)(114 1)(115 1)(116 2)(122 1)(125 1)(140 2)
