NUMBER OF AREAS : 1
---area label--- : 1
area size : 318
mean x : 96.32
mean y : 115.28
mean E_x^2 : 57.31
mean E_y^2 : 37.14
mean E_xy^2 : 30.53
theta : 0.78
average greyscal : 59.10
average RGB [67.61,54.71,55.95]
(0 2)(1 2)(2 1)(3 4)(4 3)(5 3)(6 2)(7 1)(8 3)(9 1)(10 5)(11 2)(12 1)(13 1)(14 2)(15 4)(17 1)(18 1)(19 2)(20 1)(21 2)(22 1)(23 1)(24 1)(25 1)(26 3)(28 5)(29 2)(30 1)(31 3)(32 1)(33 4)(34 1)(35 2)(36 4)(37 1)(38 1)(39 1)(40 2)(41 4)(42 3)(43 2)(44 2)(45 5)(46 4)(47 6)(48 6)(49 7)(50 1)(51 9)(52 6)(53 3)(54 4)(55 4)(56 5)(57 5)(58 6)(59 3)(60 10)(61 4)(62 5)(63 7)(64 8)(65 6)(66 3)(67 2)(68 5)(69 4)(70 7)(71 6)(72 2)(74 2)(75 2)(76 3)(77 3)(78 5)(79 5)(80 1)(81 2)(82 3)(83 2)(84 1)(85 1)(86 2)(87 1)(88 3)(89 2)(90 1)(91 2)(93 1)(94 2)(95 1)(96 3)(98 1)(99 1)(101 1)(102 1)(104 1)(105 4)(106 2)(107 2)(109 3)(111 1)(113 2)(115 1)(116 1)(121 1)(122 1)(132 2)(135 1)(138 1)(140 2)(141 1)(142 1)(144 3)(145 1)(154 1)(161 1)
