NUMBER OF AREAS : 2
---area label--- : 1
area size : 229
mean x : 145.93
mean y : 161.33
mean E_x^2 : 16.06
mean E_y^2 : 24.06
mean E_xy^2 : -4.47
theta : -0.78
average greyscal : 62.28
average RGB [64.34,59.44,63.98]
(6 1)(13 1)(14 1)(19 1)(27 1)(30 1)(33 1)(34 1)(35 2)(36 2)(37 2)(38 2)(39 2)(40 3)(41 2)(42 4)(43 4)(44 7)(45 6)(46 4)(47 3)(48 5)(49 5)(50 1)(51 4)(52 5)(53 2)(54 3)(55 5)(56 1)(57 3)(58 9)(59 4)(60 7)(61 9)(62 10)(63 9)(64 10)(65 9)(66 9)(67 4)(68 4)(69 4)(71 5)(72 4)(73 6)(74 1)(75 4)(76 2)(77 1)(78 2)(80 2)(82 2)(83 1)(84 1)(87 1)(88 1)(89 1)(91 1)(93 1)(95 2)(96 1)(97 2)(99 1)(100 1)(102 1)(103 2)(104 1)(107 1)(111 1)(112 1)(115 2)(116 1)(119 1)(135 1)(152 1)
---area label--- : 2
area size : 483
mean x : 128.92
mean y : 189.28
mean E_x^2 : 114.35
mean E_y^2 : 27.65
mean E_xy^2 : 37.62
theta : 0.78
average greyscal : 73.98
average RGB [84.90,68.85,69.17]
(0 6)(2 2)(4 6)(5 1)(6 3)(7 3)(8 1)(9 3)(10 3)(11 2)(12 3)(14 2)(15 5)(16 2)(17 5)(18 2)(19 4)(20 3)(21 1)(22 6)(23 4)(24 2)(25 2)(26 3)(27 1)(28 1)(29 1)(30 5)(31 3)(32 4)(33 4)(34 2)(35 6)(36 6)(37 3)(38 5)(39 10)(40 8)(41 4)(42 7)(43 2)(44 4)(45 6)(46 5)(47 7)(48 7)(49 10)(50 3)(51 4)(52 5)(53 7)(54 9)(55 4)(56 4)(57 5)(58 5)(59 6)(60 2)(61 3)(62 3)(63 7)(64 5)(65 5)(66 6)(67 6)(68 9)(69 4)(70 7)(71 4)(72 3)(73 6)(74 2)(75 2)(76 5)(77 4)(78 6)(79 5)(80 2)(81 1)(82 1)(83 5)(84 1)(85 3)(86 3)(87 2)(88 2)(89 1)(90 1)(91 4)(92 1)(94 2)(95 1)(96 4)(97 1)(98 1)(99 2)(101 3)(102 1)(103 3)(104 2)(105 1)(107 1)(108 3)(109 1)(110 3)(112 2)(113 1)(115 3)(116 1)(117 2)(118 4)(119 1)(121 2)(123 2)(124 1)(125 2)(126 2)(128 2)(129 1)(130 2)(131 1)(132 2)(133 2)(134 2)(136 1)(137 1)(139 2)(140 2)(144 1)(145 1)(146 1)(147 1)(148 1)(149 1)(150 1)(151 1)(152 2)(153 1)(154 2)(159 2)(161 2)(162 1)(163 1)(165 1)(166 1)(167 1)(168 1)(169 1)(173 1)(175 1)(177 1)(184 2)(192 1)(196 2)(199 1)(201 1)(202 1)(205 1)(210 2)(211 1)(212 1)(215 1)(226 1)(227 1)(231 1)(235 1)(237 1)(239 2)(243 1)(246 3)(248 1)(249 1)
