NUMBER OF AREAS : 3
---area label--- : 1
area size : 221
mean x : 79.76
mean y : 96.71
mean E_x^2 : 45.23
mean E_y^2 : 24.65
mean E_xy^2 : 26.60
theta : 0.78
average greyscal : 43.72
average RGB [46.54,40.35,45.25]
(0 2)(2 2)(3 2)(6 2)(7 2)(9 4)(10 3)(11 1)(13 2)(14 4)(15 3)(16 4)(17 3)(18 3)(19 3)(20 4)(21 6)(22 2)(23 4)(24 1)(25 5)(26 4)(27 5)(28 7)(29 5)(30 8)(31 8)(32 2)(33 4)(34 4)(35 8)(36 7)(37 4)(38 5)(39 2)(40 3)(41 3)(42 4)(43 2)(44 4)(46 1)(47 2)(48 2)(49 2)(50 1)(51 3)(52 1)(53 1)(55 1)(57 3)(58 4)(59 3)(60 1)(61 1)(62 2)(63 3)(64 1)(66 1)(69 1)(72 2)(75 1)(76 1)(77 3)(78 1)(80 1)(82 2)(84 1)(85 1)(88 1)(90 1)(94 1)(95 1)(103 1)(109 2)(111 2)(113 1)(117 1)(121 1)(122 1)(123 1)(126 1)(127 1)(134 1)(137 1)(138 1)(142 1)(145 1)(149 1)(153 1)
---area label--- : 2
area size : 754
mean x : 205.45
mean y : 184.47
mean E_x^2 : 166.54
mean E_y^2 : 41.98
mean E_xy^2 : 40.71
theta : 0.78
average greyscal : 53.34
average RGB [41.95,54.41,64.84]
(5 1)(10 1)(11 1)(12 2)(13 1)(14 2)(15 4)(16 2)(17 4)(18 2)(19 4)(20 2)(21 2)(22 3)(23 5)(24 12)(25 10)(26 14)(27 12)(28 10)(29 16)(30 22)(31 14)(32 21)(33 17)(34 10)(35 16)(36 16)(37 10)(38 13)(39 13)(40 15)(41 7)(42 10)(43 9)(44 9)(45 9)(46 11)(47 19)(48 11)(49 10)(50 14)(51 7)(52 13)(53 11)(54 18)(55 10)(56 7)(57 11)(58 10)(59 13)(60 8)(61 13)(62 13)(63 5)(64 13)(65 11)(66 5)(67 10)(68 11)(69 10)(70 9)(71 9)(72 9)(73 7)(74 8)(75 7)(76 7)(77 8)(78 5)(79 5)(80 5)(81 4)(82 6)(83 5)(84 7)(85 1)(86 3)(87 3)(88 3)(89 3)(90 3)(91 3)(92 1)(93 3)(94 3)(95 2)(96 3)(97 4)(98 2)(99 3)(100 2)(101 1)(102 2)(103 2)(104 1)(105 1)(109 1)(111 1)(120 2)(122 2)(130 3)(133 1)(136 1)(137 1)(146 1)(147 1)(148 1)(158 1)(176 1)(184 1)(185 1)
---area label--- : 3
area size : 5
mean x : 196.00
mean y : 204.00
mean E_x^2 : 0.40
mean E_y^2 : 0.80
mean E_xy^2 : 0.40
theta : -0.51
average greyscal : 116.80
average RGB [106.40,112.60,132.60]
(66 1)(110 1)(112 1)(116 1)(180 1)
