NUMBER OF AREAS : 1
---area label--- : 1
area size : 547
mean x : 139.61
mean y : 120.42
mean E_x^2 : 138.45
mean E_y^2 : 52.77
mean E_xy^2 : 70.21
theta : 0.78
average greyscal : 51.35
average RGB [41.76,52.22,61.12]
(0 2)(1 2)(2 2)(3 2)(4 2)(5 1)(6 4)(7 1)(8 2)(10 5)(11 2)(12 3)(13 4)(15 5)(16 2)(17 1)(18 2)(19 4)(20 3)(21 4)(22 6)(23 5)(24 3)(25 7)(26 6)(27 5)(28 7)(29 14)(30 14)(31 16)(32 19)(33 17)(34 10)(35 6)(36 10)(37 13)(38 9)(39 9)(40 5)(41 6)(42 11)(43 5)(44 4)(45 3)(46 13)(47 2)(48 8)(49 8)(50 4)(51 6)(52 6)(53 7)(54 9)(55 9)(56 8)(57 8)(58 6)(59 7)(60 2)(61 8)(62 7)(63 11)(64 8)(65 3)(66 8)(67 8)(68 2)(69 5)(70 8)(71 5)(72 1)(73 4)(74 9)(75 6)(76 5)(77 4)(78 3)(79 1)(80 4)(81 1)(83 1)(84 2)(85 3)(86 1)(87 3)(88 3)(89 1)(90 3)(91 1)(92 1)(93 1)(94 2)(95 1)(96 3)(97 2)(98 2)(99 7)(101 3)(102 2)(103 1)(104 2)(105 1)(106 3)(107 2)(109 2)(111 2)(117 1)(123 1)(125 1)(127 1)(131 1)(134 1)(137 3)(138 1)(146 1)(158 1)(161 2)(169 1)
