NUMBER OF AREAS : 2
---area label--- : 1
area size : 5
mean x : 120.00
mean y : 99.00
mean E_x^2 : 0.40
mean E_y^2 : 0.80
mean E_xy^2 : 0.40
theta : -0.51
average greyscal : 95.00
average RGB [103.80,90.80,90.40]
(74 1)(90 1)(95 1)(107 1)(109 1)
---area label--- : 2
area size : 538
mean x : 139.57
mean y : 120.15
mean E_x^2 : 135.96
mean E_y^2 : 55.00
mean E_xy^2 : 72.14
theta : 0.78
average greyscal : 52.19
average RGB [44.12,51.15,62.31]
(0 1)(1 1)(2 2)(3 1)(4 2)(5 3)(6 3)(7 2)(8 3)(9 2)(10 2)(11 6)(12 4)(13 2)(14 2)(15 2)(16 3)(17 2)(18 5)(19 5)(20 6)(21 2)(22 2)(23 6)(24 3)(25 9)(26 9)(27 8)(28 7)(29 9)(30 8)(31 9)(32 11)(33 14)(34 15)(35 7)(36 11)(37 14)(38 9)(39 10)(40 7)(41 5)(42 8)(43 7)(44 5)(45 6)(46 8)(47 7)(48 7)(49 2)(50 11)(51 4)(52 6)(53 9)(54 11)(55 7)(56 6)(57 6)(58 5)(59 4)(60 7)(61 3)(62 4)(63 7)(64 8)(65 7)(66 6)(67 3)(68 4)(69 3)(70 7)(71 8)(72 6)(73 3)(74 7)(75 2)(76 1)(77 5)(78 2)(79 4)(80 1)(81 3)(82 2)(83 1)(84 3)(85 3)(86 4)(87 3)(88 2)(89 2)(90 2)(91 2)(92 2)(93 1)(94 3)(95 2)(96 3)(97 2)(98 2)(99 2)(100 1)(101 2)(103 4)(104 3)(105 3)(106 2)(107 2)(109 1)(110 3)(111 1)(113 2)(115 2)(116 1)(119 2)(120 1)(121 1)(123 1)(129 1)(130 2)(131 2)(138 1)(143 1)(153 1)(156 1)(164 1)(175 1)
