NUMBER OF AREAS : 2
---area label--- : 1
area size : 550
mean x : 135.09
mean y : 154.12
mean E_x^2 : 120.16
mean E_y^2 : 58.49
mean E_xy^2 : 62.27
theta : 0.78
average greyscal : 57.61
average RGB [63.46,54.71,55.61]
(0 3)(2 1)(3 1)(4 3)(5 1)(6 1)(7 1)(8 1)(9 3)(10 2)(11 2)(13 4)(15 2)(16 4)(17 5)(18 4)(19 5)(20 2)(21 3)(22 1)(23 3)(24 5)(25 6)(26 12)(27 5)(28 5)(29 10)(30 9)(31 8)(32 9)(33 7)(34 5)(35 5)(36 8)(37 2)(38 5)(39 4)(40 5)(41 4)(42 4)(43 5)(44 5)(45 9)(46 7)(47 8)(48 6)(49 5)(50 5)(51 3)(52 10)(53 7)(54 8)(55 12)(56 4)(57 7)(58 4)(59 6)(60 10)(61 13)(62 9)(63 15)(64 7)(65 10)(66 21)(67 11)(68 14)(69 11)(70 3)(71 7)(72 5)(73 9)(74 10)(75 4)(76 6)(77 5)(78 2)(79 5)(80 3)(81 6)(82 3)(83 2)(85 3)(86 2)(87 1)(88 3)(89 2)(90 3)(91 2)(92 1)(93 2)(94 1)(95 1)(96 2)(97 1)(98 2)(99 3)(100 3)(101 3)(102 4)(103 4)(104 1)(105 2)(106 1)(108 4)(110 3)(112 1)(114 1)(116 1)(118 3)(119 2)(121 2)(124 1)(127 1)(129 1)(130 1)(132 1)(134 1)(135 1)(136 1)(139 1)(145 1)(152 1)(164 2)(174 1)
---area label--- : 2
area size : 11
mean x : 126.00
mean y : 159.00
mean E_x^2 : 1.27
mean E_y^2 : 1.82
mean E_xy^2 : 1.27
theta : -0.73
average greyscal : 72.00
average RGB [82.91,61.36,72.36]
(31 1)(33 1)(38 1)(45 1)(51 1)(76 1)(85 1)(104 1)(105 1)(107 1)(117 1)
