NUMBER OF AREAS : 3
---area label--- : 1
area size : 227
mean x : 145.76
mean y : 161.31
mean E_x^2 : 15.95
mean E_y^2 : 24.29
mean E_xy^2 : -4.94
theta : -0.78
average greyscal : 63.60
average RGB [67.17,60.79,63.99]
(2 1)(11 1)(16 1)(27 1)(30 1)(31 1)(32 1)(35 1)(36 3)(39 2)(40 4)(41 4)(42 2)(43 1)(44 1)(45 3)(46 7)(47 6)(48 5)(49 8)(50 3)(51 3)(52 4)(53 3)(54 2)(55 3)(56 1)(57 4)(58 2)(59 4)(60 8)(61 5)(62 9)(63 8)(64 15)(65 12)(66 9)(67 9)(68 10)(69 5)(70 1)(71 3)(72 4)(73 1)(74 5)(75 3)(76 4)(77 3)(78 1)(79 1)(83 1)(85 1)(86 3)(87 1)(89 1)(90 1)(91 1)(93 1)(94 1)(95 1)(98 1)(102 1)(103 1)(105 2)(107 1)(108 1)(109 1)(110 1)(111 1)(113 1)(118 1)(120 1)(130 1)(136 1)(143 1)
---area label--- : 2
area size : 481
mean x : 124.34
mean y : 182.76
mean E_x^2 : 141.20
mean E_y^2 : 35.01
mean E_xy^2 : 48.57
theta : 0.78
average greyscal : 70.62
average RGB [79.20,64.21,69.37]
(0 9)(1 3)(2 2)(3 1)(4 3)(5 1)(6 3)(7 2)(8 1)(9 2)(10 1)(11 4)(13 6)(14 2)(15 1)(16 2)(17 2)(18 4)(19 2)(20 5)(21 3)(22 6)(23 1)(24 6)(25 3)(26 5)(27 4)(28 2)(29 4)(30 6)(31 7)(32 5)(33 3)(34 10)(35 8)(36 4)(37 6)(38 8)(39 9)(40 7)(41 7)(42 11)(43 5)(44 5)(45 7)(46 3)(47 10)(48 8)(49 5)(50 3)(51 4)(52 5)(53 9)(54 5)(55 2)(56 3)(57 1)(58 2)(59 2)(60 1)(61 2)(62 4)(63 2)(64 2)(65 5)(66 4)(67 6)(68 2)(69 3)(70 2)(71 2)(72 3)(73 1)(74 3)(75 4)(76 2)(77 1)(78 1)(79 5)(80 2)(83 2)(84 1)(85 4)(86 1)(87 4)(88 2)(90 2)(92 2)(93 1)(94 8)(97 2)(98 2)(100 3)(101 2)(102 1)(103 1)(104 1)(105 2)(106 1)(107 2)(108 3)(109 1)(110 1)(111 4)(112 2)(113 1)(114 2)(115 2)(116 3)(117 5)(118 2)(119 3)(120 4)(123 7)(124 1)(125 3)(127 1)(128 2)(129 2)(130 3)(131 2)(132 5)(133 3)(134 1)(135 2)(136 3)(137 2)(138 2)(141 1)(143 2)(144 2)(145 1)(146 1)(147 2)(148 1)(150 2)(151 2)(154 1)(156 1)(160 1)(162 1)(164 1)(167 1)(168 1)(170 1)(171 1)(173 1)(177 1)(181 2)(182 1)(183 2)(185 1)(188 1)(189 1)(190 1)(193 2)(194 2)(195 1)(197 1)(203 1)(204 1)(205 1)(208 2)(210 1)(212 1)(215 1)
---area label--- : 3
area size : 5
mean x : 89.00
mean y : 249.00
mean E_x^2 : 0.40
mean E_y^2 : 0.80
mean E_xy^2 : 0.40
theta : -0.51
average greyscal : 42.40
average RGB [40.60,49.40,38.40]
(2 1)(32 1)(46 1)(63 1)(69 1)
