NUMBER OF AREAS : 1
---area label--- : 1
area size : 372
mean x : 104.01
mean y : 124.95
mean E_x^2 : 76.00
mean E_y^2 : 27.03
mean E_xy^2 : 26.65
theta : 0.78
average greyscal : 60.62
average RGB [68.90,55.48,58.54]
(1 2)(2 1)(3 3)(4 3)(5 1)(6 2)(7 4)(8 2)(10 2)(11 1)(12 1)(13 2)(15 2)(17 3)(18 2)(19 4)(20 1)(21 1)(22 1)(23 3)(24 4)(25 2)(27 2)(28 2)(29 4)(31 3)(32 3)(33 4)(34 4)(35 2)(37 3)(38 6)(39 4)(40 3)(41 5)(42 5)(43 3)(44 4)(45 7)(46 6)(47 5)(48 4)(49 6)(50 10)(51 10)(52 4)(53 5)(54 3)(55 4)(56 2)(57 1)(58 4)(59 4)(60 2)(61 4)(62 6)(63 5)(64 6)(65 13)(66 10)(67 8)(68 10)(69 10)(70 5)(71 4)(72 9)(73 8)(74 4)(75 2)(76 7)(77 3)(78 2)(79 3)(80 3)(81 3)(82 5)(84 3)(86 2)(87 2)(88 1)(89 1)(90 3)(92 2)(93 1)(94 2)(95 1)(96 2)(98 1)(101 4)(102 1)(103 1)(105 1)(106 1)(107 1)(108 2)(109 1)(110 1)(112 1)(113 1)(117 3)(118 4)(119 2)(121 1)(124 1)(127 1)(130 1)(133 3)(135 1)(140 1)(144 1)(145 1)(148 1)(151 1)(154 1)(159 1)(195 1)
