NUMBER OF AREAS : 3
---area label--- : 1
area size : 234
mean x : 86.84
mean y : 127.06
mean E_x^2 : 67.70
mean E_y^2 : 21.49
mean E_xy^2 : 32.17
theta : 0.78
average greyscal : 43.98
average RGB [51.36,40.40,41.20]
(0 2)(1 2)(2 2)(3 4)(4 3)(5 2)(6 4)(7 1)(8 1)(9 2)(10 1)(11 2)(12 2)(14 1)(15 1)(16 2)(17 2)(18 1)(19 2)(20 2)(22 4)(23 3)(24 9)(25 1)(26 2)(27 8)(28 1)(29 9)(30 3)(31 9)(32 2)(33 7)(34 10)(35 3)(36 3)(37 5)(38 4)(39 6)(40 4)(41 2)(42 2)(43 5)(44 2)(45 1)(46 1)(47 3)(48 8)(49 4)(50 1)(51 4)(52 2)(53 5)(54 2)(56 4)(57 1)(58 2)(59 4)(60 2)(61 2)(63 1)(64 1)(65 1)(67 1)(68 2)(69 2)(71 1)(72 3)(73 2)(75 2)(80 1)(81 1)(82 1)(84 1)(88 1)(90 2)(92 1)(93 1)(94 2)(96 1)(97 1)(98 1)(100 1)(101 1)(102 2)(103 1)(109 1)(110 1)(111 2)(120 1)(125 1)(138 2)(144 1)(168 1)
---area label--- : 2
area size : 223
mean x : 145.86
mean y : 161.24
mean E_x^2 : 15.60
mean E_y^2 : 24.16
mean E_xy^2 : -4.74
theta : -0.78
average greyscal : 63.33
average RGB [65.33,62.92,62.75]
(0 1)(12 1)(19 1)(20 1)(21 1)(26 1)(31 1)(34 2)(35 3)(37 3)(39 1)(40 3)(42 4)(43 1)(44 3)(45 3)(46 4)(47 3)(48 2)(49 8)(50 2)(51 6)(52 4)(53 5)(54 3)(55 3)(56 3)(57 5)(58 3)(59 7)(60 7)(61 4)(62 3)(63 4)(64 5)(65 18)(66 11)(67 6)(68 7)(69 6)(70 11)(71 4)(72 11)(73 1)(74 3)(75 2)(76 1)(77 1)(78 3)(80 1)(82 2)(86 2)(88 1)(89 1)(90 1)(93 1)(94 1)(96 1)(98 1)(99 2)(102 1)(103 1)(104 1)(107 1)(108 1)(110 2)(112 2)(113 1)(115 1)(118 1)(149 1)
---area label--- : 3
area size : 5
mean x : 89.00
mean y : 249.00
mean E_x^2 : 0.40
mean E_y^2 : 0.80
mean E_xy^2 : 0.40
theta : -0.51
average greyscal : 34.40
average RGB [32.80,38.60,32.60]
(6 1)(16 1)(35 1)(56 1)(59 1)
