NUMBER OF AREAS : 1
---area label--- : 1
area size : 527
mean x : 139.86
mean y : 120.33
mean E_x^2 : 137.89
mean E_y^2 : 53.09
mean E_xy^2 : 72.62
theta : 0.78
average greyscal : 51.92
average RGB [44.35,50.18,62.38]
(0 1)(1 1)(2 2)(3 3)(4 1)(5 4)(6 2)(7 4)(8 1)(9 2)(10 6)(11 4)(12 3)(13 6)(14 2)(15 5)(16 4)(17 3)(18 2)(19 7)(20 4)(21 1)(22 4)(23 6)(24 6)(25 6)(26 5)(27 9)(28 7)(29 7)(30 11)(31 6)(32 12)(33 6)(34 14)(35 8)(36 8)(37 7)(38 10)(39 12)(40 12)(41 3)(42 9)(43 5)(44 3)(45 9)(46 4)(47 6)(48 5)(49 9)(50 7)(51 4)(52 9)(53 7)(54 9)(55 3)(56 5)(57 3)(58 6)(59 3)(60 10)(61 7)(62 5)(63 6)(64 5)(65 11)(66 5)(67 5)(68 6)(69 6)(70 7)(71 5)(72 5)(73 5)(74 7)(75 1)(76 2)(77 5)(78 3)(81 11)(82 2)(83 2)(84 4)(85 3)(86 1)(87 2)(88 2)(89 1)(90 1)(91 5)(93 2)(94 2)(95 4)(96 3)(97 1)(98 5)(99 3)(100 2)(101 3)(102 1)(104 1)(105 1)(106 2)(107 2)(108 2)(109 1)(111 1)(117 1)(118 1)(120 2)(121 1)(122 1)(124 1)(125 1)(135 1)(138 1)(145 1)(146 2)(149 1)(150 1)(151 1)(154 1)(177 1)
