NUMBER OF AREAS : 3
---area label--- : 1
area size : 29
mean x : 89.69
mean y : 70.48
mean E_x^2 : 4.56
mean E_y^2 : 2.04
mean E_xy^2 : 1.84
theta : 0.72
average greyscal : 27.59
average RGB [30.41,20.93,32.03]
(11 1)(13 1)(16 2)(17 1)(19 1)(20 1)(21 1)(23 1)(24 2)(25 2)(26 2)(27 1)(28 2)(29 1)(30 1)(32 2)(33 2)(39 1)(42 1)(43 1)(46 1)(52 1)
---area label--- : 2
area size : 223
mean x : 145.82
mean y : 161.28
mean E_x^2 : 15.38
mean E_y^2 : 24.50
mean E_xy^2 : -4.73
theta : -0.78
average greyscal : 64.85
average RGB [69.19,60.27,66.02]
(1 1)(5 1)(18 1)(28 1)(29 1)(30 1)(31 1)(35 1)(36 1)(37 1)(38 1)(39 2)(40 3)(41 1)(42 3)(43 1)(44 1)(45 5)(46 2)(47 5)(48 3)(49 6)(50 1)(51 2)(52 8)(53 5)(54 4)(55 1)(56 5)(57 3)(58 4)(59 3)(60 5)(61 6)(62 2)(63 8)(64 6)(65 6)(66 10)(67 7)(68 16)(69 6)(70 4)(71 3)(72 8)(73 4)(74 5)(75 7)(76 3)(77 4)(78 2)(79 2)(80 4)(81 1)(82 2)(84 1)(88 1)(93 2)(94 2)(95 1)(96 1)(97 1)(98 1)(101 1)(102 1)(104 1)(105 1)(109 1)(110 1)(112 2)(114 2)(115 1)(117 1)(150 1)
---area label--- : 3
area size : 5
mean x : 89.00
mean y : 249.00
mean E_x^2 : 0.40
mean E_y^2 : 0.80
mean E_xy^2 : 0.40
theta : -0.51
average greyscal : 39.00
average RGB [45.20,22.80,49.40]
(21 1)(26 1)(29 1)(36 1)(83 1)
