NUMBER OF AREAS : 3
---area label--- : 1
area size : 234
mean x : 86.21
mean y : 126.19
mean E_x^2 : 63.98
mean E_y^2 : 19.33
mean E_xy^2 : 28.90
theta : 0.78
average greyscal : 44.29
average RGB [50.50,39.64,43.76]
(0 2)(1 3)(2 4)(3 4)(4 3)(5 4)(8 3)(9 1)(11 2)(13 2)(14 4)(15 1)(17 2)(18 2)(19 1)(20 2)(21 1)(22 4)(23 3)(24 2)(25 6)(26 5)(27 5)(29 2)(30 9)(31 6)(32 4)(33 4)(34 4)(35 10)(36 1)(37 1)(38 5)(39 4)(40 5)(41 5)(42 2)(43 1)(44 3)(45 10)(46 5)(47 1)(48 2)(49 2)(50 2)(51 3)(52 3)(53 2)(54 1)(55 3)(56 1)(57 3)(58 4)(59 2)(60 5)(61 4)(63 2)(64 5)(66 2)(67 2)(69 1)(71 1)(72 4)(73 1)(75 2)(76 1)(77 1)(78 1)(80 1)(83 1)(86 3)(87 1)(88 1)(89 2)(90 1)(91 1)(95 1)(96 1)(97 1)(99 2)(104 2)(106 1)(109 1)(111 1)(115 2)(140 1)(160 1)(169 1)
---area label--- : 2
area size : 221
mean x : 145.58
mean y : 161.43
mean E_x^2 : 15.46
mean E_y^2 : 23.34
mean E_xy^2 : -4.74
theta : -0.78
average greyscal : 63.94
average RGB [66.86,62.26,63.69]
(5 1)(6 1)(27 1)(29 1)(30 4)(34 1)(36 1)(38 1)(39 1)(41 4)(42 1)(43 3)(44 1)(45 7)(46 5)(47 6)(48 7)(50 3)(51 2)(52 5)(53 3)(54 9)(55 2)(56 4)(57 4)(58 1)(59 5)(60 5)(61 5)(62 6)(63 6)(64 10)(65 6)(66 8)(67 8)(68 6)(69 5)(70 8)(71 4)(72 6)(73 7)(74 8)(75 2)(76 4)(77 4)(78 3)(79 1)(80 1)(82 1)(83 2)(87 1)(88 1)(93 1)(94 1)(100 1)(101 1)(102 5)(103 2)(104 1)(108 1)(109 1)(110 2)(112 1)(122 1)(144 1)
---area label--- : 3
area size : 5
mean x : 89.00
mean y : 249.00
mean E_x^2 : 0.40
mean E_y^2 : 0.80
mean E_xy^2 : 0.40
theta : -0.51
average greyscal : 38.20
average RGB [51.00,29.00,35.20]
(9 1)(16 1)(41 1)(61 1)(64 1)
