NUMBER OF AREAS : 5
---area label--- : 1
area size : 8
mean x : 84.50
mean y : 72.50
mean E_x^2 : 0.75
mean E_y^2 : 1.25
mean E_xy^2 : 0.75
theta : -0.66
average greyscal : 16.50
average RGB [14.38,13.38,22.25]
(11 1)(12 1)(15 1)(18 3)(20 2)
---area label--- : 2
area size : 9
mean x : 141.00
mean y : 88.00
mean E_x^2 : 1.56
mean E_y^2 : 2.00
mean E_xy^2 : 1.56
theta : -0.75
average greyscal : 62.67
average RGB [69.67,59.33,60.00]
(24 1)(34 1)(37 1)(46 1)(71 1)(72 1)(82 1)(88 1)(110 1)
---area label--- : 3
area size : 625
mean x : 157.50
mean y : 113.81
mean E_x^2 : 156.21
mean E_y^2 : 53.26
mean E_xy^2 : 73.67
theta : 0.78
average greyscal : 50.45
average RGB [41.79,49.28,61.16]
(0 1)(2 3)(3 2)(4 2)(5 6)(6 3)(7 2)(8 2)(9 1)(10 3)(11 4)(12 1)(13 2)(14 4)(16 4)(17 6)(18 2)(19 4)(20 6)(21 5)(22 6)(23 8)(24 5)(25 7)(26 11)(27 7)(28 8)(29 12)(30 10)(31 19)(32 14)(33 14)(34 19)(35 9)(36 12)(37 10)(38 11)(39 9)(40 10)(41 5)(42 7)(43 8)(44 9)(45 9)(46 4)(47 10)(48 10)(49 11)(50 7)(51 6)(52 10)(53 8)(54 15)(55 7)(56 4)(57 12)(58 10)(59 10)(60 5)(61 5)(62 6)(63 11)(64 8)(65 4)(66 7)(67 6)(68 8)(69 9)(70 4)(71 8)(72 5)(73 6)(74 6)(75 3)(76 2)(77 5)(78 1)(79 6)(80 4)(81 2)(82 6)(83 3)(84 2)(85 3)(87 7)(88 4)(89 2)(90 3)(91 8)(92 2)(93 1)(94 1)(96 1)(97 2)(98 1)(99 2)(100 3)(102 3)(103 1)(104 2)(105 1)(106 1)(107 2)(115 1)(116 1)(117 3)(120 1)(123 1)(124 1)(129 2)(130 1)(132 1)(133 1)(137 1)(151 1)(160 1)(167 1)
---area label--- : 4
area size : 5
mean x : 124.00
mean y : 111.00
mean E_x^2 : 0.40
mean E_y^2 : 0.80
mean E_xy^2 : 0.40
theta : -0.51
average greyscal : 76.00
average RGB [84.00,69.60,74.80]
(33 1)(68 1)(77 1)(89 1)(113 1)
---area label--- : 5
area size : 8
mean x : 131.50
mean y : 112.00
mean E_x^2 : 0.75
mean E_y^2 : 0.75
mean E_xy^2 : 0.38
theta : 0.79
average greyscal : 77.00
average RGB [85.38,76.00,70.38]
(44 1)(51 1)(55 1)(72 1)(77 1)(102 1)(105 1)(110 1)
