NUMBER OF AREAS : 2
---area label--- : 1
area size : 529
mean x : 139.82
mean y : 120.25
mean E_x^2 : 138.66
mean E_y^2 : 54.52
mean E_xy^2 : 74.21
theta : 0.78
average greyscal : 52.06
average RGB [43.17,51.90,62.04]
(1 1)(2 3)(3 2)(4 3)(6 2)(7 2)(9 1)(10 1)(12 6)(13 3)(14 2)(15 5)(16 3)(17 4)(18 4)(19 4)(20 4)(21 8)(22 6)(23 4)(24 3)(25 6)(26 10)(27 5)(28 7)(29 4)(30 11)(31 20)(32 16)(33 6)(34 9)(35 7)(36 9)(37 6)(38 9)(39 9)(40 6)(41 8)(42 4)(43 16)(44 11)(45 10)(46 3)(47 6)(48 2)(49 7)(50 3)(51 11)(52 6)(53 5)(54 6)(55 7)(56 1)(57 4)(58 8)(59 7)(60 8)(61 11)(62 6)(63 10)(64 3)(65 6)(66 5)(67 5)(68 9)(69 7)(70 3)(71 4)(72 6)(73 7)(74 9)(75 4)(77 6)(78 5)(79 4)(80 1)(81 4)(83 5)(85 3)(86 1)(87 1)(89 2)(90 3)(91 3)(92 1)(93 1)(94 2)(97 4)(98 3)(99 4)(100 3)(101 2)(102 2)(103 1)(104 3)(105 2)(106 2)(107 2)(108 1)(109 1)(110 1)(112 1)(113 1)(116 1)(119 1)(121 1)(124 2)(126 2)(129 1)(134 2)(136 1)(142 1)(145 1)(147 1)(151 1)
---area label--- : 2
area size : 5
mean x : 106.00
mean y : 108.00
mean E_x^2 : 0.40
mean E_y^2 : 0.80
mean E_xy^2 : 0.40
theta : -0.51
average greyscal : 82.40
average RGB [88.20,75.60,85.40]
(46 1)(82 1)(89 1)(96 1)(99 1)
