NUMBER OF AREAS : 3
---area label--- : 1
area size : 159
mean x : 81.91
mean y : 94.38
mean E_x^2 : 50.78
mean E_y^2 : 22.65
mean E_xy^2 : 30.68
theta : 0.78
average greyscal : 36.67
average RGB [41.44,34.58,34.74]
(0 3)(2 2)(3 2)(4 2)(5 1)(7 2)(8 5)(9 1)(10 4)(11 3)(12 2)(13 1)(14 1)(16 2)(17 2)(18 4)(20 1)(21 2)(22 2)(23 3)(24 3)(25 1)(26 2)(27 8)(28 2)(29 7)(30 3)(31 2)(32 7)(33 1)(34 2)(35 4)(36 1)(37 1)(38 1)(39 3)(40 2)(41 1)(42 4)(43 3)(44 3)(45 3)(46 1)(47 1)(48 6)(49 4)(50 4)(51 2)(52 5)(53 1)(54 2)(55 4)(56 2)(57 2)(58 2)(61 1)(65 1)(67 1)(68 1)(79 1)(82 1)(86 1)(88 2)(93 2)(136 1)(139 1)(147 1)
---area label--- : 2
area size : 224
mean x : 145.85
mean y : 161.29
mean E_x^2 : 15.48
mean E_y^2 : 24.40
mean E_xy^2 : -4.67
theta : -0.78
average greyscal : 64.00
average RGB [66.76,62.02,64.01]
(7 1)(8 1)(15 1)(23 1)(26 1)(27 1)(29 2)(37 2)(38 1)(40 4)(41 4)(42 1)(43 2)(44 2)(45 3)(46 5)(47 6)(48 3)(49 5)(50 4)(51 6)(52 2)(53 5)(54 1)(55 4)(56 6)(57 4)(58 8)(59 5)(60 6)(61 3)(62 4)(63 7)(64 8)(65 5)(66 10)(67 6)(68 6)(69 7)(70 6)(71 5)(72 8)(73 4)(74 9)(75 4)(76 3)(77 2)(79 1)(80 2)(82 2)(84 1)(85 1)(86 1)(87 1)(89 1)(91 1)(94 1)(98 1)(101 3)(102 1)(103 1)(107 2)(108 1)(110 1)(111 1)(112 2)(113 3)(115 1)(153 1)
---area label--- : 3
area size : 5
mean x : 89.00
mean y : 249.00
mean E_x^2 : 0.40
mean E_y^2 : 0.80
mean E_xy^2 : 0.40
theta : -0.51
average greyscal : 30.80
average RGB [32.60,30.00,31.00]
(11 1)(15 1)(31 1)(32 1)(65 1)
