NUMBER OF AREAS : 3
---area label--- : 1
area size : 269
mean x : 87.35
mean y : 123.99
mean E_x^2 : 68.50
mean E_y^2 : 19.91
mean E_xy^2 : 29.42
theta : 0.78
average greyscal : 50.49
average RGB [54.98,46.10,51.43]
(0 7)(1 6)(2 6)(3 4)(4 4)(5 2)(6 2)(7 2)(9 1)(10 5)(11 2)(13 4)(14 4)(15 1)(16 4)(17 2)(18 2)(19 3)(20 2)(21 1)(22 2)(23 1)(24 4)(25 4)(26 4)(27 2)(28 3)(29 5)(30 4)(31 3)(32 4)(33 5)(34 8)(35 3)(36 4)(37 5)(38 5)(39 1)(40 2)(41 5)(42 3)(43 2)(44 1)(45 5)(46 5)(47 5)(48 1)(49 2)(50 5)(51 3)(52 4)(53 7)(54 3)(57 4)(58 1)(59 3)(60 3)(61 1)(63 4)(64 4)(67 1)(69 1)(70 2)(71 2)(72 2)(73 1)(74 1)(76 2)(77 1)(80 2)(82 3)(83 1)(84 1)(85 1)(86 2)(87 2)(88 1)(89 1)(91 1)(92 1)(95 1)(96 1)(98 2)(101 1)(102 1)(103 1)(107 1)(110 1)(111 1)(112 1)(113 1)(118 1)(119 1)(124 1)(126 1)(129 2)(132 1)(136 1)(138 1)(144 1)(145 1)(149 1)(157 1)(159 1)(167 1)(169 2)(171 1)(172 1)(180 1)(181 1)(185 1)(187 2)
---area label--- : 2
area size : 220
mean x : 145.74
mean y : 161.33
mean E_x^2 : 15.03
mean E_y^2 : 23.98
mean E_xy^2 : -4.40
theta : -0.78
average greyscal : 63.88
average RGB [66.88,61.00,64.62]
(8 1)(11 1)(15 1)(21 1)(24 1)(30 1)(34 2)(36 1)(37 2)(38 1)(39 1)(40 1)(41 2)(42 2)(44 2)(45 4)(46 2)(47 4)(48 3)(49 7)(50 4)(51 4)(52 7)(53 6)(54 2)(55 2)(56 2)(57 5)(58 7)(59 2)(60 2)(61 5)(62 7)(63 11)(64 10)(65 6)(66 12)(67 9)(68 8)(69 6)(70 6)(71 4)(72 1)(73 5)(74 9)(75 4)(76 4)(77 3)(78 1)(80 1)(81 1)(82 1)(83 1)(84 1)(85 1)(88 1)(89 4)(94 1)(95 2)(96 1)(100 1)(102 1)(103 1)(109 1)(110 1)(112 2)(116 2)(119 1)(150 1)
---area label--- : 3
area size : 5
mean x : 89.00
mean y : 249.00
mean E_x^2 : 0.40
mean E_y^2 : 0.80
mean E_xy^2 : 0.40
theta : -0.51
average greyscal : 37.40
average RGB [52.80,23.00,37.80]
(6 1)(24 1)(39 1)(54 1)(64 1)
