NUMBER OF AREAS : 1
---area label--- : 1
area size : 824
mean x : 238.24
mean y : 196.94
mean E_x^2 : 160.68
mean E_y^2 : 58.39
mean E_xy^2 : 25.63
theta : 0.78
average greyscal : 51.87
average RGB [43.49,51.66,61.36]
(4 1)(5 2)(7 1)(8 2)(9 1)(11 3)(12 2)(14 2)(15 1)(17 6)(18 2)(19 8)(20 3)(21 4)(22 7)(23 9)(24 8)(25 15)(26 11)(27 14)(28 15)(29 17)(30 10)(31 20)(32 16)(33 8)(34 10)(35 10)(36 15)(37 11)(38 16)(39 13)(40 20)(41 22)(42 24)(43 15)(44 11)(45 10)(46 21)(47 17)(48 18)(49 19)(50 19)(51 15)(52 11)(53 15)(54 19)(55 19)(56 13)(57 11)(58 8)(59 7)(60 8)(61 7)(62 9)(63 12)(64 5)(65 5)(66 7)(67 7)(68 9)(69 7)(70 11)(71 6)(72 8)(73 4)(74 7)(75 4)(76 4)(77 8)(78 4)(79 3)(80 3)(81 6)(82 5)(83 12)(84 5)(85 4)(86 4)(87 7)(88 3)(89 3)(90 8)(91 2)(92 2)(93 4)(94 4)(95 3)(96 3)(97 3)(98 1)(99 1)(100 1)(101 2)(102 4)(103 2)(104 1)(107 1)(110 1)(111 1)(112 1)(115 2)(116 1)(118 1)(120 1)(121 2)(125 1)(135 1)(141 1)(146 1)(149 1)(152 1)(160 1)(165 1)
