NUMBER OF AREAS : 1
---area label--- : 1
area size : 415
mean x : 143.43
mean y : 121.17
mean E_x^2 : 169.09
mean E_y^2 : 58.60
mean E_xy^2 : 91.67
theta : 0.78
average greyscal : 49.09
average RGB [41.31,48.48,58.56]
(0 1)(1 1)(2 1)(3 4)(4 1)(5 3)(6 2)(7 1)(8 2)(9 2)(10 2)(11 3)(12 2)(13 4)(14 1)(15 2)(16 3)(17 5)(18 1)(19 2)(20 2)(21 4)(23 3)(24 3)(25 1)(26 5)(27 9)(28 6)(29 5)(30 13)(31 8)(32 10)(33 12)(34 13)(35 5)(36 12)(37 15)(38 8)(39 2)(40 11)(41 5)(42 7)(43 8)(44 6)(45 5)(46 4)(47 5)(48 4)(49 3)(50 3)(51 4)(52 4)(53 6)(54 2)(55 3)(56 4)(57 8)(58 8)(59 6)(60 4)(61 6)(62 7)(63 4)(64 6)(65 3)(66 3)(67 4)(68 5)(69 1)(70 3)(71 2)(72 4)(73 4)(74 5)(75 1)(76 8)(77 2)(78 1)(79 1)(80 2)(82 2)(83 3)(84 1)(85 5)(86 2)(87 2)(88 5)(89 1)(90 3)(91 5)(92 2)(93 1)(94 1)(95 1)(97 1)(98 1)(99 2)(100 2)(101 2)(103 2)(104 2)(106 1)(107 1)(116 1)(118 1)(137 1)(143 1)(148 1)(154 1)
