NUMBER OF AREAS : 1
---area label--- : 1
area size : 196
mean x : 88.66
mean y : 101.80
mean E_x^2 : 33.52
mean E_y^2 : 33.82
mean E_xy^2 : 25.45
theta : -0.79
average greyscal : 50.99
average RGB [56.18,48.46,49.30]
(2 1)(3 2)(4 1)(5 1)(7 3)(9 1)(10 1)(11 1)(12 2)(13 1)(14 2)(15 4)(16 1)(18 1)(19 1)(22 4)(23 2)(24 1)(25 3)(26 3)(27 1)(28 1)(30 2)(31 5)(32 2)(33 3)(34 4)(35 3)(36 3)(37 2)(38 4)(39 3)(40 1)(41 3)(42 1)(43 3)(44 2)(45 2)(46 3)(47 2)(48 2)(50 1)(51 2)(52 7)(53 4)(54 5)(55 5)(56 6)(57 5)(58 5)(59 2)(60 3)(61 7)(62 4)(63 2)(64 3)(65 3)(66 4)(67 2)(68 3)(70 1)(71 1)(72 3)(73 2)(74 2)(75 2)(76 1)(77 1)(78 2)(83 2)(85 1)(91 1)(92 1)(93 2)(95 2)(98 1)(101 1)(102 1)(103 1)(107 1)(109 1)(119 1)(126 1)(130 1)(131 1)(154 1)
