NUMBER OF AREAS : 2
---area label--- : 1
area size : 5
mean x : 147.00
mean y : 91.00
mean E_x^2 : 0.40
mean E_y^2 : 0.80
mean E_xy^2 : 0.40
theta : -0.51
average greyscal : 50.20
average RGB [56.20,49.40,46.20]
(30 1)(31 1)(41 1)(69 1)(80 1)
---area label--- : 2
area size : 655
mean x : 156.62
mean y : 115.49
mean E_x^2 : 155.83
mean E_y^2 : 60.59
mean E_xy^2 : 68.39
theta : 0.78
average greyscal : 49.59
average RGB [42.44,48.61,58.75]
(0 5)(1 2)(2 2)(3 3)(4 6)(5 2)(6 2)(7 5)(9 3)(10 1)(11 1)(12 5)(13 4)(14 4)(15 4)(16 3)(17 3)(18 4)(19 4)(20 4)(21 3)(22 8)(23 7)(24 9)(25 9)(26 13)(27 15)(28 13)(29 16)(30 14)(31 10)(32 15)(33 8)(34 8)(35 12)(36 12)(37 5)(38 11)(39 7)(40 10)(41 13)(42 8)(43 5)(44 7)(45 11)(46 7)(47 12)(48 6)(49 9)(50 12)(51 15)(52 9)(53 4)(54 15)(55 8)(56 12)(57 10)(58 6)(59 10)(60 6)(61 9)(62 7)(63 14)(64 11)(65 4)(66 7)(67 7)(68 6)(69 3)(70 2)(71 7)(72 5)(73 3)(74 11)(75 5)(76 8)(77 2)(78 3)(79 4)(80 3)(81 3)(82 3)(83 2)(84 3)(85 4)(86 2)(87 1)(89 6)(90 7)(91 1)(92 2)(93 1)(95 1)(96 1)(97 3)(98 3)(99 2)(100 3)(101 2)(102 1)(103 2)(104 2)(105 1)(106 2)(107 2)(109 2)(110 1)(115 1)(117 1)(118 1)(119 1)(120 1)(127 1)(131 1)(135 1)(146 1)(149 1)(150 1)(167 1)(169 1)(174 1)
