NUMBER OF AREAS : 2
---area label--- : 1
area size : 233
mean x : 145.83
mean y : 161.30
mean E_x^2 : 16.36
mean E_y^2 : 24.28
mean E_xy^2 : -4.23
theta : -0.78
average greyscal : 62.12
average RGB [64.17,60.26,62.84]
(5 2)(15 1)(18 1)(26 1)(29 1)(31 1)(32 1)(34 2)(35 2)(36 1)(38 3)(39 2)(40 1)(41 3)(42 6)(43 3)(44 1)(45 5)(46 8)(47 4)(48 6)(49 3)(50 5)(52 1)(53 3)(54 2)(55 8)(56 8)(57 5)(58 12)(59 13)(60 10)(61 6)(62 8)(63 4)(64 4)(65 12)(66 8)(67 6)(68 3)(69 5)(70 5)(71 2)(72 4)(73 3)(74 2)(77 1)(79 1)(80 1)(81 1)(83 2)(85 1)(86 2)(88 2)(89 1)(90 1)(91 2)(93 1)(96 2)(97 1)(98 2)(101 1)(102 3)(104 2)(106 1)(112 1)(113 1)(115 1)(117 1)(119 1)(121 1)(129 1)(160 1)
---area label--- : 2
area size : 394
mean x : 129.41
mean y : 189.02
mean E_x^2 : 138.22
mean E_y^2 : 29.15
mean E_xy^2 : 51.45
theta : 0.78
average greyscal : 75.98
average RGB [86.90,69.20,72.81]
(0 5)(2 2)(3 2)(4 3)(5 4)(6 3)(7 2)(8 4)(9 3)(10 3)(11 2)(12 1)(13 5)(14 1)(15 2)(16 1)(17 2)(20 2)(21 4)(22 2)(23 1)(24 3)(25 4)(26 2)(27 3)(28 1)(29 2)(30 3)(31 2)(32 2)(33 3)(34 2)(35 2)(36 2)(37 5)(38 7)(39 2)(40 1)(41 5)(42 5)(43 3)(44 5)(45 1)(46 5)(47 6)(48 3)(49 5)(50 5)(51 4)(52 5)(53 3)(54 2)(55 2)(56 6)(57 1)(58 3)(59 1)(60 1)(61 2)(62 2)(63 2)(64 3)(65 2)(66 3)(67 5)(68 5)(69 4)(70 6)(71 4)(72 2)(73 7)(74 9)(75 2)(76 3)(77 8)(78 1)(79 4)(80 4)(81 3)(82 5)(83 1)(84 3)(85 1)(86 2)(87 1)(88 3)(89 2)(90 4)(91 4)(92 1)(93 1)(96 2)(97 1)(98 1)(99 1)(101 2)(102 1)(104 1)(105 5)(106 2)(107 3)(108 1)(110 3)(111 1)(112 1)(113 1)(115 4)(116 3)(117 1)(118 1)(119 1)(120 2)(121 1)(122 5)(123 2)(124 1)(125 2)(126 1)(129 2)(130 2)(131 6)(132 2)(133 3)(135 2)(136 1)(140 2)(141 1)(144 1)(145 1)(146 1)(150 1)(151 3)(152 1)(153 1)(154 1)(155 1)(159 1)(160 1)(163 1)(168 1)(171 1)(172 2)(173 1)(179 1)(181 1)(183 1)(185 1)(186 1)(189 1)(190 1)(192 1)(193 1)(195 1)(196 2)(198 2)(199 1)(201 1)(202 1)(203 1)(207 1)(208 1)(209 1)(214 1)(231 1)(235 1)
