NUMBER OF AREAS : 2
---area label--- : 1
area size : 229
mean x : 145.45
mean y : 161.34
mean E_x^2 : 17.71
mean E_y^2 : 23.89
mean E_xy^2 : -5.56
theta : -0.78
average greyscal : 63.58
average RGB [65.38,61.18,65.02]
(5 1)(6 1)(10 1)(18 1)(21 1)(30 2)(31 1)(32 1)(35 1)(36 1)(37 1)(38 2)(39 3)(40 4)(41 3)(42 1)(43 4)(44 2)(45 5)(46 3)(47 5)(48 3)(49 6)(50 3)(51 4)(52 1)(53 2)(54 7)(55 2)(56 3)(57 4)(58 4)(59 6)(60 2)(61 7)(62 3)(63 11)(64 7)(65 8)(66 12)(67 9)(68 9)(69 6)(70 1)(71 5)(72 6)(73 6)(74 6)(75 2)(76 5)(79 3)(80 1)(81 4)(82 2)(83 1)(87 1)(90 1)(91 1)(92 2)(93 1)(96 2)(97 2)(98 2)(100 1)(102 1)(103 2)(105 1)(115 1)(116 1)(117 1)(122 1)(124 1)(131 1)(135 1)
---area label--- : 2
area size : 477
mean x : 119.74
mean y : 177.71
mean E_x^2 : 138.71
mean E_y^2 : 38.35
mean E_xy^2 : 58.77
theta : 0.78
average greyscal : 60.41
average RGB [65.96,54.25,62.01]
(0 7)(3 1)(4 4)(5 2)(6 3)(7 2)(8 2)(9 3)(10 2)(11 3)(12 4)(13 1)(14 3)(15 2)(17 2)(18 4)(19 2)(20 3)(21 2)(22 4)(23 2)(24 3)(25 4)(26 6)(27 3)(28 3)(29 4)(30 5)(31 4)(32 9)(33 3)(34 5)(35 10)(36 5)(37 13)(38 11)(39 11)(40 6)(41 13)(42 7)(43 3)(44 11)(45 9)(46 14)(47 13)(48 9)(49 8)(50 6)(51 4)(52 4)(53 3)(54 3)(55 3)(56 4)(57 8)(58 3)(59 1)(60 6)(61 6)(62 2)(63 3)(64 1)(65 5)(66 4)(67 5)(68 5)(69 4)(70 10)(71 3)(72 6)(73 3)(74 5)(75 2)(76 2)(77 5)(78 3)(79 3)(80 1)(81 2)(83 4)(84 2)(85 2)(86 1)(87 2)(88 2)(89 2)(90 1)(92 5)(94 1)(96 2)(97 2)(98 4)(100 1)(101 1)(102 1)(103 2)(105 1)(106 3)(107 3)(108 1)(110 1)(111 2)(112 1)(113 1)(114 2)(116 3)(117 1)(118 1)(119 2)(121 2)(122 1)(123 1)(124 1)(126 2)(128 1)(130 1)(131 2)(132 2)(134 1)(135 2)(136 1)(137 1)(138 1)(141 1)(142 1)(148 1)(149 1)(153 2)(154 1)(155 3)(160 1)(164 1)(168 1)(174 1)(176 1)(184 1)(185 1)(187 1)(189 2)(190 1)(191 2)(195 1)(200 1)(214 1)
