NUMBER OF AREAS : 2
---area label--- : 1
area size : 135
mean x : 80.20
mean y : 99.42
mean E_x^2 : 44.07
mean E_y^2 : 23.37
mean E_xy^2 : 28.65
theta : 0.78
average greyscal : 34.98
average RGB [38.44,31.93,35.56]
(0 1)(2 1)(3 1)(4 1)(7 2)(9 2)(10 3)(11 1)(12 2)(15 3)(16 3)(17 3)(18 3)(19 3)(20 1)(21 3)(22 5)(23 4)(24 2)(25 7)(26 3)(27 4)(28 5)(29 7)(30 4)(32 5)(33 4)(34 2)(35 1)(36 2)(37 1)(38 1)(40 2)(41 1)(44 5)(45 2)(46 1)(47 1)(50 2)(51 4)(52 1)(53 1)(54 1)(55 1)(56 2)(57 1)(58 1)(59 1)(61 2)(62 1)(63 1)(64 1)(65 2)(69 1)(70 1)(76 1)(78 2)(79 1)(80 1)(81 1)(83 1)(93 1)(106 1)
---area label--- : 2
area size : 927
mean x : 213.42
mean y : 197.24
mean E_x^2 : 158.94
mean E_y^2 : 82.35
mean E_xy^2 : 57.48
theta : 0.78
average greyscal : 50.56
average RGB [41.03,50.67,60.97]
(0 2)(1 2)(2 3)(3 1)(4 3)(5 2)(6 3)(7 3)(8 1)(9 3)(10 2)(11 3)(12 5)(13 2)(14 3)(15 2)(16 7)(17 8)(18 8)(19 7)(20 16)(21 11)(22 9)(23 13)(24 10)(25 13)(26 18)(27 18)(28 16)(29 22)(30 28)(31 24)(32 18)(33 25)(34 6)(35 13)(36 14)(37 15)(38 5)(39 15)(40 11)(41 13)(42 20)(43 4)(44 13)(45 11)(46 10)(47 11)(48 12)(49 11)(50 9)(51 16)(52 17)(53 18)(54 24)(55 16)(56 17)(57 21)(58 9)(59 13)(60 17)(61 20)(62 15)(63 8)(64 10)(65 9)(66 9)(67 11)(68 6)(69 10)(70 7)(71 11)(72 6)(73 2)(74 2)(75 3)(76 7)(77 2)(78 7)(79 3)(80 3)(81 2)(82 3)(83 2)(84 6)(85 3)(86 4)(87 1)(89 1)(90 6)(91 2)(92 1)(93 1)(94 2)(95 2)(96 5)(97 3)(98 1)(99 3)(101 3)(102 1)(104 3)(106 2)(107 2)(109 4)(110 1)(111 1)(112 1)(113 2)(114 1)(117 2)(118 2)(119 1)(120 1)(122 1)(126 1)(128 1)(130 1)(134 1)(135 1)(137 1)(139 1)(140 1)(141 1)(149 1)(152 1)(153 1)(154 1)(155 1)(156 1)(157 1)(158 1)(160 1)(167 2)(169 1)(170 1)(174 1)(182 2)(184 1)(190 1)(194 1)
