NUMBER OF AREAS : 2
---area label--- : 1
area size : 470
mean x : 205.65
mean y : 239.19
mean E_x^2 : 167.37
mean E_y^2 : 15.47
mean E_xy^2 : 2.34
theta : 0.77
average greyscal : 50.31
average RGB [46.64,47.51,57.80]
(1 2)(2 1)(3 1)(7 1)(8 1)(10 1)(11 4)(14 2)(15 2)(17 2)(18 1)(19 5)(20 2)(21 1)(22 5)(23 6)(24 8)(25 10)(26 10)(27 6)(28 8)(29 11)(30 16)(31 21)(32 12)(33 18)(34 11)(35 6)(36 5)(37 6)(38 6)(39 9)(40 5)(41 5)(42 5)(43 6)(44 3)(45 4)(46 2)(47 3)(48 4)(49 4)(50 4)(51 4)(52 6)(53 7)(54 11)(55 8)(56 9)(57 4)(58 3)(59 6)(60 7)(61 4)(62 9)(63 7)(64 5)(65 6)(66 8)(67 6)(68 15)(69 7)(70 6)(71 5)(72 8)(73 5)(74 5)(75 1)(76 6)(77 6)(78 6)(79 4)(80 5)(81 4)(82 2)(83 2)(84 3)(85 1)(86 1)(87 1)(88 1)(89 2)(90 1)(91 1)(92 1)(94 1)(100 1)(102 1)(104 2)(108 1)(111 1)(116 2)(118 1)(130 1)(143 1)(159 1)(164 1)(171 1)(176 1)
---area label--- : 2
area size : 23
mean x : 178.17
mean y : 242.74
mean E_x^2 : 4.14
mean E_y^2 : 1.06
mean E_xy^2 : 0.87
theta : 0.62
average greyscal : 63.70
average RGB [69.04,57.96,64.96]
(32 1)(44 2)(46 1)(48 1)(50 3)(53 1)(54 1)(55 1)(56 1)(57 3)(60 1)(64 1)(65 1)(82 1)(85 1)(87 1)(130 1)(139 1)
