NUMBER OF AREAS : 2
---area label--- : 1
area size : 35
mean x : 83.09
mean y : 87.91
mean E_x^2 : 5.16
mean E_y^2 : 4.71
mean E_xy^2 : 4.01
theta : 0.78
average greyscal : 28.26
average RGB [24.91,30.20,30.57]
(0 1)(2 1)(4 1)(5 2)(10 1)(13 1)(15 2)(18 2)(19 1)(21 1)(23 2)(24 1)(25 1)(27 1)(29 2)(30 2)(31 2)(32 3)(34 1)(40 1)(46 1)(58 1)(60 1)(65 1)(69 1)(74 1)
---area label--- : 2
area size : 555
mean x : 167.06
mean y : 121.79
mean E_x^2 : 102.28
mean E_y^2 : 73.24
mean E_xy^2 : 65.65
theta : 0.78
average greyscal : 52.22
average RGB [46.50,50.39,60.73]
(1 1)(2 3)(3 2)(4 2)(5 1)(7 2)(8 5)(9 2)(10 4)(11 5)(12 7)(13 5)(14 4)(15 3)(16 3)(17 6)(18 4)(19 3)(20 5)(21 4)(22 8)(23 2)(24 3)(25 8)(26 10)(27 10)(28 7)(29 9)(30 12)(31 8)(32 10)(33 14)(34 8)(35 13)(36 7)(37 11)(38 7)(39 10)(40 2)(41 9)(43 5)(44 9)(45 4)(46 11)(47 1)(48 9)(49 3)(50 7)(51 9)(52 11)(53 5)(54 6)(55 5)(56 7)(57 9)(58 10)(59 3)(60 11)(61 7)(62 8)(63 10)(64 4)(65 7)(66 10)(67 9)(68 2)(69 6)(70 4)(71 6)(72 6)(73 1)(74 4)(75 4)(76 3)(77 5)(78 4)(79 4)(80 6)(82 3)(83 3)(84 2)(85 4)(86 4)(87 4)(88 3)(89 2)(91 7)(94 4)(96 1)(97 1)(98 3)(100 1)(101 3)(102 1)(103 3)(106 1)(108 1)(110 3)(116 3)(118 1)(120 2)(122 1)(125 1)(127 2)(130 1)(131 3)(133 1)(134 1)(135 1)(136 1)(141 1)(144 1)(148 1)(151 1)(152 1)(153 2)(154 1)(161 1)
