NUMBER OF AREAS : 3
---area label--- : 1
area size : 35
mean x : 81.97
mean y : 86.20
mean E_x^2 : 8.60
mean E_y^2 : 3.76
mean E_xy^2 : 4.81
theta : 0.75
average greyscal : 25.14
average RGB [24.71,23.69,28.26]
(3 1)(8 1)(10 2)(11 2)(12 1)(13 2)(14 2)(15 1)(17 1)(18 1)(19 3)(21 1)(22 1)(24 3)(25 2)(31 1)(34 1)(36 1)(39 2)(43 1)(45 1)(52 1)(56 1)(57 2)
---area label--- : 2
area size : 611
mean x : 162.71
mean y : 115.91
mean E_x^2 : 111.31
mean E_y^2 : 67.09
mean E_xy^2 : 63.20
theta : 0.78
average greyscal : 50.53
average RGB [42.22,49.95,60.35]
(0 1)(1 2)(2 1)(3 3)(4 1)(5 4)(6 4)(7 1)(8 2)(10 3)(11 4)(12 3)(13 4)(14 6)(15 3)(16 5)(17 4)(18 3)(19 7)(20 9)(21 9)(22 2)(23 10)(24 16)(25 13)(26 6)(27 12)(28 7)(29 3)(30 14)(31 13)(32 10)(33 17)(34 14)(35 9)(36 9)(37 11)(38 10)(39 6)(40 7)(41 10)(42 9)(43 5)(44 7)(45 7)(46 8)(47 8)(48 6)(49 12)(50 8)(51 8)(52 8)(53 4)(54 7)(55 8)(56 4)(57 7)(58 7)(59 4)(60 7)(61 12)(62 8)(63 4)(64 11)(65 10)(66 6)(67 9)(68 8)(69 4)(70 7)(71 4)(72 10)(73 4)(74 9)(75 7)(76 2)(77 3)(78 2)(79 5)(80 6)(82 3)(83 1)(84 3)(85 2)(86 2)(87 3)(88 2)(92 2)(93 2)(97 1)(98 3)(99 2)(100 2)(101 2)(102 1)(103 1)(104 1)(105 1)(106 1)(107 1)(108 1)(112 1)(114 1)(115 1)(116 1)(117 1)(118 1)(120 1)(127 1)(128 1)(130 1)(132 1)(135 2)(136 2)(139 1)(141 1)(142 2)(143 2)(145 1)(146 1)(147 1)(148 1)(151 2)(155 1)(156 1)(160 1)(163 1)
---area label--- : 3
area size : 5
mean x : 179.00
mean y : 109.00
mean E_x^2 : 0.40
mean E_y^2 : 0.80
mean E_xy^2 : 0.40
theta : -0.51
average greyscal : 82.00
average RGB [85.00,81.60,80.60]
(74 1)(75 1)(79 1)(83 1)(99 1)
