NUMBER OF AREAS : 1
---area label--- : 1
area size : 541
mean x : 128.81
mean y : 155.94
mean E_x^2 : 305.75
mean E_y^2 : 36.43
mean E_xy^2 : 80.68
theta : 0.78
average greyscal : 57.86
average RGB [64.33,54.29,55.95]
(0 3)(1 6)(2 1)(3 5)(4 3)(5 5)(6 4)(7 5)(8 3)(9 1)(10 5)(11 5)(12 2)(14 3)(15 1)(16 3)(17 1)(18 2)(19 4)(20 1)(21 5)(22 4)(23 4)(24 5)(25 3)(26 6)(27 6)(28 8)(29 7)(30 7)(31 11)(32 8)(33 5)(34 10)(35 5)(36 6)(37 3)(38 6)(39 7)(40 7)(41 5)(42 2)(43 8)(44 3)(45 8)(46 7)(47 1)(48 4)(49 4)(50 12)(51 3)(52 6)(53 6)(54 7)(55 3)(56 3)(57 6)(58 11)(59 9)(60 3)(61 3)(62 9)(63 5)(64 17)(65 9)(66 12)(67 7)(68 7)(69 8)(70 14)(71 7)(72 7)(73 7)(74 4)(75 1)(76 2)(77 2)(78 3)(79 3)(80 3)(81 2)(82 9)(83 1)(84 4)(85 2)(86 1)(88 4)(89 2)(90 3)(91 2)(92 1)(93 3)(94 4)(95 1)(97 2)(98 1)(99 4)(100 4)(101 4)(102 4)(103 3)(104 2)(106 3)(107 2)(108 1)(109 2)(110 2)(111 2)(114 1)(115 1)(116 2)(117 2)(118 1)(119 3)(120 2)(123 3)(125 2)(126 1)(127 1)(128 1)(131 2)(135 1)(138 1)(142 1)(145 2)(147 1)(148 1)(151 1)(152 3)(153 1)(155 1)(157 1)(159 1)(179 1)(184 1)
