NUMBER OF AREAS : 3
---area label--- : 1
area size : 117
mean x : 82.91
mean y : 92.45
mean E_x^2 : 28.52
mean E_y^2 : 13.82
mean E_xy^2 : 17.03
theta : 0.78
average greyscal : 35.02
average RGB [39.74,30.62,35.75]
(1 2)(2 2)(4 1)(5 1)(6 1)(8 1)(9 2)(12 1)(13 2)(14 2)(15 2)(16 1)(17 3)(20 3)(22 2)(23 1)(24 1)(25 2)(26 4)(27 5)(28 3)(29 3)(30 4)(31 4)(32 4)(33 7)(34 3)(36 4)(37 3)(38 1)(39 1)(40 3)(41 1)(42 1)(43 2)(44 5)(45 6)(46 1)(47 4)(50 1)(51 2)(52 3)(53 2)(61 1)(62 1)(63 1)(69 1)(70 1)(80 2)(96 1)(99 1)(132 1)
---area label--- : 2
area size : 221
mean x : 145.77
mean y : 161.25
mean E_x^2 : 15.20
mean E_y^2 : 24.35
mean E_xy^2 : -4.87
theta : -0.78
average greyscal : 63.83
average RGB [66.68,60.75,64.90]
(3 1)(6 1)(19 1)(25 1)(28 1)(34 1)(35 1)(37 2)(38 1)(39 1)(40 3)(41 1)(42 4)(43 1)(45 2)(46 3)(47 8)(48 3)(49 8)(51 3)(52 3)(53 8)(54 7)(55 2)(56 2)(57 4)(58 8)(59 6)(60 5)(61 6)(62 8)(63 5)(64 8)(65 4)(66 7)(67 8)(68 5)(69 7)(70 8)(71 5)(72 9)(73 10)(74 1)(75 5)(76 5)(78 1)(79 1)(80 1)(81 1)(82 2)(83 2)(85 2)(87 2)(94 1)(95 1)(96 1)(99 1)(100 1)(101 2)(103 1)(109 1)(110 1)(113 2)(114 1)(116 2)(151 1)
---area label--- : 3
area size : 5
mean x : 89.00
mean y : 249.00
mean E_x^2 : 0.40
mean E_y^2 : 0.80
mean E_xy^2 : 0.40
theta : -0.51
average greyscal : 38.20
average RGB [53.20,21.20,40.60]
(19 1)(28 1)(36 1)(40 1)(68 1)
