NUMBER OF AREAS : 1
---area label--- : 1
area size : 496
mean x : 175.14
mean y : 177.67
mean E_x^2 : 196.74
mean E_y^2 : 44.41
mean E_xy^2 : 66.00
theta : 0.78
average greyscal : 48.99
average RGB [44.72,48.34,54.96]
(1 3)(3 1)(4 1)(5 2)(8 1)(9 2)(10 1)(11 3)(12 4)(13 3)(14 2)(15 2)(16 2)(17 5)(18 1)(19 3)(20 2)(21 6)(22 7)(23 8)(24 5)(25 17)(26 12)(27 15)(28 11)(29 8)(30 9)(31 11)(32 13)(33 13)(34 10)(35 10)(36 7)(37 10)(38 10)(39 9)(40 10)(41 7)(42 4)(43 3)(44 3)(45 8)(46 11)(47 6)(48 5)(49 7)(50 1)(51 3)(52 6)(53 7)(54 5)(55 1)(56 4)(57 5)(58 7)(59 5)(60 5)(61 11)(62 5)(63 8)(64 5)(65 7)(66 7)(67 8)(68 3)(69 4)(70 4)(71 6)(72 2)(73 7)(74 4)(75 2)(76 4)(77 2)(78 3)(79 2)(81 4)(82 2)(83 4)(84 2)(85 3)(86 3)(88 2)(89 2)(91 3)(94 2)(95 1)(96 2)(97 1)(99 1)(102 1)(103 1)(105 4)(107 1)(108 2)(109 3)(110 1)(111 1)(115 1)(117 1)(118 1)(122 3)(124 1)(128 1)(133 1)(137 2)(138 1)(147 1)(152 1)
