NUMBER OF AREAS : 4
---area label--- : 1
area size : 12
mean x : 85.25
mean y : 73.92
mean E_x^2 : 1.52
mean E_y^2 : 1.74
mean E_xy^2 : 1.27
theta : -0.76
average greyscal : 23.00
average RGB [16.67,24.17,29.08]
(9 1)(11 2)(14 1)(18 1)(19 1)(25 1)(29 1)(30 2)(37 1)(43 1)
---area label--- : 2
area size : 8
mean x : 137.50
mean y : 83.50
mean E_x^2 : 0.75
mean E_y^2 : 1.25
mean E_xy^2 : 0.75
theta : -0.66
average greyscal : 70.00
average RGB [79.50,64.50,66.50]
(36 1)(37 1)(48 1)(59 1)(72 1)(100 2)(108 1)
---area label--- : 3
area size : 636
mean x : 156.26
mean y : 112.40
mean E_x^2 : 162.47
mean E_y^2 : 64.09
mean E_xy^2 : 84.47
theta : 0.78
average greyscal : 53.11
average RGB [45.64,51.25,63.44]
(0 2)(1 3)(2 1)(3 1)(4 3)(5 2)(8 3)(9 5)(10 2)(11 2)(12 1)(13 5)(14 4)(15 3)(16 3)(17 5)(18 4)(19 3)(20 4)(21 9)(22 1)(23 6)(24 9)(25 6)(26 17)(27 8)(28 10)(29 9)(30 16)(31 11)(32 18)(33 15)(34 15)(35 11)(36 9)(37 6)(38 8)(39 10)(40 10)(41 6)(42 11)(43 9)(44 8)(45 4)(46 8)(47 8)(48 4)(49 9)(50 6)(51 8)(52 8)(53 3)(54 9)(55 7)(56 10)(57 8)(58 7)(59 4)(60 6)(61 12)(62 11)(63 10)(64 14)(65 6)(66 9)(67 3)(68 6)(69 7)(70 5)(71 5)(72 2)(73 5)(74 2)(75 6)(76 10)(77 3)(78 1)(79 3)(80 8)(81 3)(82 2)(83 7)(84 5)(85 1)(86 4)(87 5)(88 4)(89 9)(90 3)(91 1)(92 4)(93 3)(94 3)(97 1)(98 2)(99 1)(100 1)(102 2)(103 3)(104 1)(105 1)(106 4)(107 1)(109 2)(110 3)(111 3)(112 1)(113 3)(114 1)(115 1)(118 1)(121 1)(122 1)(124 1)(127 1)(128 1)(129 2)(130 1)(131 2)(133 1)(137 1)(143 1)(150 1)(152 1)(164 1)(175 1)(178 1)(182 1)
---area label--- : 4
area size : 5
mean x : 122.00
mean y : 103.00
mean E_x^2 : 0.40
mean E_y^2 : 0.80
mean E_xy^2 : 0.40
theta : -0.51
average greyscal : 74.60
average RGB [85.40,68.60,70.80]
(33 1)(46 1)(86 1)(101 1)(107 1)
