NUMBER OF AREAS : 3
---area label--- : 1
area size : 64
mean x : 81.38
mean y : 80.94
mean E_x^2 : 5.48
mean E_y^2 : 8.34
mean E_xy^2 : 3.35
theta : -0.77
average greyscal : 38.66
average RGB [39.64,37.48,39.98]
(0 2)(3 1)(4 1)(5 1)(6 2)(8 2)(9 3)(10 1)(12 1)(13 2)(14 1)(15 4)(16 2)(17 2)(18 1)(19 3)(25 2)(26 2)(29 2)(31 1)(34 2)(37 1)(41 1)(44 1)(47 2)(48 1)(50 2)(53 1)(56 1)(57 2)(59 1)(71 1)(79 1)(87 1)(93 1)(96 1)(97 1)(98 2)(101 2)(104 1)(105 1)(109 1)
---area label--- : 2
area size : 5
mean x : 138.00
mean y : 84.00
mean E_x^2 : 0.40
mean E_y^2 : 0.80
mean E_xy^2 : 0.40
theta : -0.51
average greyscal : 59.20
average RGB [69.20,52.80,56.80]
(44 2)(60 1)(64 1)(84 1)
---area label--- : 3
area size : 631
mean x : 157.10
mean y : 111.99
mean E_x^2 : 151.69
mean E_y^2 : 67.25
mean E_xy^2 : 84.12
theta : 0.78
average greyscal : 52.15
average RGB [44.35,50.95,62.17]
(0 2)(1 1)(2 4)(4 3)(5 3)(7 1)(8 2)(9 2)(10 3)(11 3)(13 3)(14 5)(15 6)(16 2)(17 2)(18 8)(19 6)(20 1)(21 5)(22 5)(23 4)(24 3)(25 15)(26 7)(27 8)(28 9)(29 9)(30 11)(31 17)(32 18)(33 14)(34 12)(35 13)(36 12)(37 11)(38 8)(39 10)(40 11)(41 6)(42 9)(43 12)(44 4)(45 7)(46 4)(47 12)(48 10)(49 9)(50 5)(51 7)(52 8)(53 9)(54 8)(55 8)(56 8)(57 11)(58 5)(59 5)(60 14)(61 12)(62 6)(63 8)(64 4)(65 5)(66 9)(67 10)(68 5)(69 5)(70 10)(71 5)(72 3)(73 6)(74 6)(75 4)(76 4)(77 1)(78 7)(79 4)(80 4)(81 6)(82 2)(83 4)(84 2)(85 6)(86 4)(87 2)(88 1)(89 4)(90 6)(91 4)(92 2)(93 2)(94 3)(95 1)(96 4)(97 1)(98 2)(101 1)(102 2)(104 3)(105 2)(109 1)(111 1)(112 1)(113 2)(114 3)(116 1)(117 1)(120 2)(121 1)(124 2)(125 2)(126 2)(131 1)(137 2)(140 2)(142 1)(151 1)(162 1)(167 1)(172 1)
