NUMBER OF AREAS : 2
---area label--- : 1
area size : 224
mean x : 145.75
mean y : 161.25
mean E_x^2 : 15.58
mean E_y^2 : 24.07
mean E_xy^2 : -4.90
theta : -0.78
average greyscal : 64.35
average RGB [66.47,62.27,65.23]
(5 1)(23 2)(28 1)(29 1)(31 1)(34 1)(35 1)(36 2)(39 1)(40 1)(41 1)(42 2)(43 2)(44 2)(45 2)(46 1)(47 3)(48 3)(49 3)(50 3)(51 7)(52 6)(53 6)(54 4)(55 3)(56 7)(57 5)(58 6)(59 5)(60 5)(61 6)(62 5)(63 5)(64 13)(65 17)(66 16)(67 6)(68 5)(69 6)(70 7)(71 3)(72 7)(73 3)(74 2)(75 3)(76 2)(80 1)(81 1)(83 2)(84 2)(86 2)(91 1)(94 1)(95 3)(97 2)(100 2)(101 1)(102 1)(103 2)(105 1)(106 2)(108 1)(109 1)(111 1)(120 1)(126 1)(129 1)
---area label--- : 2
area size : 346
mean x : 114.95
mean y : 160.53
mean E_x^2 : 125.42
mean E_y^2 : 19.27
mean E_xy^2 : 29.19
theta : 0.77
average greyscal : 55.51
average RGB [62.38,51.01,54.14]
(0 3)(1 1)(2 1)(3 3)(4 5)(5 8)(6 3)(8 1)(9 4)(10 2)(11 4)(12 3)(13 6)(15 3)(16 5)(17 3)(19 1)(20 4)(21 3)(22 3)(23 3)(24 5)(25 4)(26 9)(27 2)(28 6)(29 7)(30 4)(31 10)(32 9)(33 9)(34 7)(35 5)(36 7)(37 8)(38 5)(39 4)(40 11)(41 4)(42 2)(43 3)(45 2)(46 4)(47 5)(48 4)(49 1)(50 1)(51 2)(52 1)(54 1)(55 1)(56 1)(57 1)(58 3)(59 4)(60 3)(61 1)(62 3)(63 1)(64 2)(65 1)(66 2)(67 4)(68 1)(69 3)(70 1)(72 1)(73 1)(74 1)(75 1)(76 1)(77 2)(78 1)(79 1)(80 1)(81 2)(82 1)(83 3)(84 1)(85 1)(86 3)(87 3)(88 3)(89 1)(90 2)(91 1)(92 1)(93 1)(94 1)(95 1)(96 1)(98 3)(99 1)(100 4)(101 1)(102 3)(103 3)(104 3)(105 3)(108 1)(109 1)(111 3)(112 2)(113 1)(114 1)(117 3)(118 1)(119 4)(120 2)(122 2)(124 1)(125 1)(129 1)(130 4)(134 1)(136 1)(138 1)(141 1)(152 1)(155 1)(156 1)(157 1)(159 2)(161 1)(164 1)(165 1)(169 1)(173 1)(183 1)(185 1)(202 1)
