NUMBER OF AREAS : 1
---area label--- : 1
area size : 477
mean x : 113.79
mean y : 138.18
mean E_x^2 : 104.31
mean E_y^2 : 27.21
mean E_xy^2 : 33.23
theta : 0.78
average greyscal : 60.39
average RGB [67.88,55.38,58.81]
(0 2)(2 4)(3 2)(4 3)(5 1)(6 4)(7 4)(8 1)(10 2)(12 5)(13 1)(14 4)(15 2)(16 1)(17 4)(18 6)(19 2)(20 1)(21 1)(23 1)(24 2)(25 5)(26 8)(27 3)(28 7)(29 4)(30 6)(31 7)(32 6)(33 5)(34 10)(35 4)(36 1)(37 4)(38 3)(39 7)(40 11)(41 3)(42 7)(43 8)(44 7)(45 4)(46 9)(47 10)(48 11)(49 12)(51 3)(52 6)(53 5)(54 2)(55 8)(56 4)(57 2)(58 3)(59 2)(60 3)(61 4)(62 5)(63 3)(64 2)(65 7)(66 5)(67 5)(68 7)(69 11)(70 3)(71 7)(72 6)(73 9)(74 12)(75 9)(76 10)(77 6)(78 4)(79 5)(80 2)(81 8)(82 5)(83 4)(84 1)(85 5)(86 2)(88 1)(89 1)(90 1)(91 1)(92 2)(93 2)(94 2)(95 1)(96 2)(97 3)(99 2)(100 3)(101 3)(102 1)(104 4)(105 1)(106 3)(107 2)(108 1)(109 1)(111 1)(112 2)(113 2)(114 1)(115 1)(116 1)(118 1)(121 1)(122 1)(123 1)(124 3)(125 2)(126 1)(131 2)(132 1)(133 1)(134 1)(138 2)(139 1)(143 1)(146 1)(147 3)(149 1)(155 2)(166 1)(168 1)(175 1)(180 1)(186 1)(198 1)
