NUMBER OF AREAS : 2
---area label--- : 1
area size : 191
mean x : 88.20
mean y : 120.05
mean E_x^2 : 33.69
mean E_y^2 : 17.99
mean E_xy^2 : 18.07
theta : 0.78
average greyscal : 46.57
average RGB [51.84,41.50,47.23]
(0 2)(1 1)(2 1)(3 1)(4 5)(5 2)(6 2)(7 1)(8 1)(9 5)(10 2)(11 3)(12 2)(13 5)(15 3)(17 2)(18 2)(19 2)(20 1)(21 6)(22 2)(23 1)(24 1)(25 2)(26 1)(27 5)(28 3)(29 5)(30 3)(31 3)(32 3)(33 6)(34 7)(35 4)(36 2)(37 1)(38 4)(39 6)(40 2)(41 1)(42 3)(43 1)(44 1)(45 4)(46 6)(47 3)(48 1)(49 1)(50 3)(51 4)(52 2)(53 1)(54 2)(55 2)(56 1)(57 1)(59 1)(60 1)(62 1)(65 2)(67 1)(75 1)(76 1)(77 1)(79 2)(82 1)(83 1)(84 2)(85 1)(89 1)(91 1)(92 1)(96 1)(97 1)(98 1)(99 1)(101 1)(102 3)(108 2)(109 1)(112 2)(115 1)(127 1)(129 1)(146 1)(147 1)(148 1)(153 2)(160 1)(169 1)(171 1)(177 1)
---area label--- : 2
area size : 223
mean x : 145.75
mean y : 161.29
mean E_x^2 : 15.65
mean E_y^2 : 23.79
mean E_xy^2 : -4.95
theta : -0.78
average greyscal : 63.15
average RGB [66.02,61.49,62.84]
(4 1)(7 1)(19 1)(23 1)(28 1)(29 1)(30 2)(31 2)(33 1)(35 1)(38 1)(39 1)(41 2)(42 5)(43 2)(44 3)(45 2)(46 3)(47 5)(48 2)(49 4)(50 5)(51 5)(52 6)(53 4)(54 3)(55 4)(56 3)(57 4)(58 7)(59 6)(60 12)(61 5)(62 8)(63 5)(64 3)(65 9)(66 8)(67 7)(68 9)(69 9)(70 7)(71 10)(72 6)(73 3)(74 1)(75 1)(76 2)(78 1)(80 2)(81 1)(83 2)(87 1)(90 1)(91 2)(93 1)(95 1)(97 2)(98 1)(99 1)(100 2)(101 2)(106 1)(107 1)(108 1)(109 1)(114 2)(118 1)(134 1)(144 1)
