NUMBER OF AREAS : 2
---area label--- : 1
area size : 287
mean x : 89.47
mean y : 133.71
mean E_x^2 : 79.84
mean E_y^2 : 24.56
mean E_xy^2 : 37.15
theta : 0.78
average greyscal : 45.99
average RGB [53.36,40.60,44.95]
(0 4)(1 4)(2 2)(3 2)(4 5)(5 1)(6 1)(8 3)(9 2)(10 6)(11 3)(13 2)(15 2)(16 3)(17 4)(18 3)(19 1)(20 4)(21 3)(22 1)(23 3)(24 1)(25 3)(26 7)(27 6)(28 5)(29 5)(30 4)(31 5)(32 7)(33 8)(34 9)(35 8)(36 5)(37 7)(38 5)(39 5)(40 5)(41 4)(42 1)(43 3)(44 6)(45 3)(46 7)(47 4)(48 2)(49 3)(50 2)(51 4)(52 7)(53 4)(54 2)(55 4)(56 3)(57 1)(58 3)(59 2)(60 2)(61 3)(62 2)(63 1)(64 3)(65 1)(66 1)(67 1)(68 1)(69 1)(70 2)(71 1)(72 2)(74 2)(75 2)(76 2)(77 1)(78 2)(79 1)(82 2)(86 2)(87 2)(89 1)(90 1)(92 1)(93 1)(94 2)(95 1)(96 1)(97 1)(101 2)(102 2)(103 2)(106 1)(109 1)(112 1)(113 2)(117 1)(118 1)(122 1)(124 1)(126 1)(131 1)(148 1)(167 1)(169 1)(177 1)(178 1)
---area label--- : 2
area size : 223
mean x : 145.49
mean y : 161.28
mean E_x^2 : 15.08
mean E_y^2 : 24.77
mean E_xy^2 : -3.61
theta : -0.78
average greyscal : 63.54
average RGB [66.82,61.12,63.57]
(6 1)(8 1)(18 1)(25 1)(26 1)(27 1)(32 2)(34 2)(36 1)(37 3)(38 2)(39 1)(40 1)(41 2)(42 2)(43 2)(44 2)(45 5)(46 3)(47 6)(48 3)(49 1)(50 9)(51 1)(52 4)(53 3)(54 4)(55 5)(56 6)(57 3)(58 2)(59 2)(60 6)(61 3)(62 9)(63 6)(64 4)(65 17)(66 12)(67 6)(68 8)(69 14)(70 8)(71 5)(72 4)(73 3)(74 1)(75 3)(76 2)(77 1)(81 1)(84 1)(85 1)(86 2)(89 1)(90 1)(91 2)(92 1)(93 1)(96 1)(97 1)(99 1)(100 2)(102 1)(105 1)(106 2)(110 2)(112 1)(113 1)(115 1)(117 1)(145 1)(153 1)
