NUMBER OF AREAS : 3
---area label--- : 1
area size : 112
mean x : 82.32
mean y : 96.64
mean E_x^2 : 23.40
mean E_y^2 : 26.68
mean E_xy^2 : 20.57
theta : -0.78
average greyscal : 38.79
average RGB [42.56,33.96,40.83]
(2 1)(3 1)(5 1)(6 1)(10 1)(11 3)(12 1)(13 2)(14 2)(16 1)(17 4)(18 1)(19 1)(20 1)(22 3)(23 4)(24 4)(25 3)(26 1)(27 2)(28 2)(29 2)(30 4)(31 2)(32 3)(33 2)(35 4)(36 1)(37 2)(38 2)(39 3)(41 1)(42 1)(43 3)(44 4)(45 4)(46 2)(47 1)(49 1)(50 2)(51 1)(54 1)(55 3)(56 1)(57 3)(58 1)(60 1)(61 1)(62 3)(63 1)(64 1)(65 1)(67 1)(72 1)(76 1)(79 1)(83 2)(85 1)(97 1)(102 1)(114 1)
---area label--- : 2
area size : 830
mean x : 215.90
mean y : 201.72
mean E_x^2 : 204.68
mean E_y^2 : 49.73
mean E_xy^2 : 63.89
theta : 0.78
average greyscal : 55.63
average RGB [47.18,56.35,64.37]
(3 1)(4 1)(6 1)(7 1)(8 3)(9 3)(10 4)(11 3)(12 2)(13 3)(15 5)(16 3)(17 4)(18 7)(19 3)(20 3)(21 5)(22 6)(23 8)(24 15)(25 13)(26 23)(27 17)(28 9)(29 16)(30 17)(31 16)(32 21)(33 10)(34 11)(35 5)(36 9)(37 9)(38 7)(39 8)(40 6)(41 12)(42 6)(43 8)(44 6)(45 5)(46 9)(47 10)(48 7)(49 11)(50 10)(51 14)(52 12)(53 13)(54 19)(55 23)(56 18)(57 16)(58 9)(59 16)(60 13)(61 10)(62 18)(63 16)(64 9)(65 7)(66 8)(67 15)(68 8)(69 9)(70 10)(71 6)(72 6)(73 13)(74 7)(75 8)(76 10)(77 4)(79 7)(80 6)(81 6)(82 5)(83 6)(84 6)(85 3)(86 2)(87 2)(88 7)(89 10)(90 3)(91 1)(92 6)(93 7)(94 4)(95 6)(96 6)(98 3)(99 5)(100 2)(101 3)(102 4)(103 3)(104 4)(105 3)(106 1)(107 2)(108 2)(109 2)(110 1)(111 1)(112 1)(113 1)(114 1)(115 1)(116 1)(120 1)(122 3)(131 1)(132 1)(140 1)(143 1)(147 1)(148 1)(154 1)(179 1)(186 1)(189 1)(197 1)(251 1)
---area label--- : 3
area size : 15
mean x : 196.40
mean y : 211.87
mean E_x^2 : 0.91
mean E_y^2 : 1.72
mean E_xy^2 : 0.39
theta : -0.66
average greyscal : 120.33
average RGB [134.93,106.87,119.73]
(11 1)(43 1)(50 1)(73 1)(81 1)(91 1)(103 1)(123 1)(129 1)(139 1)(151 1)(167 1)(188 1)(201 1)
