NUMBER OF AREAS : 2
---area label--- : 1
area size : 601
mean x : 154.93
mean y : 128.72
mean E_x^2 : 112.48
mean E_y^2 : 50.87
mean E_xy^2 : 47.06
theta : 0.78
average greyscal : 49.86
average RGB [42.89,48.36,59.44]
(0 1)(1 1)(3 3)(5 1)(6 1)(7 2)(8 4)(9 3)(10 3)(11 5)(13 2)(14 4)(15 2)(16 2)(18 4)(19 2)(20 4)(21 1)(22 2)(23 5)(24 11)(25 8)(26 12)(27 8)(28 18)(29 9)(30 13)(31 16)(32 19)(33 19)(34 14)(35 14)(36 8)(37 9)(38 11)(39 13)(40 8)(41 7)(42 8)(43 10)(44 8)(45 4)(46 6)(47 11)(48 6)(49 9)(50 14)(51 4)(52 11)(53 8)(54 6)(55 11)(56 16)(57 5)(58 9)(59 6)(60 14)(61 11)(62 6)(63 4)(64 9)(65 9)(66 6)(67 4)(68 2)(69 5)(70 5)(71 5)(72 5)(73 4)(74 4)(75 2)(76 6)(77 2)(78 2)(79 3)(80 2)(81 3)(82 1)(84 3)(86 4)(87 2)(88 6)(89 4)(91 2)(92 1)(93 1)(94 3)(95 4)(97 2)(98 1)(100 1)(102 2)(103 6)(104 3)(105 1)(106 3)(107 1)(109 2)(113 1)(119 1)(120 1)(121 1)(123 1)(125 1)(127 2)(131 1)(132 1)(136 1)(159 1)(173 1)(175 1)
---area label--- : 2
area size : 11
mean x : 167.36
mean y : 116.36
mean E_x^2 : 0.78
mean E_y^2 : 1.14
mean E_xy^2 : 0.32
theta : -0.68
average greyscal : 79.55
average RGB [91.82,71.73,76.09]
(62 1)(64 1)(67 1)(68 1)(73 1)(79 1)(89 1)(90 1)(91 2)(101 1)
