NUMBER OF AREAS : 1
---area label--- : 1
area size : 442
mean x : 112.56
mean y : 135.82
mean E_x^2 : 89.18
mean E_y^2 : 29.24
mean E_xy^2 : 32.47
theta : 0.78
average greyscal : 61.56
average RGB [68.17,57.75,59.78]
(0 2)(3 1)(4 4)(5 4)(6 4)(7 2)(8 1)(9 1)(10 1)(12 1)(13 1)(14 1)(15 4)(16 1)(17 2)(18 2)(19 3)(20 2)(21 3)(22 4)(23 5)(24 5)(25 4)(26 6)(27 5)(28 3)(29 3)(30 3)(31 4)(32 4)(33 2)(34 4)(35 4)(36 4)(37 8)(38 4)(39 3)(40 4)(41 6)(42 1)(43 4)(44 3)(45 4)(46 6)(47 11)(48 8)(49 7)(50 8)(51 3)(52 5)(53 13)(54 12)(55 7)(56 5)(57 5)(58 1)(59 4)(60 2)(61 2)(62 2)(63 6)(64 8)(65 5)(66 6)(67 6)(68 12)(69 5)(70 10)(71 10)(72 9)(73 8)(74 5)(75 4)(76 5)(77 4)(78 3)(79 3)(81 3)(82 1)(83 1)(84 3)(85 2)(87 2)(88 1)(89 2)(91 1)(92 2)(93 1)(94 2)(95 1)(97 2)(98 2)(101 4)(102 1)(103 1)(104 4)(105 4)(106 2)(108 1)(109 4)(110 1)(111 3)(112 2)(114 2)(115 4)(117 1)(118 6)(119 2)(120 2)(121 1)(122 4)(123 1)(124 1)(125 1)(127 1)(128 1)(129 1)(130 1)(131 1)(134 2)(136 1)(139 1)(143 1)(148 1)(150 1)(153 1)(155 1)(166 1)(179 1)(193 1)
