NUMBER OF AREAS : 1
---area label--- : 1
area size : 683
mean x : 192.99
mean y : 149.11
mean E_x^2 : 119.71
mean E_y^2 : 48.21
mean E_xy^2 : 32.07
theta : 0.78
average greyscal : 50.80
average RGB [42.71,50.65,60.03]
(3 2)(4 1)(5 1)(7 2)(8 1)(9 1)(10 2)(12 3)(13 4)(14 4)(15 2)(16 5)(17 3)(18 4)(19 6)(20 7)(21 5)(22 4)(23 14)(24 14)(25 12)(26 18)(27 18)(28 9)(29 11)(30 12)(31 19)(32 9)(33 13)(34 14)(35 11)(36 6)(37 6)(38 11)(39 14)(40 10)(41 14)(42 8)(43 12)(44 9)(45 14)(46 15)(47 9)(48 19)(49 12)(50 12)(51 9)(52 11)(53 8)(54 6)(55 4)(56 7)(57 7)(58 6)(59 8)(60 7)(61 6)(62 5)(63 7)(64 6)(65 4)(66 2)(67 5)(68 4)(69 7)(70 6)(71 7)(72 7)(73 5)(74 5)(75 10)(76 7)(77 9)(79 3)(80 3)(81 6)(82 5)(83 4)(84 2)(85 4)(86 6)(87 1)(88 7)(89 4)(90 2)(91 4)(92 4)(93 5)(94 2)(95 3)(96 2)(97 2)(98 3)(99 1)(100 1)(101 4)(102 3)(103 1)(104 1)(105 2)(107 2)(109 3)(110 2)(113 1)(114 2)(115 1)(116 1)(117 1)(126 1)(128 1)(131 1)(132 2)(139 1)(145 1)(160 1)
