NUMBER OF AREAS : 1
---area label--- : 1
area size : 546
mean x : 171.88
mean y : 173.86
mean E_x^2 : 189.05
mean E_y^2 : 63.67
mean E_xy^2 : 66.30
theta : 0.78
average greyscal : 50.24
average RGB [45.45,49.02,57.24]
(0 2)(1 1)(3 1)(4 2)(5 1)(6 3)(8 1)(9 1)(10 2)(11 3)(12 1)(13 1)(14 1)(15 6)(16 7)(17 1)(18 6)(19 1)(20 2)(21 6)(22 7)(23 4)(24 7)(25 9)(26 8)(27 8)(28 10)(29 5)(30 14)(31 16)(32 17)(33 15)(34 9)(35 8)(36 9)(37 7)(38 12)(39 17)(40 7)(41 13)(42 8)(43 4)(44 2)(45 8)(46 9)(47 7)(48 11)(49 3)(50 5)(51 4)(52 6)(53 5)(54 1)(55 7)(56 2)(57 7)(58 5)(59 11)(60 4)(61 8)(62 8)(63 10)(64 9)(65 5)(66 4)(67 5)(68 12)(69 7)(70 7)(71 7)(72 4)(73 4)(74 4)(75 3)(76 2)(77 2)(78 2)(79 2)(80 8)(81 2)(82 5)(83 7)(84 1)(85 4)(86 3)(87 2)(88 4)(89 5)(90 1)(91 1)(92 2)(93 2)(94 2)(95 2)(96 2)(97 2)(98 2)(99 7)(101 2)(103 2)(104 1)(105 1)(107 2)(109 1)(110 2)(111 1)(116 1)(122 1)(124 1)(144 1)(149 1)
