NUMBER OF AREAS : 3
---area label--- : 1
area size : 64
mean x : 85.45
mean y : 81.14
mean E_x^2 : 13.19
mean E_y^2 : 13.90
mean E_xy^2 : 11.94
theta : -0.78
average greyscal : 28.97
average RGB [31.16,23.42,33.34]
(4 2)(5 1)(8 3)(9 1)(10 1)(12 2)(14 4)(16 1)(17 2)(18 1)(19 1)(20 3)(21 2)(23 1)(24 1)(26 2)(28 5)(29 2)(30 3)(31 3)(32 2)(33 1)(34 3)(35 2)(36 1)(37 1)(39 2)(41 1)(45 1)(47 1)(48 1)(51 1)(53 1)(60 1)(66 1)(71 1)(73 1)(74 1)
---area label--- : 2
area size : 222
mean x : 145.80
mean y : 161.24
mean E_x^2 : 15.37
mean E_y^2 : 24.27
mean E_xy^2 : -4.92
theta : -0.78
average greyscal : 63.58
average RGB [67.27,60.73,63.42]
(4 1)(8 1)(10 1)(20 2)(33 2)(35 2)(36 1)(38 4)(39 1)(41 1)(42 3)(44 6)(45 5)(46 5)(47 6)(48 6)(49 2)(50 2)(51 3)(52 6)(53 3)(54 4)(55 6)(56 1)(57 2)(58 1)(59 3)(60 4)(61 7)(62 9)(63 8)(64 8)(65 9)(66 10)(67 8)(68 6)(69 5)(70 10)(71 4)(72 10)(73 6)(74 3)(75 3)(77 2)(78 2)(80 1)(81 1)(82 3)(83 1)(85 1)(88 1)(89 1)(91 2)(95 2)(98 1)(101 2)(102 3)(103 1)(111 1)(112 2)(114 2)(118 2)(155 1)
---area label--- : 3
area size : 5
mean x : 89.00
mean y : 249.00
mean E_x^2 : 0.40
mean E_y^2 : 0.80
mean E_xy^2 : 0.40
theta : -0.51
average greyscal : 37.20
average RGB [50.20,24.20,38.00]
(17 1)(23 1)(28 1)(44 1)(74 1)
