NUMBER OF AREAS : 4
---area label--- : 1
area size : 51
mean x : 81.55
mean y : 83.22
mean E_x^2 : 4.80
mean E_y^2 : 6.09
mean E_xy^2 : 2.23
theta : -0.77
average greyscal : 38.39
average RGB [41.98,32.88,41.27]
(3 2)(4 2)(5 1)(6 1)(9 1)(10 1)(11 2)(12 1)(14 1)(15 6)(16 1)(17 4)(19 1)(20 2)(21 1)(24 1)(25 2)(35 1)(43 1)(49 1)(53 2)(54 1)(56 2)(57 1)(59 1)(61 1)(62 1)(75 1)(91 1)(93 1)(96 1)(105 1)(109 1)(110 2)(111 1)
---area label--- : 2
area size : 8
mean x : 149.50
mean y : 86.00
mean E_x^2 : 0.75
mean E_y^2 : 2.25
mean E_xy^2 : 1.12
theta : -0.58
average greyscal : 86.62
average RGB [97.50,85.50,77.50]
(69 1)(76 1)(80 1)(82 1)(88 1)(90 1)(99 1)(109 1)
---area label--- : 3
area size : 613
mean x : 157.78
mean y : 112.25
mean E_x^2 : 135.26
mean E_y^2 : 64.13
mean E_xy^2 : 76.23
theta : 0.78
average greyscal : 51.04
average RGB [42.89,48.80,62.31]
(2 1)(5 4)(7 5)(8 1)(9 3)(10 1)(11 3)(12 3)(13 2)(14 1)(15 1)(16 2)(17 5)(18 8)(19 6)(20 3)(21 4)(22 2)(23 5)(24 4)(25 10)(26 5)(27 7)(28 16)(29 10)(30 10)(31 21)(32 7)(33 18)(34 17)(35 14)(36 14)(37 10)(38 7)(39 8)(40 8)(41 9)(42 9)(43 6)(44 7)(45 10)(46 8)(47 9)(48 7)(49 9)(50 5)(51 10)(52 7)(53 9)(54 6)(55 12)(56 12)(57 2)(58 8)(59 10)(60 14)(61 8)(62 13)(63 11)(64 9)(65 5)(66 6)(67 13)(68 7)(69 7)(70 5)(71 6)(72 6)(73 7)(74 1)(75 4)(76 7)(77 5)(78 3)(79 2)(80 5)(81 1)(82 6)(83 2)(84 2)(86 4)(87 3)(89 1)(90 2)(91 2)(92 5)(93 3)(95 2)(96 2)(97 1)(98 3)(99 3)(100 1)(102 3)(103 2)(105 1)(106 1)(108 1)(109 1)(110 2)(113 1)(114 1)(117 1)(120 1)(124 1)(128 1)(133 1)(134 1)(135 1)(137 2)(142 1)(147 1)(149 1)
---area label--- : 4
area size : 5
mean x : 133.00
mean y : 111.00
mean E_x^2 : 0.40
mean E_y^2 : 0.80
mean E_xy^2 : 0.40
theta : -0.51
average greyscal : 78.00
average RGB [85.60,76.80,71.80]
(49 1)(68 1)(79 1)(86 1)(108 1)
