NUMBER OF AREAS : 1
---area label--- : 1
area size : 216
mean x : 90.34
mean y : 105.29
mean E_x^2 : 37.93
mean E_y^2 : 43.27
mean E_xy^2 : 31.69
theta : -0.78
average greyscal : 52.28
average RGB [57.73,49.00,51.11]
(0 4)(1 1)(2 6)(3 1)(4 2)(5 3)(6 2)(7 3)(9 1)(10 2)(11 2)(12 1)(13 3)(14 2)(15 1)(16 1)(17 1)(19 3)(20 2)(21 5)(22 1)(23 1)(24 1)(25 2)(26 1)(27 2)(30 3)(31 1)(32 2)(33 1)(34 3)(35 3)(36 4)(38 2)(39 1)(40 4)(41 2)(42 2)(44 1)(45 3)(46 3)(47 1)(48 7)(49 2)(50 6)(51 3)(52 2)(54 4)(55 2)(56 5)(57 3)(58 9)(59 6)(60 7)(61 5)(62 2)(63 8)(64 5)(65 2)(66 5)(67 9)(68 1)(69 3)(70 1)(71 1)(72 1)(75 1)(79 1)(83 1)(85 1)(89 1)(90 1)(97 1)(102 1)(104 1)(105 1)(106 1)(108 1)(110 1)(111 1)(113 1)(139 1)(143 1)(146 1)(152 1)(155 1)(156 1)(160 1)(176 2)(177 1)(181 1)(182 1)
