NUMBER OF AREAS : 1
---area label--- : 1
area size : 647
mean x : 168.92
mean y : 170.49
mean E_x^2 : 179.85
mean E_y^2 : 74.76
mean E_xy^2 : 67.65
theta : 0.78
average greyscal : 55.95
average RGB [49.47,55.19,64.15]
(3 2)(4 1)(5 1)(6 1)(9 1)(10 2)(11 1)(14 3)(15 2)(16 5)(17 5)(18 6)(19 5)(20 3)(21 6)(22 4)(23 3)(24 7)(25 8)(26 7)(27 7)(28 4)(29 8)(30 10)(31 15)(32 10)(33 17)(34 12)(35 11)(36 8)(37 12)(38 21)(39 22)(40 10)(41 6)(42 9)(43 11)(44 11)(45 7)(46 8)(47 5)(48 8)(49 4)(50 3)(51 9)(52 6)(53 7)(54 7)(55 9)(56 8)(57 6)(58 7)(59 3)(60 9)(61 9)(62 5)(63 9)(64 8)(65 7)(66 6)(67 8)(68 11)(69 8)(70 3)(71 5)(72 5)(73 6)(74 9)(75 7)(76 11)(77 6)(78 5)(79 5)(80 7)(81 9)(82 7)(83 5)(84 10)(85 3)(86 8)(87 1)(88 6)(89 3)(90 6)(91 4)(92 2)(93 3)(94 3)(95 7)(96 5)(97 1)(99 1)(100 3)(101 2)(102 2)(104 1)(105 1)(106 2)(107 2)(108 2)(109 1)(110 2)(112 2)(113 1)(114 1)(116 2)(117 1)(120 1)(124 1)(126 2)(127 1)(128 1)(130 1)(133 1)(136 1)(138 1)(139 2)(140 1)(148 1)(152 1)
