NUMBER OF AREAS : 3
---area label--- : 1
area size : 109
mean x : 82.87
mean y : 91.09
mean E_x^2 : 24.08
mean E_y^2 : 10.54
mean E_xy^2 : 13.01
theta : 0.77
average greyscal : 32.57
average RGB [35.36,28.74,34.58]
(1 1)(2 2)(5 1)(9 2)(11 4)(12 3)(13 1)(14 3)(15 1)(18 2)(19 1)(21 2)(23 3)(24 3)(25 4)(26 5)(27 1)(28 2)(29 3)(30 2)(31 5)(32 9)(33 2)(34 3)(35 6)(36 1)(37 4)(38 1)(39 1)(40 3)(41 2)(42 1)(43 1)(44 3)(45 3)(46 1)(48 3)(49 2)(50 1)(51 1)(54 2)(56 1)(57 1)(58 1)(59 1)(60 1)(70 1)(82 1)(99 1)
---area label--- : 2
area size : 222
mean x : 145.80
mean y : 161.24
mean E_x^2 : 15.37
mean E_y^2 : 24.27
mean E_xy^2 : -4.92
theta : -0.78
average greyscal : 64.41
average RGB [68.12,60.05,65.93]
(4 1)(5 1)(19 1)(21 1)(32 2)(33 1)(35 1)(38 1)(40 1)(42 2)(43 2)(44 5)(45 1)(46 3)(47 3)(48 9)(49 7)(50 4)(51 3)(52 4)(53 1)(54 4)(55 2)(56 5)(57 4)(58 6)(59 4)(60 7)(61 9)(62 8)(63 5)(64 3)(65 9)(66 6)(67 9)(68 13)(69 6)(70 5)(71 4)(72 5)(73 3)(74 10)(75 6)(76 3)(77 3)(78 1)(79 2)(80 1)(81 1)(82 1)(83 1)(84 4)(88 2)(91 1)(96 1)(97 1)(98 1)(100 1)(102 1)(106 1)(108 1)(109 1)(110 1)(111 1)(112 1)(113 1)(115 1)(117 1)(145 1)
---area label--- : 3
area size : 5
mean x : 89.00
mean y : 249.00
mean E_x^2 : 0.40
mean E_y^2 : 0.80
mean E_xy^2 : 0.40
theta : -0.51
average greyscal : 35.00
average RGB [33.60,32.80,39.20]
(16 1)(24 1)(27 1)(39 1)(69 1)
