NUMBER OF AREAS : 2
---area label--- : 1
area size : 5
mean x : 86.00
mean y : 66.00
mean E_x^2 : 0.40
mean E_y^2 : 0.80
mean E_xy^2 : 0.40
theta : -0.51
average greyscal : 15.60
average RGB [19.40,13.20,14.20]
(10 1)(12 1)(14 1)(16 1)(26 1)
---area label--- : 2
area size : 606
mean x : 153.14
mean y : 126.02
mean E_x^2 : 136.61
mean E_y^2 : 63.70
mean E_xy^2 : 72.29
theta : 0.78
average greyscal : 47.10
average RGB [39.40,46.25,56.76]
(0 3)(1 3)(2 4)(3 3)(4 3)(5 2)(6 9)(7 2)(8 2)(9 2)(10 2)(11 2)(12 5)(13 4)(14 3)(15 3)(16 4)(17 1)(18 8)(19 6)(20 4)(21 1)(22 5)(23 1)(24 9)(25 6)(26 9)(27 13)(28 12)(29 7)(30 15)(31 18)(32 21)(33 13)(34 8)(35 17)(36 12)(37 9)(38 7)(39 4)(40 2)(41 8)(42 9)(43 7)(44 8)(45 7)(46 9)(47 12)(48 9)(49 15)(50 6)(51 8)(52 10)(53 6)(54 10)(55 7)(56 8)(57 14)(58 6)(59 6)(60 9)(61 7)(62 5)(63 15)(64 9)(65 3)(66 12)(67 8)(68 7)(69 7)(70 10)(71 4)(72 6)(73 1)(74 4)(75 5)(76 2)(78 1)(79 5)(80 4)(81 3)(82 2)(83 2)(84 1)(85 1)(86 2)(87 3)(88 4)(90 4)(91 1)(93 1)(94 1)(96 2)(97 2)(99 2)(100 2)(101 2)(102 3)(103 1)(104 1)(106 4)(107 2)(110 1)(111 1)(114 1)(131 1)(133 1)(151 1)(175 1)
