NUMBER OF AREAS : 3
---area label--- : 1
area size : 97
mean x : 85.49
mean y : 86.13
mean E_x^2 : 13.65
mean E_y^2 : 11.25
mean E_xy^2 : 8.50
theta : 0.78
average greyscal : 33.79
average RGB [35.98,29.97,36.69]
(0 1)(7 1)(8 1)(10 1)(11 3)(12 5)(13 1)(14 1)(15 6)(16 2)(17 1)(18 3)(19 5)(20 5)(21 2)(22 2)(23 4)(24 1)(25 2)(26 4)(27 1)(28 1)(30 3)(31 5)(32 3)(33 4)(34 1)(35 1)(37 2)(39 2)(41 1)(43 1)(44 1)(45 1)(46 1)(47 1)(50 2)(54 1)(55 1)(58 1)(63 1)(68 1)(72 1)(76 1)(78 1)(86 1)(89 1)(98 2)(109 1)(122 1)(148 1)
---area label--- : 2
area size : 221
mean x : 145.75
mean y : 161.29
mean E_x^2 : 15.35
mean E_y^2 : 23.97
mean E_xy^2 : -4.87
theta : -0.78
average greyscal : 63.45
average RGB [66.84,60.73,63.62]
(8 2)(17 1)(23 1)(25 1)(29 1)(32 1)(33 2)(36 1)(37 1)(38 1)(39 1)(40 2)(41 3)(42 1)(43 1)(44 3)(45 3)(46 4)(47 4)(48 6)(49 2)(50 4)(51 4)(52 4)(53 5)(54 6)(55 3)(56 3)(57 4)(58 5)(59 3)(60 6)(61 4)(62 8)(63 4)(64 8)(65 9)(66 11)(67 11)(68 7)(69 3)(70 5)(71 9)(72 8)(73 4)(74 5)(75 3)(76 1)(77 2)(80 2)(81 1)(82 2)(83 4)(84 1)(86 1)(89 1)(90 3)(96 4)(97 2)(98 1)(99 1)(101 1)(106 1)(108 1)(111 1)(112 1)(115 1)(151 1)
---area label--- : 3
area size : 5
mean x : 89.00
mean y : 249.00
mean E_x^2 : 0.40
mean E_y^2 : 0.80
mean E_xy^2 : 0.40
theta : -0.51
average greyscal : 30.60
average RGB [36.40,24.40,31.80]
(7 1)(10 1)(29 1)(43 1)(64 1)
