NUMBER OF AREAS : 2
---area label--- : 1
area size : 163
mean x : 79.62
mean y : 97.74
mean E_x^2 : 52.59
mean E_y^2 : 26.25
mean E_xy^2 : 33.33
theta : 0.78
average greyscal : 35.46
average RGB [37.93,32.19,37.18]
(1 1)(4 1)(5 1)(6 1)(7 1)(10 2)(11 1)(12 2)(13 4)(15 1)(16 1)(17 1)(19 1)(20 1)(21 1)(22 1)(23 3)(24 7)(25 6)(26 8)(27 4)(28 3)(29 11)(30 7)(31 7)(32 8)(33 11)(34 2)(35 10)(36 2)(37 5)(38 4)(39 2)(40 1)(41 3)(42 4)(43 3)(44 3)(45 2)(46 3)(47 2)(48 1)(51 1)(56 1)(57 1)(59 2)(61 1)(62 1)(63 1)(66 2)(67 1)(73 1)(78 2)(86 1)(88 1)(105 1)(106 1)(108 1)(112 1)
---area label--- : 2
area size : 868
mean x : 209.77
mean y : 189.83
mean E_x^2 : 156.32
mean E_y^2 : 48.04
mean E_xy^2 : 44.52
theta : 0.78
average greyscal : 51.51
average RGB [42.02,52.53,60.88]
(0 2)(2 3)(3 2)(6 2)(7 4)(8 1)(9 2)(10 3)(11 4)(12 4)(13 3)(14 1)(15 1)(16 3)(17 2)(18 3)(19 7)(20 6)(21 5)(22 5)(23 7)(24 8)(25 16)(26 17)(27 17)(28 9)(29 22)(30 21)(31 29)(32 24)(33 16)(34 20)(35 9)(36 9)(37 14)(38 19)(39 10)(40 17)(41 14)(42 9)(43 11)(44 8)(45 8)(46 8)(47 14)(48 9)(49 22)(50 21)(51 7)(52 19)(53 13)(54 15)(55 19)(56 12)(57 12)(58 8)(59 14)(60 11)(61 16)(62 15)(63 7)(64 8)(65 10)(66 7)(67 10)(68 10)(69 15)(70 13)(71 8)(72 4)(73 10)(74 5)(75 4)(76 3)(77 4)(78 2)(79 7)(80 3)(81 6)(82 4)(83 3)(84 2)(85 5)(86 1)(87 2)(88 7)(89 5)(90 3)(91 4)(92 1)(93 3)(94 1)(95 4)(96 2)(97 1)(98 4)(100 2)(101 2)(102 2)(103 1)(105 3)(106 5)(108 1)(110 1)(111 2)(112 1)(113 1)(115 1)(116 1)(117 1)(118 1)(119 4)(123 1)(125 1)(127 1)(129 2)(130 1)(131 1)(132 2)(133 1)(134 1)(138 2)(140 2)(142 1)(154 1)(168 1)(174 1)
