NUMBER OF AREAS : 1
---area label--- : 1
area size : 762
mean x : 214.45
mean y : 172.28
mean E_x^2 : 131.88
mean E_y^2 : 56.76
mean E_xy^2 : 43.31
theta : 0.78
average greyscal : 49.11
average RGB [43.02,47.62,57.66]
(3 1)(4 1)(5 3)(7 2)(8 1)(9 2)(11 2)(12 3)(14 4)(15 2)(16 2)(17 2)(18 3)(19 6)(20 5)(21 7)(22 5)(23 7)(24 10)(25 13)(26 19)(27 15)(28 14)(29 13)(30 11)(31 16)(32 22)(33 9)(34 16)(35 17)(36 15)(37 10)(38 12)(39 15)(40 13)(41 14)(42 19)(43 16)(44 11)(45 20)(46 19)(47 21)(48 11)(49 20)(50 10)(51 16)(52 13)(53 9)(54 12)(55 14)(56 14)(57 9)(58 11)(59 5)(60 13)(61 5)(62 4)(63 8)(64 8)(65 5)(66 9)(67 7)(68 3)(69 7)(70 7)(71 5)(72 4)(73 3)(74 6)(75 10)(76 4)(77 1)(78 5)(79 4)(80 8)(81 4)(82 4)(83 3)(84 1)(85 2)(86 3)(87 1)(88 7)(89 2)(90 4)(91 3)(92 4)(93 1)(94 1)(95 2)(96 2)(97 3)(98 1)(99 2)(101 2)(102 1)(103 2)(104 2)(105 2)(106 3)(108 1)(109 1)(110 1)(113 1)(117 1)(120 1)(121 1)(123 1)(124 1)(131 1)(135 1)(158 1)
