NUMBER OF AREAS : 2
---area label--- : 1
area size : 155
mean x : 82.85
mean y : 97.92
mean E_x^2 : 25.98
mean E_y^2 : 32.77
mean E_xy^2 : 23.19
theta : -0.78
average greyscal : 47.93
average RGB [54.59,42.64,47.62]
(0 2)(1 3)(2 5)(3 3)(4 3)(5 1)(6 4)(8 1)(9 1)(11 2)(12 1)(13 2)(14 1)(15 4)(16 2)(18 3)(19 1)(21 1)(22 2)(23 2)(24 2)(25 2)(27 1)(28 3)(29 1)(30 1)(32 1)(33 3)(34 3)(35 2)(36 2)(37 1)(38 2)(39 2)(40 6)(41 1)(45 1)(46 4)(47 2)(48 1)(49 2)(50 4)(51 3)(52 1)(53 2)(55 2)(56 3)(57 2)(58 2)(59 5)(60 5)(61 2)(62 3)(63 2)(65 1)(67 1)(68 1)(69 2)(70 1)(78 1)(79 1)(80 1)(82 1)(88 1)(91 1)(92 1)(93 1)(96 1)(99 1)(103 1)(105 1)(106 1)(109 1)(113 1)(122 2)(130 1)(131 1)(132 1)(142 1)(145 1)(150 1)(153 1)(156 1)(162 1)
---area label--- : 2
area size : 909
mean x : 214.81
mean y : 203.91
mean E_x^2 : 189.25
mean E_y^2 : 49.35
mean E_xy^2 : 46.33
theta : 0.78
average greyscal : 53.07
average RGB [44.76,52.13,63.34]
(0 3)(1 2)(2 3)(3 2)(4 4)(5 4)(6 5)(8 3)(9 1)(10 1)(11 4)(12 1)(13 2)(14 1)(15 2)(16 2)(17 3)(18 1)(19 6)(20 6)(21 9)(22 10)(23 6)(24 11)(25 19)(26 24)(27 15)(28 12)(29 18)(30 19)(31 16)(32 17)(33 10)(34 12)(35 15)(36 11)(37 10)(38 8)(39 14)(40 16)(41 16)(42 15)(43 6)(44 12)(45 11)(46 9)(47 14)(48 16)(49 8)(50 33)(51 14)(52 11)(53 7)(54 14)(55 19)(56 16)(57 19)(58 19)(59 22)(60 16)(61 6)(62 12)(63 8)(64 16)(65 7)(66 5)(67 7)(68 13)(69 11)(70 8)(71 10)(72 4)(73 5)(74 6)(75 6)(76 5)(77 6)(78 5)(79 8)(80 5)(81 3)(82 9)(83 1)(84 5)(85 5)(86 2)(87 4)(88 4)(89 6)(90 5)(91 2)(92 3)(93 4)(94 1)(95 4)(96 3)(97 3)(98 2)(99 6)(100 4)(101 3)(102 3)(103 8)(104 4)(105 3)(106 3)(108 1)(109 2)(110 1)(111 1)(112 1)(113 2)(114 1)(119 1)(120 1)(124 1)(125 1)(127 1)(131 2)(134 1)(135 1)(141 1)(145 1)(146 2)(148 1)(151 1)(157 1)(158 1)(160 1)(162 2)(165 1)(185 1)
