NUMBER OF AREAS : 1
---area label--- : 1
area size : 575
mean x : 142.35
mean y : 120.90
mean E_x^2 : 147.48
mean E_y^2 : 50.43
mean E_xy^2 : 64.45
theta : 0.78
average greyscal : 52.97
average RGB [44.89,51.61,63.37]
(0 3)(1 1)(2 1)(3 3)(4 6)(5 2)(6 2)(8 4)(9 1)(10 2)(11 2)(12 2)(13 4)(14 1)(15 4)(16 2)(17 2)(18 5)(19 4)(20 6)(21 5)(22 3)(23 9)(24 2)(25 2)(26 8)(27 7)(28 10)(29 9)(30 13)(31 12)(32 12)(33 15)(34 8)(35 8)(36 9)(37 13)(38 7)(39 11)(40 9)(41 10)(42 9)(43 4)(44 5)(45 3)(46 3)(47 7)(48 4)(49 2)(50 5)(51 4)(52 10)(53 12)(54 8)(55 5)(56 7)(57 12)(58 3)(59 5)(60 6)(61 12)(62 9)(63 8)(64 6)(65 12)(66 11)(67 5)(68 2)(69 8)(70 8)(71 10)(72 10)(73 1)(74 5)(75 9)(76 6)(77 5)(78 4)(79 1)(80 6)(81 6)(82 2)(83 2)(84 1)(85 5)(86 3)(87 4)(88 1)(89 3)(90 3)(91 2)(92 3)(94 1)(95 3)(96 4)(98 1)(99 6)(100 2)(101 5)(102 1)(104 1)(106 1)(107 2)(108 2)(109 1)(110 1)(112 2)(114 1)(115 1)(117 1)(123 1)(124 1)(125 1)(127 1)(131 1)(134 1)(141 1)(144 1)(146 1)(155 1)(156 2)(157 1)
