NUMBER OF AREAS : 1
---area label--- : 1
area size : 378
mean x : 106.16
mean y : 126.89
mean E_x^2 : 73.22
mean E_y^2 : 27.60
mean E_xy^2 : 24.76
theta : 0.78
average greyscal : 61.93
average RGB [69.78,56.97,60.17]
(0 2)(2 3)(3 3)(4 2)(7 2)(9 2)(11 2)(12 1)(13 2)(16 1)(17 2)(19 3)(20 2)(21 3)(22 2)(23 3)(25 4)(26 2)(27 3)(28 1)(29 3)(30 4)(31 2)(32 1)(33 2)(34 1)(35 2)(36 5)(37 2)(38 4)(39 4)(40 7)(41 3)(42 6)(43 4)(44 8)(45 5)(46 6)(47 6)(48 11)(49 3)(50 10)(51 7)(52 4)(53 3)(54 5)(55 7)(56 5)(57 2)(58 4)(59 5)(60 4)(61 2)(62 8)(63 6)(64 10)(65 9)(66 7)(67 8)(68 9)(69 4)(70 7)(71 6)(72 6)(73 5)(74 4)(75 9)(76 1)(77 1)(78 4)(79 1)(80 3)(81 3)(82 4)(83 3)(84 2)(85 1)(87 1)(88 4)(89 2)(91 1)(92 1)(96 2)(97 2)(99 2)(100 1)(101 1)(102 2)(103 3)(104 3)(105 2)(108 1)(109 1)(110 1)(112 3)(113 2)(114 1)(116 2)(118 2)(119 5)(120 2)(121 1)(122 3)(123 2)(124 1)(126 1)(127 1)(129 1)(130 1)(134 1)(138 1)(139 1)(142 2)(164 1)(197 1)
