NUMBER OF AREAS : 3
---area label--- : 1
area size : 425
mean x : 106.83
mean y : 162.04
mean E_x^2 : 120.53
mean E_y^2 : 22.81
mean E_xy^2 : 39.02
theta : 0.78
average greyscal : 54.94
average RGB [60.07,50.81,55.00]
(0 6)(1 4)(2 2)(3 5)(4 3)(5 8)(6 2)(7 4)(8 4)(9 2)(10 2)(11 1)(12 2)(13 5)(14 2)(15 2)(16 5)(17 3)(18 2)(19 5)(20 2)(21 4)(22 5)(23 2)(24 3)(25 6)(26 4)(27 10)(28 4)(29 6)(30 5)(31 12)(32 3)(33 18)(34 7)(35 7)(36 4)(37 5)(38 14)(39 12)(40 4)(41 5)(42 1)(43 5)(44 5)(45 5)(46 5)(47 4)(48 5)(49 2)(50 10)(51 6)(52 6)(53 7)(54 2)(55 3)(56 3)(57 2)(58 5)(59 5)(60 4)(61 4)(62 5)(63 7)(64 2)(65 1)(66 1)(67 1)(68 5)(69 2)(70 1)(72 1)(73 1)(76 2)(77 4)(78 2)(79 2)(81 1)(82 1)(83 1)(85 2)(86 3)(87 2)(88 1)(89 2)(92 3)(94 1)(97 1)(99 1)(100 4)(103 3)(104 3)(105 2)(107 2)(108 1)(109 1)(110 1)(111 2)(112 1)(114 2)(116 2)(117 2)(118 1)(119 1)(120 1)(121 1)(124 1)(125 1)(128 1)(129 1)(130 1)(131 1)(132 2)(134 1)(138 1)(140 2)(141 1)(145 1)(146 1)(148 2)(154 1)(155 1)(158 1)(159 1)(160 1)(162 1)(164 1)(167 2)(171 1)(174 1)(176 1)(177 1)(178 1)(179 1)(181 1)(182 1)(185 1)(187 1)(190 1)(191 1)(194 1)
---area label--- : 2
area size : 222
mean x : 145.74
mean y : 161.25
mean E_x^2 : 15.28
mean E_y^2 : 24.25
mean E_xy^2 : -4.81
theta : -0.78
average greyscal : 62.88
average RGB [65.81,60.74,63.14]
(1 1)(7 1)(17 1)(22 1)(24 2)(27 1)(32 2)(34 1)(37 2)(38 3)(39 2)(40 2)(41 3)(42 4)(43 2)(44 2)(45 3)(46 6)(47 4)(48 3)(49 8)(50 3)(51 4)(52 3)(53 2)(54 3)(55 1)(56 3)(57 3)(58 2)(59 5)(60 5)(61 9)(62 6)(63 4)(64 6)(65 5)(66 11)(67 6)(68 10)(69 11)(70 7)(71 12)(72 5)(73 2)(74 4)(75 5)(76 2)(78 2)(79 1)(80 2)(81 1)(83 1)(86 2)(88 1)(90 1)(91 1)(92 1)(94 1)(97 1)(98 1)(99 1)(100 1)(101 1)(102 4)(107 1)(110 1)(112 1)(113 1)(117 1)(142 1)
---area label--- : 3
area size : 5
mean x : 89.00
mean y : 249.00
mean E_x^2 : 0.40
mean E_y^2 : 0.80
mean E_xy^2 : 0.40
theta : -0.51
average greyscal : 39.60
average RGB [45.00,48.00,27.40]
(2 1)(28 1)(43 1)(54 1)(71 1)
