NUMBER OF AREAS : 1
---area label--- : 1
area size : 818
mean x : 232.30
mean y : 191.45
mean E_x^2 : 182.70
mean E_y^2 : 56.07
mean E_xy^2 : 31.77
theta : 0.78
average greyscal : 52.63
average RGB [45.02,51.96,61.97]
(0 1)(4 1)(7 2)(8 1)(12 3)(13 1)(14 4)(15 2)(16 7)(17 3)(18 4)(19 6)(20 3)(21 2)(22 3)(23 6)(24 7)(25 19)(26 6)(27 22)(28 13)(29 16)(30 10)(31 12)(32 27)(33 7)(34 17)(35 11)(36 7)(37 11)(38 15)(39 8)(40 20)(41 7)(42 12)(43 25)(44 12)(45 12)(46 10)(47 19)(48 19)(49 17)(50 18)(51 17)(52 16)(53 22)(54 11)(55 15)(56 13)(57 9)(58 9)(59 19)(60 8)(61 15)(62 9)(63 8)(64 6)(65 10)(66 13)(67 8)(68 10)(69 5)(70 5)(71 5)(72 5)(73 5)(74 7)(75 9)(76 6)(77 3)(78 8)(79 2)(80 2)(82 8)(83 4)(84 6)(85 2)(86 4)(87 3)(88 8)(89 6)(90 7)(91 7)(92 6)(93 2)(94 1)(95 3)(96 4)(97 4)(98 6)(100 2)(101 1)(102 5)(103 1)(104 1)(105 2)(106 1)(109 1)(111 2)(115 1)(118 1)(123 1)(127 1)(131 2)(137 2)(140 1)(144 1)(145 1)(155 1)(168 1)
