NUMBER OF AREAS : 1
---area label--- : 1
area size : 214
mean x : 92.50
mean y : 108.05
mean E_x^2 : 29.43
mean E_y^2 : 35.77
mean E_xy^2 : 25.25
theta : -0.78
average greyscal : 56.66
average RGB [62.41,53.12,55.58]
(0 4)(2 4)(3 4)(4 1)(5 1)(6 3)(7 1)(8 1)(11 1)(14 1)(15 1)(16 1)(17 1)(18 3)(19 2)(20 2)(24 2)(25 2)(26 4)(27 3)(28 2)(32 3)(33 1)(34 3)(35 1)(37 2)(38 2)(39 3)(40 2)(41 2)(42 1)(43 2)(44 5)(45 3)(46 4)(47 4)(48 2)(49 1)(50 2)(51 2)(52 2)(53 2)(54 4)(55 4)(56 3)(57 2)(58 4)(59 2)(60 6)(61 3)(62 8)(63 2)(64 4)(65 4)(66 9)(67 5)(68 4)(69 4)(70 3)(71 6)(72 1)(74 4)(75 1)(76 2)(78 2)(79 1)(80 1)(85 1)(88 1)(90 1)(92 2)(93 1)(94 1)(98 2)(99 1)(100 1)(102 2)(103 2)(109 1)(110 1)(111 2)(113 1)(117 1)(121 1)(123 1)(126 1)(134 1)(138 1)(142 1)(143 1)(144 1)(146 1)(153 1)(161 1)
