NUMBER OF AREAS : 3
---area label--- : 1
area size : 258
mean x : 88.28
mean y : 128.89
mean E_x^2 : 79.72
mean E_y^2 : 27.05
mean E_xy^2 : 40.21
theta : 0.78
average greyscal : 47.21
average RGB [52.45,43.13,47.00]
(0 1)(1 1)(2 2)(5 4)(6 1)(7 1)(8 6)(9 1)(10 4)(11 2)(12 5)(13 4)(14 1)(15 2)(16 3)(17 2)(18 1)(19 3)(20 2)(21 1)(23 7)(24 3)(25 6)(26 1)(27 6)(28 4)(29 4)(30 6)(31 5)(32 7)(33 8)(34 4)(35 3)(36 8)(37 4)(38 5)(39 4)(40 5)(41 4)(42 2)(43 4)(44 3)(45 4)(46 1)(47 3)(48 5)(49 1)(50 8)(51 5)(52 2)(53 2)(54 2)(55 2)(56 1)(57 4)(58 2)(60 2)(61 1)(62 3)(64 2)(65 2)(66 2)(67 1)(68 1)(69 3)(70 2)(72 2)(73 1)(74 2)(77 2)(78 1)(80 1)(82 3)(84 2)(85 2)(89 1)(91 1)(93 1)(94 1)(95 1)(96 2)(101 1)(103 2)(109 1)(110 2)(111 1)(113 1)(116 1)(117 1)(118 1)(121 1)(122 2)(124 3)(129 2)(133 1)(136 1)(147 1)(160 1)(177 1)
---area label--- : 2
area size : 224
mean x : 145.85
mean y : 161.28
mean E_x^2 : 15.54
mean E_y^2 : 24.40
mean E_xy^2 : -4.75
theta : -0.78
average greyscal : 64.19
average RGB [67.14,62.12,64.10]
(4 1)(9 1)(23 1)(24 2)(25 1)(26 1)(34 1)(35 1)(36 1)(38 1)(39 2)(40 2)(41 2)(42 2)(44 3)(45 4)(46 2)(47 3)(48 6)(49 5)(50 5)(51 3)(52 5)(53 7)(54 2)(55 4)(56 5)(57 2)(58 3)(59 2)(60 8)(61 10)(62 6)(63 9)(64 6)(65 4)(66 6)(67 11)(68 11)(69 6)(70 7)(71 5)(72 7)(73 5)(74 4)(75 2)(76 3)(77 3)(79 1)(80 1)(81 1)(82 4)(83 1)(89 1)(90 2)(91 1)(94 2)(95 1)(98 1)(99 1)(101 1)(102 1)(104 1)(106 1)(108 1)(110 1)(111 3)(113 1)(116 3)(147 1)
---area label--- : 3
area size : 5
mean x : 89.00
mean y : 249.00
mean E_x^2 : 0.40
mean E_y^2 : 0.80
mean E_xy^2 : 0.40
theta : -0.51
average greyscal : 44.40
average RGB [40.00,34.40,59.40]
(21 1)(29 1)(30 1)(66 1)(76 1)
