NUMBER OF AREAS : 3
---area label--- : 1
area size : 5
mean x : 75.00
mean y : 60.00
mean E_x^2 : 0.40
mean E_y^2 : 0.80
mean E_xy^2 : 0.40
theta : -0.51
average greyscal : 23.60
average RGB [28.40,19.20,23.60]
(18 1)(22 1)(25 1)(26 1)(27 1)
---area label--- : 2
area size : 18
mean x : 86.67
mean y : 72.67
mean E_x^2 : 4.00
mean E_y^2 : 4.56
mean E_xy^2 : 4.00
theta : -0.78
average greyscal : 21.44
average RGB [20.33,18.00,27.67]
(2 2)(5 1)(6 1)(7 1)(10 1)(12 1)(15 1)(20 1)(24 2)(25 1)(27 1)(36 1)(41 1)(42 1)(43 1)(45 1)
---area label--- : 3
area size : 632
mean x : 156.26
mean y : 131.09
mean E_x^2 : 127.92
mean E_y^2 : 59.16
mean E_xy^2 : 58.46
theta : 0.78
average greyscal : 47.88
average RGB [38.00,49.06,57.53]
(0 7)(1 2)(2 5)(3 8)(4 3)(5 3)(6 1)(7 3)(8 3)(9 3)(10 3)(11 4)(12 4)(13 2)(14 5)(15 7)(16 2)(17 3)(18 2)(19 5)(20 5)(21 5)(22 6)(23 4)(24 10)(25 10)(26 14)(27 12)(28 14)(29 11)(30 9)(31 21)(32 14)(33 9)(34 6)(35 8)(36 6)(37 2)(38 6)(39 14)(40 8)(41 8)(42 9)(43 5)(44 5)(45 8)(46 9)(47 6)(48 9)(49 8)(50 6)(51 9)(52 9)(53 10)(54 12)(55 15)(56 5)(57 5)(58 14)(59 10)(60 9)(61 10)(62 9)(63 6)(64 13)(65 14)(66 6)(67 12)(68 9)(69 1)(70 6)(71 5)(72 2)(73 4)(74 6)(75 3)(76 5)(77 3)(78 4)(79 4)(80 4)(81 4)(82 5)(83 1)(84 7)(85 4)(86 7)(87 4)(88 1)(89 2)(90 1)(91 4)(92 3)(94 3)(95 2)(96 1)(97 1)(100 1)(101 1)(102 1)(103 2)(104 1)(105 1)(106 1)(113 1)(118 1)(137 1)(141 1)(161 1)(165 1)(169 1)(183 1)
