NUMBER OF AREAS : 3
---area label--- : 1
area size : 25
mean x : 150.92
mean y : 170.52
mean E_x^2 : 4.79
mean E_y^2 : 2.33
mean E_xy^2 : 2.68
theta : 0.73
average greyscal : 40.60
average RGB [39.56,37.52,46.24]
(14 1)(16 1)(21 2)(22 1)(23 1)(24 1)(31 1)(32 1)(33 1)(35 1)(40 1)(41 2)(42 3)(44 1)(45 1)(51 2)(56 1)(59 1)(92 1)(97 1)
---area label--- : 2
area size : 396
mean x : 180.96
mean y : 182.67
mean E_x^2 : 79.33
mean E_y^2 : 25.23
mean E_xy^2 : 26.88
theta : 0.78
average greyscal : 51.54
average RGB [47.01,49.75,58.86]
(5 3)(6 1)(7 4)(9 2)(11 1)(13 1)(14 1)(15 2)(18 6)(19 8)(20 3)(21 2)(22 6)(23 5)(24 6)(25 7)(26 6)(27 7)(28 11)(29 9)(30 7)(31 11)(32 11)(33 10)(34 7)(35 5)(36 9)(37 9)(38 5)(39 8)(40 6)(41 4)(42 7)(43 4)(44 7)(45 3)(46 3)(47 5)(48 3)(49 4)(50 6)(51 3)(52 3)(53 7)(55 4)(56 5)(57 2)(58 6)(59 4)(60 5)(61 1)(62 6)(63 3)(64 10)(65 2)(66 7)(67 5)(68 6)(69 2)(70 3)(71 1)(72 2)(73 3)(74 3)(75 4)(76 5)(77 3)(78 3)(79 1)(80 2)(82 3)(83 1)(84 3)(85 1)(86 2)(87 2)(88 6)(91 2)(92 3)(93 2)(94 1)(95 2)(96 1)(99 1)(100 2)(102 1)(103 2)(104 2)(105 3)(106 1)(107 3)(108 1)(110 1)(113 1)(116 2)(118 1)(120 1)(125 1)(128 1)(131 1)(132 1)(133 1)(140 1)(141 1)(142 1)(143 1)
---area label--- : 3
area size : 16
mean x : 152.38
mean y : 182.75
mean E_x^2 : 1.36
mean E_y^2 : 1.81
mean E_xy^2 : 0.91
theta : -0.74
average greyscal : 91.62
average RGB [69.25,102.12,104.44]
(68 2)(73 2)(74 1)(81 1)(82 1)(87 1)(88 1)(91 1)(94 1)(102 1)(105 1)(119 1)(121 1)(140 1)
