NUMBER OF AREAS : 2
---area label--- : 1
area size : 136
mean x : 79.01
mean y : 98.41
mean E_x^2 : 50.41
mean E_y^2 : 25.79
mean E_xy^2 : 33.57
theta : 0.78
average greyscal : 34.99
average RGB [38.22,33.18,34.65]
(0 1)(2 2)(3 1)(5 1)(6 1)(8 2)(9 4)(10 1)(11 3)(13 1)(14 1)(16 1)(17 2)(18 2)(19 2)(20 1)(21 2)(22 3)(24 3)(25 5)(26 4)(27 5)(28 3)(29 4)(30 4)(31 7)(32 6)(33 5)(34 3)(35 6)(36 4)(37 1)(38 3)(39 2)(40 2)(42 1)(43 4)(44 1)(45 2)(46 2)(47 1)(49 1)(50 2)(51 1)(52 2)(53 1)(55 1)(57 2)(58 1)(60 1)(61 1)(64 1)(65 1)(66 1)(67 1)(71 2)(77 2)(78 2)(79 1)(82 1)(96 1)(108 1)
---area label--- : 2
area size : 906
mean x : 212.26
mean y : 193.93
mean E_x^2 : 150.17
mean E_y^2 : 72.59
mean E_xy^2 : 47.32
theta : 0.78
average greyscal : 52.57
average RGB [43.15,51.62,63.98]
(4 1)(5 2)(6 3)(8 3)(9 5)(10 3)(11 5)(12 3)(13 2)(14 1)(16 3)(17 5)(18 3)(19 6)(20 7)(21 13)(22 7)(23 10)(24 14)(25 19)(26 14)(27 23)(28 16)(29 9)(30 18)(31 32)(32 24)(33 19)(34 17)(35 11)(36 9)(37 13)(38 13)(39 7)(40 13)(41 17)(42 15)(43 14)(44 10)(45 5)(46 17)(47 8)(48 15)(49 15)(50 11)(51 15)(52 13)(53 15)(54 13)(55 24)(56 10)(57 14)(58 18)(59 13)(60 13)(61 15)(62 11)(63 8)(64 17)(65 12)(66 5)(67 12)(68 10)(69 11)(70 13)(71 4)(72 12)(73 5)(74 4)(75 7)(76 5)(77 4)(78 4)(79 3)(80 3)(81 6)(82 4)(83 6)(84 3)(85 2)(86 1)(87 6)(88 1)(89 3)(90 1)(91 2)(92 3)(93 3)(95 1)(96 4)(97 3)(98 2)(99 1)(100 2)(101 6)(102 2)(103 5)(104 2)(105 3)(106 3)(108 3)(109 1)(110 1)(111 1)(112 1)(114 1)(117 2)(120 1)(121 1)(123 2)(134 1)(142 1)(143 1)(147 1)(152 1)(153 2)(157 1)(161 1)(163 1)(166 1)(167 1)(168 1)(169 1)(173 1)(174 2)(178 1)(179 2)(182 1)(192 1)(197 1)(199 1)
