NUMBER OF AREAS : 1
---area label--- : 1
area size : 655
mean x : 168.06
mean y : 168.89
mean E_x^2 : 170.12
mean E_y^2 : 75.73
mean E_xy^2 : 68.84
theta : 0.78
average greyscal : 54.68
average RGB [47.73,53.91,63.29]
(2 1)(3 4)(4 1)(6 2)(8 1)(9 2)(10 2)(11 2)(12 2)(13 4)(14 3)(15 3)(16 5)(17 2)(18 2)(19 2)(20 4)(21 4)(22 6)(23 5)(24 6)(25 9)(26 8)(27 12)(28 9)(29 9)(30 21)(31 19)(32 17)(33 12)(34 11)(35 14)(36 6)(37 12)(38 12)(39 13)(40 18)(41 8)(42 8)(43 7)(44 10)(45 10)(46 6)(47 8)(48 5)(49 5)(50 5)(51 2)(52 6)(53 6)(54 8)(55 6)(56 5)(57 5)(58 9)(59 3)(60 6)(61 5)(62 4)(63 6)(64 8)(65 10)(66 11)(67 9)(68 3)(69 8)(70 9)(71 6)(72 5)(73 10)(74 6)(75 9)(76 5)(77 6)(78 4)(79 8)(80 7)(81 6)(82 10)(83 7)(84 8)(85 4)(86 2)(87 7)(88 1)(89 4)(90 4)(91 1)(92 5)(93 8)(94 4)(95 2)(96 3)(97 2)(98 3)(99 1)(100 4)(101 1)(102 2)(103 2)(104 1)(105 1)(106 2)(108 1)(110 2)(112 3)(113 2)(114 1)(116 3)(117 2)(119 1)(120 2)(123 1)(125 1)(128 1)(136 1)(137 1)(143 3)(145 1)(152 1)(155 1)
