NUMBER OF AREAS : 1
---area label--- : 1
area size : 570
mean x : 128.78
mean y : 154.66
mean E_x^2 : 265.40
mean E_y^2 : 48.81
mean E_xy^2 : 93.20
theta : 0.78
average greyscal : 56.32
average RGB [61.77,52.24,55.87]
(0 5)(2 2)(3 4)(4 5)(5 2)(6 4)(8 2)(9 3)(11 3)(12 2)(13 2)(14 2)(15 2)(16 4)(17 4)(18 1)(19 4)(20 3)(21 6)(22 4)(23 3)(24 6)(25 4)(26 6)(27 4)(28 8)(29 8)(30 7)(31 5)(32 11)(33 9)(34 13)(35 6)(36 8)(37 8)(38 9)(39 6)(40 8)(41 11)(42 9)(43 5)(44 6)(45 9)(46 8)(47 7)(48 5)(49 5)(50 5)(51 5)(52 7)(53 6)(54 9)(55 12)(56 4)(57 4)(58 10)(59 6)(60 7)(61 11)(62 8)(63 6)(64 6)(65 10)(66 18)(67 12)(68 11)(69 4)(70 10)(71 5)(72 8)(73 4)(74 5)(75 3)(76 6)(77 7)(79 2)(80 2)(81 3)(82 3)(83 5)(84 2)(85 1)(86 2)(87 2)(88 2)(89 2)(90 1)(91 1)(92 4)(93 2)(95 2)(96 8)(98 1)(99 1)(100 1)(102 4)(105 3)(106 3)(107 3)(109 6)(110 2)(111 3)(112 2)(113 2)(115 1)(116 1)(117 2)(120 2)(123 1)(124 1)(125 3)(129 1)(133 1)(135 3)(136 1)(138 1)(145 1)(147 1)(149 1)(152 1)(156 1)(158 1)(160 1)(162 1)(166 1)(182 1)
