NUMBER OF AREAS : 4
---area label--- : 1
area size : 8
mean x : 76.00
mean y : 90.50
mean E_x^2 : 0.50
mean E_y^2 : 1.25
mean E_xy^2 : 0.50
theta : -0.52
average greyscal : 50.00
average RGB [62.25,42.75,46.25]
(37 1)(41 1)(47 2)(53 1)(54 1)(60 1)(61 1)
---area label--- : 2
area size : 10
mean x : 81.70
mean y : 92.00
mean E_x^2 : 0.81
mean E_y^2 : 2.00
mean E_xy^2 : 1.00
theta : -0.61
average greyscal : 51.50
average RGB [56.90,47.90,51.30]
(17 1)(43 1)(45 1)(52 1)(54 1)(58 2)(61 1)(62 1)(65 1)
---area label--- : 3
area size : 90
mean x : 85.58
mean y : 102.81
mean E_x^2 : 16.58
mean E_y^2 : 6.13
mean E_xy^2 : 6.49
theta : 0.76
average greyscal : 36.44
average RGB [36.21,33.82,40.52]
(0 2)(2 2)(4 1)(5 2)(6 1)(7 1)(8 1)(9 1)(10 1)(11 2)(12 3)(13 1)(14 1)(15 1)(17 2)(19 2)(20 1)(21 1)(22 1)(23 1)(24 2)(25 4)(26 4)(27 4)(28 2)(29 1)(30 2)(32 5)(34 2)(35 2)(37 1)(38 1)(39 1)(40 2)(41 1)(42 1)(45 3)(46 1)(48 1)(50 2)(52 1)(53 1)(55 1)(57 1)(59 2)(61 1)(64 1)(66 1)(79 1)(80 1)(81 1)(82 1)(86 1)(92 1)(93 1)(101 1)(109 1)(110 1)(116 1)
---area label--- : 4
area size : 894
mean x : 214.52
mean y : 201.44
mean E_x^2 : 164.65
mean E_y^2 : 64.01
mean E_xy^2 : 44.16
theta : 0.78
average greyscal : 49.40
average RGB [39.10,49.50,60.68]
(0 2)(1 1)(2 2)(3 1)(4 6)(5 2)(6 2)(7 3)(8 2)(10 5)(11 5)(12 6)(13 4)(14 3)(15 3)(16 2)(17 3)(18 6)(19 8)(20 9)(21 7)(22 9)(23 7)(24 8)(25 16)(26 13)(27 20)(28 21)(29 22)(30 17)(31 22)(32 21)(33 11)(34 11)(35 14)(36 7)(37 14)(38 14)(39 14)(40 18)(41 8)(42 13)(43 7)(44 11)(45 14)(46 11)(47 14)(48 20)(49 14)(50 12)(51 14)(52 21)(53 18)(54 20)(55 25)(56 24)(57 17)(58 19)(59 13)(60 10)(61 15)(62 10)(63 8)(64 13)(65 9)(66 6)(67 6)(68 5)(69 5)(70 12)(71 2)(72 8)(73 5)(74 4)(75 9)(76 7)(77 4)(78 5)(79 5)(80 4)(81 4)(82 7)(83 4)(84 3)(85 2)(86 3)(87 1)(88 4)(91 2)(92 2)(94 4)(96 5)(97 5)(99 1)(100 2)(101 3)(104 1)(105 2)(106 2)(108 4)(109 1)(110 2)(111 1)(112 3)(115 3)(116 1)(117 1)(122 1)(126 3)(129 1)(145 2)(150 1)(168 2)(169 2)(189 1)
