NUMBER OF AREAS : 2
---area label--- : 1
area size : 33
mean x : 86.15
mean y : 76.79
mean E_x^2 : 3.52
mean E_y^2 : 2.89
mean E_xy^2 : 1.76
theta : 0.77
average greyscal : 25.39
average RGB [24.33,25.88,26.97]
(1 1)(8 1)(9 2)(15 2)(16 2)(19 2)(20 2)(22 1)(23 3)(24 1)(25 2)(26 1)(27 2)(29 4)(32 2)(40 1)(41 1)(52 1)(54 1)(59 1)
---area label--- : 2
area size : 352
mean x : 279.28
mean y : 277.24
mean E_x^2 : 75.84
mean E_y^2 : 20.03
mean E_xy^2 : -23.40
theta : 0.78
average greyscal : 39.31
average RGB [27.59,40.70,50.73]
(17 1)(18 3)(19 3)(20 5)(21 3)(22 3)(23 13)(24 11)(25 12)(26 15)(27 11)(28 5)(29 10)(30 11)(31 7)(32 8)(33 13)(34 8)(35 9)(36 5)(37 1)(38 7)(39 13)(40 12)(41 9)(42 8)(43 7)(44 8)(45 10)(46 11)(47 7)(48 14)(49 15)(50 4)(51 12)(52 7)(53 10)(54 4)(55 8)(56 4)(57 1)(58 3)(60 2)(61 6)(62 1)(63 2)(64 3)(66 1)(67 1)(68 3)(70 1)(72 1)
